100  4568.24  1
120  5603.44  0.96
140  6519.86  0.98
160  7623.46  0.98
180  8578.62  0.9
200  10367.7  0.98
220  10638  0.94
240  11475.2  0.94
260  12033.8  0.9
280  12229.2  0.86
300  12504.5  0.84
320  13024.7  0.82
340  13508.5  0.78
360  13252  0.74
380  15471.2  0.82
400  16833.9  0.86
420  14523.3  0.7
440  16749.2  0.78
460  16806  0.74
480  18731.9  0.8
500  18459.2  0.76
520  20727.3  0.78
540  18518.6  0.68
560  21681.6  0.76
580  18917.8  0.64
600  21215.5  0.7
620  20048.9  0.64
640  22456.1  0.7
660  20335.1  0.62
680  20917.7  0.62
700  23608.2  0.68
720  22721.5  0.64
740  20374.6  0.56
760  23372.1  0.62
780  19771.8  0.52
800  22424.2  0.56
820  22128.7  0.54
840  22664.4  0.54
860  21724  0.5
880  25818.5  0.58
900  23432.6  0.52
920  24790.8  0.54
940  21864.1  0.48
960  23255.3  0.5
980  19766.2  0.4
1000  25185.8  0.5
1020  21603.2  0.42
1040  17055.2  0.34
1060  23918.3  0.46
1080  20706.9  0.4
1100  23906.8  0.44
1120  23425.9  0.42
1140  20220.9  0.36
1160  24154.5  0.42
1180  19840.4  0.34
1200  27678  0.46
1220  22403  0.38
1240  26190.4  0.42
1260  31815.6  0.5
1280  28190  0.44
1300  26036.4  0.4
1320  30241.5  0.46
1340  34834.7  0.52
1360  32459.2  0.48
1380  20356.6  0.3
1400  23397.9  0.34
1420  29464.8  0.42
1440  25477.2  0.36
1460  23920.7  0.34
1480  29306.3  0.4
1500  32502  0.44
1520  31769.3  0.42
1540  27397.1  0.36
1560  29962.6  0.4
1580  20305.9  0.26
1600  20477.3  0.26
1620  35097.5  0.44
1640  34094.1  0.42
1660  36394.3  0.44
1680  36552.4  0.44
1700  31964.7  0.38
1720  35601.3  0.42
1740  28896.5  0.34
1760  34587.3  0.4
1780  35172.1  0.4
1800  28140.5  0.32
1820  26855.3  0.3
1840  33244.4  0.38
1860  17837.9  0.2
1880  29251.6  0.32
1900  29906.6  0.32
1920  20732  0.22
1940  28402.5  0.3
1960  24752.7  0.26
1980  38838.1  0.4
2000  37291.4  0.38
2020  23321.5  0.24
2040  35756.2  0.36
2060  33736.4  0.34
2080  32368.9  0.32
2100  35060  0.34
2120  36524  0.36
2140  26781.1  0.26
2160  40786.8  0.38
2180  21348.3  0.2
2200  40762.6  0.38
2220  23430.8  0.22
2240  42017  0.38
2260  28415.3  0.26
2280  30894.4  0.28
2300  42743.1  0.38
2320  36171  0.32
2340  20798.3  0.18
2360  30714.8  0.26
2380  41173.4  0.36
2400  39881.1  0.34
2420  25386  0.22
2440  37621.6  0.32
2460  32972.6  0.28
2480  37018.1  0.3
2500  33999  0.28
2520  24976.4  0.2
2540  30235.2  0.24
2560  32509.4  0.26
2580  38994.2  0.3
2600  37646.3  0.3
2620  33224.5  0.26
2640  34983.4  0.28
2660  28204  0.22
2680  41863.6  0.32
2700  26374.9  0.2
2720  35112.3  0.26
2740  47930.1  0.36
2760  37240.1  0.28
2780  29970.1  0.22
2800  45968.8  0.34
2820  37597.8  0.28
2840  31065.3  0.22
2860  34652.1  0.26
2880  38728.7  0.28
2900  47742.1  0.34
2920  28023.9  0.2
2940  42298.9  0.3
2960  34237.5  0.24
2980  33783.6  0.24
3000  46497  0.32
3020  25719.6  0.18
3040  43947.6  0.3
3060  42558.5  0.28
3080  12860.7  0.1
3100  41189.7  0.28
3120  46677.2  0.3
3140  28115.9  0.18
3160  27325  0.18
3180  53385  0.34
3200  41499.1  0.26
3220  50340.9  0.32
3240  37554.1  0.24
3260  42287.9  0.26
3280  40663.8  0.26
3300  44496.4  0.28
3320  29588.2  0.18
3340  48000.2  0.3
3360  54852.7  0.34
3380  42026.5  0.26
3400  35592.5  0.22
3420  44422.5  0.26
3440  35795.3  0.22
3460  25273.3  0.16
3480  37066.2  0.22
3500  36517  0.22
3520  42752.9  0.26
3540  33188.5  0.2
3560  36787.1  0.22
3580  40930.4  0.24
3600  8772.11  0.06
3620  34304.1  0.2
3640  34054.4  0.2
3660  49437  0.28
3680  39606.1  0.22
3700  41341.7  0.24
3720  46172.9  0.26
3740  33021.6  0.18
3760  35031  0.2
3780  46345.3  0.26
3800  49187.4  0.26
3820  27950.6  0.16
3840  13062.5  0.08
3860  39656.6  0.22
3880  52630.3  0.28
3900  48100.8  0.26
3920  44939.7  0.24
3940  38940.9  0.2
3960  42361  0.22
3980  41798.1  0.22
4000  41689  0.22
4020  33843.3  0.18
4040  32239.9  0.16
4060  46357.5  0.24
4080  26020.8  0.14
4100  41557.4  0.22
4120  42254.1  0.22
4140  41608.9  0.22
4160  32005.3  0.16
4180  34835.4  0.18
4200  43851.1  0.22
4220  38757.6  0.2
4240  21321.1  0.1
4260  61046.2  0.3
4280  48878.9  0.24
4300  47648.5  0.24
4320  36983.3  0.18
4340  48995.8  0.24
4360  45125.3  0.22
4380  45254.3  0.22
4400  32450  0.16
4420  33332.5  0.16
4440  48739.8  0.22
4460  37040.4  0.18
4480  50655.5  0.24
4500  41928.2  0.2
4520  27920.1  0.14
4540  43066.8  0.2
4560  33552.1  0.16
4580  44213.5  0.2
4600  28299.8  0.14
4620  20610.9  0.1
4640  9199.36  0.04
4660  32673.2  0.14
4680  56635.7  0.26
4700  13909.6  0.06
4720  9249.97  0.04
4740  52633.6  0.24
4760  38756  0.18
4780  54875.8  0.24
4800  39865.2  0.18
4820  40017.5  0.18
4840  25757  0.12
4860  20849.5  0.1
4880  35243.2  0.16
4900  36052.8  0.16
4920  50058.9  0.22
4940  9388.87  0.04
4960  46461.1  0.2
4980  41597.8  0.18
5000  42059.8  0.18
5020  46365.2  0.2
5040  36772.5  0.16
5060  26831.2  0.12
5080  33355.1  0.14
5100  32093.5  0.14
5120  41152.2  0.18
5140  35963.2  0.14
5160  46600.2  0.18
5180  38884.4  0.16
5200  31946.8  0.14
5220  38218.2  0.16
5240  31489.3  0.12
5260  47205.7  0.18
5280  9602.08  0.04
5300  39195.4  0.16
5320  33705.5  0.14
5340  34662.8  0.14
5360  28345.5  0.12
5380  15034.2  0.06
5400  28331.7  0.12
5420  36222.1  0.14
5440  54128  0.2
5460  44365.2  0.18
5480  45880.2  0.18
5500  52084.6  0.2
5520  40967.2  0.16
5540  25208.8  0.1
5560  29237.7  0.12
5580  40666.6  0.16
5600  29750.9  0.12
5620  46721.8  0.18
5640  59518.3  0.22
5660  41415.2  0.16
5680  35536.7  0.14
5700  51221.1  0.18
5720  25726.6  0.1
5740  40858.5  0.16
5760  57956.8  0.22
5780  64946.2  0.24
5800  31898.6  0.12
5820  41484.7  0.16
5840  30138.7  0.12
5860  41500.5  0.16
5880  35240.7  0.14
5900  47723.6  0.18
5920  32164.5  0.12
5940  31202.3  0.12
5960  42412.3  0.16
5980  30577  0.12
6000  30718.5  0.12
6020  56309.7  0.2
6040  44841.8  0.16
6060  36773.1  0.14
6080  31908.8  0.12
6100  38124.7  0.14
6120  25980.4  0.1
6140  38678.8  0.14
6160  37562.8  0.14
6180  55338.9  0.18
6200  19285  0.08
6220  28272.3  0.1
6240  68205.8  0.22
6260  32008.1  0.12
6280  43598.3  0.14
6300  45924.4  0.16
6320  64618.4  0.22
6340  38099.3  0.12
6360  34166.7  0.12
6380  34792.9  0.12
6400  69057.8  0.22
6420  27596.2  0.1
6440  50060.3  0.16
6460  46178.1  0.16
6480  57013  0.18
6500  42133  0.14
6520  23269  0.08
6540  29282.6  0.1
6560  79934.7  0.26
6580  32632.4  0.1
6600  38933.2  0.12
6620  29610.1  0.1
6640  29608  0.1
6660  36354.5  0.12
6680  51477.8  0.16
6700  42305.1  0.14
6720  40053.4  0.12
6740  57002.4  0.18
6760  39892.7  0.12
6780  46862.3  0.14
6800  30278.8  0.1
6820  40717.1  0.12
6840  35205.6  0.12
6860  37225.1  0.12
6880  40457.2  0.12
6900  28456.7  0.1
6920  43696.2  0.14
6940  26787.9  0.08
6960  51921.4  0.16
6980  51513  0.16
7000  53406.6  0.16
7020  25718  0.08
7040  36042.7  0.12
7060  37639.8  0.12
7080  48901.2  0.14
7100  28802.6  0.1
7120  57489.2  0.18
7140  24421.5  0.08
7160  49111.8  0.14
7180  27956.6  0.08
7200  27068.7  0.08
7220  37378.9  0.12
7240  51568.2  0.16
7260  36623.5  0.12
7280  36115.5  0.1
7300  86290.2  0.24
7320  39568.2  0.12
7340  27427.4  0.08
7360  45709.7  0.14
7380  42045.5  0.12
7400  20861.3  0.06
7420  27712.6  0.08
7440  42368.8  0.12
7460  28472.9  0.08
7480  30499.9  0.1
7500  23962.7  0.08
7520  21858.1  0.06
7540  33297.8  0.1
7560  51676.5  0.14
7580  28779.5  0.08
7600  37190.3  0.1
7620  41157  0.12
7640  35701.3  0.1
7660  36463.8  0.1
7680  55412.6  0.16
7700  43642.5  0.12
7720  31086.9  0.1
7740  21394.6  0.06
7760  17829.2  0.06
7780  31762.3  0.1
7800  24476.1  0.08
7820  29105.3  0.08
7840  26546.4  0.08
7860  53092.9  0.14
7880  24623.8  0.08
7900  37063.2  0.1
7920  21811.1  0.06
7940  56026  0.16
7960  32234.8  0.1
7980  49477  0.14
8000  32410.9  0.1
8020  33075.1  0.1
8040  39620.2  0.1
8060  49395.2  0.14
8080  33070.7  0.1
8100  58242.2  0.16
8120  53403.7  0.14
8140  40654.5  0.12
8160  27389.8  0.08
8180  52940  0.14
8200  49132.3  0.12
8220  41069.3  0.1
8240  53618.5  0.14
8260  42371  0.12
8280  41536.4  0.1
8300  49873.6  0.12
8320  42272.7  0.12
8340  24944.1  0.06
8360  16277.1  0.04
8380  42798.9  0.12
8400  33587.8  0.1
8420  42320.4  0.12
8440  51900.4  0.14
8460  67935.2  0.18
8480  35792.6  0.1
8500  25369  0.06
8520  35636.1  0.1
8540  25417.4  0.06
8560  17053.6  0.04
8580  11680.1  0.04
8600  33865.9  0.08
8620  17113.5  0.04
8640  42465.8  0.1
8660  20300.6  0.06
8680  33204.5  0.08
8700  36337.4  0.1
8720  31177.6  0.08
8740  27067.6  0.08
8760  54104.2  0.14
8780  37875.7  0.1
8800  25799  0.06
8820  25969.9  0.06
8840  25987  0.06
8860  44160.3  0.12
8880  34734.6  0.08
8900  21614.7  0.06
8920  27233.9  0.08
8940  33088.9  0.08
8960  23164.7  0.06
8980  63387.8  0.16
9000  38801.6  0.1
9020  39817.2  0.1
9040  54260.5  0.12
9060  16046.8  0.04
9080  36429.2  0.08
9100  12008.7  0.04
9120  25489.7  0.06
9140  31968.7  0.08
9160  36600.5  0.08
9180  18836.9  0.06
9200  37205.8  0.1
9220  26233.1  0.06
9240  46086.4  0.12
9260  47514.8  0.12
9280  15935.6  0.04
9300  15936.9  0.04
9320  27108.5  0.06
9340  18680.3  0.04
9360  56218.7  0.12
9380  46879.3  0.1
9400  28156.9  0.06
9420  48777.9  0.12
9440  28261.1  0.06
9460  18810.1  0.04
9480  28221  0.06
9500  12260.1  0.04
9520  18869.9  0.04
9540  15970.2  0.04
9560  37980.3  0.08
9580  31205.1  0.08
9600  38318.1  0.08
9620  40195  0.1
9640  31508.4  0.08
9660  25575.1  0.06
9680  16384.2  0.04
9700  28801.3  0.06
9720  34933.4  0.08
9740  19090.5  0.04
9760  19111  0.04
9780  17920.4  0.04
9800  25627.3  0.06
9820  30534.8  0.08
9840  38842.3  0.08
9860  29040.4  0.06
9880  39027.8  0.08
9900  17906.2  0.04
9920  32845  0.08
9940  19290.5  0.04
9960  39277.5  0.08
9980  39228.9  0.08
10000  50829.2  0.12
10020  19370.9  0.04
10040  53542.7  0.12
10060  62815.2  0.14
10080  29524.9  0.06
10100  19451.2  0.04
10120  39690.8  0.08
10140  39722  0.08
10160  19511.1  0.04
10180  12689.3  0.04
10200  39793  0.08
10220  42451.6  0.1
10240  52944.3  0.12
10260  39594.4  0.08
10280  49121.7  0.1
10300  29950.6  0.06
10320  40181.9  0.08
10340  31722.2  0.08
10360  16956  0.04
10380  27299.5  0.06
10400  30137.8  0.06
10420  40445.8  0.08
10440  46118.2  0.1
10460  34422.6  0.08
10480  37130  0.08
10500  30377.5  0.06
10520  52390.1  0.1
10540  45160.1  0.1
10560  17088.5  0.04
10580  30132.6  0.06
10600  45003.1  0.1
10620  19970.9  0.04
10640  13721.8  0.04
10660  16231.3  0.04
10680  27636.5  0.06
10700  45834.2  0.1
10720  21998.8  0.06
10740  26733.1  0.06
10760  35444.7  0.08
10780  44680.3  0.1
10800  22160.5  0.06
10820  24559.1  0.06
10840  13921.8  0.04
10860  24767.7  0.06
10880  13961.1  0.04
10900  55747.8  0.12
10920  14000.4  0.04
10940  46878.7  0.1
10960  24860.1  0.06
10980  16163  0.04
11000  24933.1  0.06
11020  25236.6  0.06
11040  25034.1  0.06
11060  56952.2  0.12
11080  58335.5  0.12
11100  28048.7  0.06
11120  16282.9  0.04
11140  58969.2  0.12
11160  72134  0.14
11180  23040.4  0.06
11200  35180.3  0.08
11220  20501.6  0.04
11240  17200.8  0.04
11260  19673.7  0.04
11280  24133  0.06
11300  30918  0.06
11320  32285.4  0.06
11340  14265.2  0.04
11360  70686.8  0.14
11380  72938.4  0.14
11400  35436.7  0.08
11420  58683  0.12
11440  60009  0.12
11460  34387.1  0.06
11480  16526.1  0.04
11500  27905.4  0.06
11520  62322.7  0.12
11540  16236.1  0.04
11560  58693.7  0.12
11580  63239.9  0.12
11600  52519.9  0.1
11620  70881.8  0.14
11640  47660.1  0.1
11660  48306  0.1
11680  36360.9  0.08
11700  17177.6  0.04
11720  52856.4  0.1
11740  70596.4  0.14
11760  36925.7  0.08
11780  16956  0.04
11800  64182.1  0.12
11820  36624  0.08
11840  16274.6  0.04
11860  27889.2  0.06
11880  47917.5  0.1
11900  23635.8  0.04
11920  26738.1  0.06
11940  17630.2  0.04
11960  52998  0.1
11980  13821.4  0.04
12000  28266.7  0.06
12020  49610.5  0.1
12040  16567  0.04
12060  37452.6  0.08
12080  35515.1  0.06
12100  49967.8  0.1
12120  37359.2  0.08
12140  16576.5  0.04
12160  13935.6  0.04
12180  35224.4  0.06
12200  47152.1  0.08
12220  26014.2  0.06
12240  23471.1  0.04
12260  78776.2  0.14
12280  17054.1  0.04
12300  19836.5  0.04
12320  50640.3  0.1
12340  50243.8  0.1
12360  50979.4  0.1
12380  29815.9  0.06
12400  38434.5  0.08
12420  38548.3  0.08
12440  24654.9  0.04
12460  26097.4  0.06
12480  26117.9  0.06
12500  38578.3  0.08
12520  52717.9  0.1
12540  40090.1  0.08
12560  51709.2  0.1
12580  14198.8  0.04
12600  38803.8  0.08
12620  26402.7  0.06
12640  26441.9  0.06
12660  65003.2  0.12
12680  52319.2  0.1
12700  22335  0.04
12720  39735.1  0.08
12740  52530.5  0.1
12760  13973.8  0.04
12780  28452.2  0.06
12800  21537.5  0.04
12820  40553.2  0.08
12840  31391.6  0.06
12860  39999.5  0.08
12880  41180.1  0.08
12900  22314.3  0.04
12920  44231  0.08
12940  16492.9  0.04
12960  29205.4  0.06
12980  27037.2  0.06
13000  40600.3  0.08
13020  40783.8  0.08
13040  27532.2  0.06
13060  18808.1  0.04
13080  26035.8  0.04
13100  14672.4  0.04
13120  27797.7  0.06
13140  28204.4  0.06
13160  41043  0.08
13180  29708.4  0.06
13200  34417.8  0.06
13220  14792.1  0.04
13240  14810.9  0.04
13260  14831.4  0.04
13280  28195  0.06
13300  28287.3  0.06
13320  41610.6  0.08
13340  21526.7  0.04
13360  49171.8  0.08
13380  55338.1  0.1
13400  28480.2  0.06
13420  28330.9  0.06
13440  16487.1  0.04
13460  28540.1  0.06
13480  15051.9  0.04
13500  16683.6  0.04
13520  20744.1  0.04
13540  33907.2  0.06
13560  41368.5  0.08
13580  16507.2  0.04
13600  15171.6  0.04
13620  16571.3  0.04
13640  27954.1  0.06
13660  15376.7  0.04
13680  28905.8  0.06
13700  44146  0.08
13720  29096.8  0.06
13740  18946.6  0.04
13760  15332.3  0.04
13780  29156.7  0.06
13800  15371.6  0.04
13820  28320.1  0.06
13840  17374.9  0.04
13860  20361.9  0.04
13880  17369.4  0.04
13900  16716.7  0.04
13920  15491.3  0.04
13940  42971.9  0.08
13960  45737.2  0.08
13980  43521.9  0.08
14000  20684.8  0.04
14020  32218.3  0.06
14040  31047.8  0.06
14060  16727.8  0.04
14080  15652  0.04
14100  29002.4  0.06
14120  31196.3  0.06
14140  31368.8  0.06
14160  46898.2  0.08
14180  29842.3  0.06
14200  29083.4  0.06
14220  20570.4  0.04
14240  31365.6  0.06
14260  44055.4  0.08
14280  18609.9  0.04
14300  16193  0.04
14320  30866.9  0.06
14340  16654.3  0.04
14360  15117.1  0.04
14380  29530  0.06
14400  29546.2  0.06
14420  29560.8  0.06
14440  32449.4  0.06
14460  29615.7  0.06
14480  30115.1  0.06
14500  32398.6  0.06
14520  20027.8  0.04
14540  17280.7  0.04
14560  29701  0.06
14580  16272.3  0.04
14600  44570.3  0.08
14620  35304.3  0.06
14640  59091.7  0.1
14660  15855.9  0.04
14680  17259.9  0.04
14700  15534  0.04
14720  53285.5  0.08
14740  31453.4  0.06
14760  17047.6  0.04
14780  43091.9  0.06
14800  30384.5  0.06
14820  30405  0.06
14840  55040  0.08
14860  15543.1  0.04
14880  30540.6  0.06
14900  15582.4  0.04
14920  21709.1  0.04
14940  30704.5  0.06
14960  49979.2  0.08
14980  53467.3  0.08
