100  4514.72  1
120  5142.6  0.96
140  6679.53  0.9
160  7771.61  0.92
180  8113.6  0.88
200  9350.12  0.92
220  10079.2  0.88
240  10483.5  0.86
260  11142.8  0.84
280  11645.8  0.82
300  11733.5  0.78
320  12902.8  0.8
340  13731.3  0.8
360  14520.2  0.82
380  14361.3  0.76
400  16102.1  0.82
420  16133.2  0.76
440  18269.6  0.82
460  19351.4  0.84
480  18407.2  0.76
500  18590.1  0.74
520  21853.9  0.84
540  17687.4  0.66
560  17614.6  0.64
580  19943.7  0.7
600  17713.1  0.6
620  17674.2  0.58
640  19138.4  0.6
660  20471.2  0.64
680  21653.9  0.64
700  18417.4  0.52
720  24243.4  0.66
740  22280.4  0.6
760  24195.2  0.64
780  26952.6  0.7
800  21344.6  0.54
820  20538.8  0.5
840  27834.5  0.68
860  25416  0.6
880  25264.3  0.58
900  23506.2  0.54
920  21972.8  0.48
940  27211.9  0.6
960  26765.8  0.58
980  29410.3  0.6
1000  25392.9  0.52
1020  22623.5  0.44
1040  26076.5  0.52
1060  25509.7  0.5
1080  29449.5  0.56
1100  34286.9  0.62
1120  26059.1  0.48
1140  19592.3  0.34
1160  24461.4  0.42
1180  27154.3  0.46
1200  23810.2  0.4
1220  26690.4  0.44
1240  31088.9  0.5
1260  31865.7  0.52
1280  31777.9  0.5
1300  27152.8  0.42
1320  32725.5  0.5
1340  27692.6  0.42
1360  28130.8  0.42
1380  30025.6  0.44
1400  26285.7  0.38
1420  33669.9  0.48
1440  28444.6  0.4
1460  31624.9  0.44
1480  21696.7  0.3
1500  28000.3  0.38
1520  27154.8  0.36
1540  34199  0.44
1560  31075.5  0.4
1580  29680.4  0.38
1600  31696  0.4
1620  30210.8  0.38
1640  21033.7  0.26
1660  32732.2  0.4
1680  41531.8  0.5
1700  36616.3  0.44
1720  23384.7  0.28
1740  37504.7  0.44
1760  34276.4  0.4
1780  29435.3  0.34
1800  33689.9  0.38
1820  24700.2  0.28
1840  30276.9  0.34
1860  32526.6  0.36
1880  36839.6  0.4
1900  35367  0.38
1920  37818.6  0.4
1940  34136.7  0.36
1960  30591.5  0.32
1980  34928.5  0.36
2000  27274.1  0.28
2020  28503.9  0.28
2040  28552.3  0.28
2060  30582.2  0.3
2080  26077.9  0.26
2100  28519.6  0.28
2120  26578.9  0.26
2140  39439.3  0.38
2160  35638.2  0.34
2180  33430.8  0.32
2200  27706.1  0.26
2220  29206.1  0.28
2240  25759.2  0.24
2260  32844.2  0.3
2280  26051.6  0.24
2300  39876.9  0.36
2320  31937.8  0.28
2340  38353.1  0.34
2360  39051.4  0.34
2380  41597.7  0.36
2400  25370.3  0.22
2420  47459.4  0.4
2440  33348.1  0.28
2460  25718.1  0.22
2480  30041.9  0.26
2500  33821.2  0.28
2520  28795.4  0.24
2540  48969.4  0.4
2560  44351.9  0.36
2580  41091.8  0.32
2600  41728.5  0.32
2620  52833.5  0.4
2640  30019.8  0.24
2660  38443.8  0.3
2680  17035.7  0.14
2700  47028.4  0.36
2720  49051.8  0.36
2740  28519.5  0.22
2760  49380.2  0.36
2780  48284.9  0.36
2800  38590.7  0.28
2820  29603.7  0.22
2840  38022.2  0.28
2860  26928.4  0.2
2880  14515.5  0.12
2900  56422.5  0.4
2920  38202.2  0.26
2940  39379.7  0.28
2960  45360.8  0.32
2980  34035.8  0.24
3000  29262.7  0.2
3020  30157.9  0.2
3040  30222.1  0.2
3060  28552.5  0.2
3080  50247.5  0.34
3100  29003.9  0.2
3120  46732.6  0.3
3140  31260.6  0.2
3160  48508.1  0.32
3180  39348.3  0.26
3200  46107.7  0.3
3220  48553.5  0.3
3240  42293.6  0.26
3260  27357.5  0.18
3280  40662.2  0.26
3300  23052.9  0.14
3320  29590.9  0.18
3340  45903.7  0.28
3360  38184.9  0.24
3380  32891.3  0.2
3400  44105.5  0.26
3420  41115.2  0.24
3440  37905.2  0.22
3460  53294.6  0.32
3480  39431.3  0.24
3500  39503.1  0.24
3520  24591.9  0.14
3540  31669.1  0.18
3560  38827.8  0.22
3580  40334.1  0.24
3600  46128.5  0.26
3620  10622.6  0.06
3640  34006.1  0.2
3660  44953.6  0.26
3680  25652.5  0.14
3700  44405.6  0.24
3720  20387  0.12
3740  46114.9  0.26
3760  19543.4  0.12
3780  42803.4  0.24
3800  35225.3  0.2
3820  30127.1  0.16
3840  14745.4  0.08
3860  50228.7  0.26
3880  37405.4  0.2
3900  34996.4  0.18
3920  22672  0.12
3940  12498.2  0.08
3960  38822.2  0.2
3980  54814.6  0.28
4000  45026.3  0.24
4020  25370.5  0.14
4040  65723.9  0.34
4060  24022.2  0.12
4080  38178.1  0.2
4100  56494.4  0.28
4120  24569.8  0.12
4140  44414.6  0.22
4160  22927.3  0.12
4180  25892.7  0.14
4200  42086.6  0.22
4220  33351.4  0.16
4240  53186.9  0.26
4260  45914.2  0.22
4280  73021.3  0.34
4300  31362.4  0.16
4320  26450.8  0.14
4340  21187  0.1
4360  42817.3  0.2
4380  48126.9  0.22
4400  29747.8  0.14
4420  52774.6  0.24
4440  24407.4  0.12
4460  39452.9  0.18
4480  32540.9  0.16
4500  35098.6  0.16
4520  50596.4  0.24
4540  33605.9  0.16
4560  28739.5  0.14
4580  51515.4  0.24
4600  30941.7  0.14
4620  33620.3  0.16
4640  25035.7  0.12
4660  41042.6  0.18
4680  49484.7  0.22
4700  60152.1  0.26
4720  38727.6  0.18
4740  24426.7  0.12
4760  77099.9  0.34
4780  46131.1  0.2
4800  30147.2  0.14
4820  49298  0.22
4840  37813.7  0.16
4860  44811.1  0.2
4880  22870.8  0.1
4900  59229.1  0.24
4920  12092.6  0.06
4940  40685.6  0.18
4960  70337  0.3
4980  61173.9  0.26
5000  30055  0.14
5020  56273.3  0.24
5040  51527.1  0.22
5060  20118.2  0.08
5080  39471  0.16
5100  57792.2  0.24
5120  23751.7  0.1
5140  39308.1  0.16
5160  32053.7  0.14
5180  52878.9  0.22
5200  37660.8  0.16
5220  18688.6  0.08
5240  42795.8  0.18
5260  48217.7  0.2
5280  52704  0.2
5300  53613.1  0.22
5320  56277.1  0.22
5340  29898.6  0.12
5360  64289.1  0.24
5380  18941.5  0.08
5400  30994.8  0.12
5420  61589.3  0.24
5440  49901.9  0.2
5460  55672.7  0.22
5480  31264.1  0.12
5500  27607  0.1
5520  48392.4  0.18
5540  22206  0.1
5560  23319.8  0.1
5580  22250.8  0.08
5600  17485.6  0.08
5620  16771.4  0.06
5640  37125.5  0.14
5660  67743.7  0.24
5680  23280.6  0.1
5700  31709.2  0.12
5720  35433  0.14
5740  16890.6  0.06
5760  17336.9  0.06
5780  52170.9  0.18
5800  67702.2  0.24
5820  32816.7  0.12
5840  56112.2  0.2
5860  50438.5  0.18
5880  24621.9  0.1
5900  48245.2  0.18
5920  53446.2  0.18
5940  101998  0.36
5960  102613  0.36
5980  44904.8  0.16
6000  19173.8  0.08
6020  38770.2  0.14
6040  72164.5  0.24
6060  55577.8  0.2
6080  61908.1  0.22
6100  60622  0.2
6120  36737.8  0.12
6140  68347.2  0.24
6160  43065.2  0.14
6180  28496  0.1
6200  44855.7  0.16
6220  44930.9  0.16
6240  39643.6  0.14
6260  84869.3  0.28
6280  41387.1  0.14
6300  37471.3  0.12
6320  83421.2  0.28
6340  28073.4  0.1
6360  64612.4  0.22
6380  61104.7  0.2
6400  18121.4  0.06
6420  38341.2  0.12
6440  65498.9  0.22
6460  71959.3  0.24
6480  59309.9  0.2
6500  22539.1  0.08
6520  53384.7  0.18
6540  27209.1  0.1
6560  31160.2  0.1
6580  73308.9  0.24
6600  30912.8  0.1
6620  21059.8  0.08
6640  40922.8  0.14
6660  11892.7  0.04
6680  47833.4  0.16
6700  74851.2  0.24
6720  55957.6  0.18
6740  14859.3  0.06
6760  22029.1  0.08
6780  13230  0.04
6800  69186.5  0.22
6820  17037.5  0.06
6840  33840.9  0.1
6860  54935.7  0.16
6880  47642.7  0.14
6900  30982.5  0.1
6920  21869.1  0.08
6940  35603.1  0.12
6960  55697.3  0.16
6980  35953.9  0.12
7000  26895.7  0.08
7020  50150.6  0.16
7040  72926.7  0.22
7060  35210.4  0.1
7080  92403.7  0.26
7100  31495.9  0.1
7120  79477.1  0.24
7140  17089.2  0.06
7160  51285.3  0.16
7180  58263.7  0.18
7200  21586.1  0.06
7220  66209  0.2
7240  37314.3  0.12
7260  45732.6  0.14
7280  51436.5  0.16
7300  65682.5  0.18
7320  12258.6  0.04
7340  81871.2  0.24
7360  37886.8  0.12
7380  19518.3  0.06
7400  52866.2  0.16
7420  62347.5  0.18
7440  52646.6  0.16
7460  38430.1  0.12
7480  61056.1  0.18
7500  68639.5  0.2
7520  76224  0.22
7540  22763  0.08
7560  58819.1  0.16
7580  45755.7  0.14
7600  13599.6  0.04
7620  34207.8  0.1
7640  47275.3  0.14
7660  62515.3  0.18
7680  14297.6  0.04
7700  71271.9  0.2
7720  20141.2  0.06
7740  62816.5  0.18
7760  37558.3  0.1
7780  29117.7  0.08
7800  40070.4  0.12
7820  46990.1  0.12
7840  87395.2  0.24
7860  33395.5  0.1
7880  15115  0.04
7900  56393.3  0.16
7920  59981.6  0.16
7940  40012.7  0.12
7960  26396.8  0.08
7980  47883  0.12
8000  49018.1  0.14
8020  33991  0.1
8040  27469.8  0.08
8060  40849.9  0.12
8080  36043.6  0.1
8100  56372.2  0.14
8120  41539.4  0.12
8140  30531.6  0.08
8160  12727.6  0.04
8180  14488.6  0.04
8200  66915.3  0.18
8220  32537.3  0.08
8240  58947.4  0.16
8260  33021.6  0.08
8280  22713.1  0.06
8300  38996.6  0.1
8320  58432  0.16
8340  21079.9  0.06
8360  41664.2  0.1
8380  26282.1  0.08
8400  47683.8  0.12
8420  30975.2  0.08
8440  26370.5  0.08
8460  15297.5  0.04
8480  18501  0.06
8500  15313  0.04
8520  20097.6  0.06
8540  60831.3  0.16
8560  61183.1  0.16
8580  14644.8  0.04
8600  70431.1  0.18
8620  32205.5  0.08
8640  43219.3  0.12
8660  17055.4  0.04
8680  31356.5  0.08
8700  61832.6  0.16
8720  53277.9  0.14
8740  27353.7  0.08
8760  56558.6  0.14
8780  62708.3  0.16
8800  23648.9  0.06
8820  62360.5  0.16
8840  53851.1  0.14
8860  48349.8  0.12
8880  24347.4  0.06
8900  19649  0.06
8920  39433.4  0.1
8940  44088.7  0.1
8960  14208.5  0.04
8980  21389.5  0.06
9000  22975.1  0.06
9020  46205  0.12
9040  22263  0.06
9060  46584  0.12
9080  42900  0.1
9100  17112.8  0.04
9120  23938.6  0.06
9140  31211.5  0.08
9160  17934.9  0.04
9180  16686.3  0.04
9200  73313.1  0.18
9220  56575.9  0.14
9240  22357.4  0.06
9260  43735.7  0.1
9280  16705.7  0.04
9300  27137.7  0.06
9320  35251.9  0.08
9340  22859.1  0.06
9360  31567.4  0.08
9380  34980  0.08
9400  75173.6  0.16
9420  16123  0.04
9440  15609.6  0.04
9460  67199.8  0.16
9480  25289.5  0.06
9500  48709  0.12
9520  35227  0.08
9540  25141.3  0.06
9560  60405.8  0.14
9580  68184.2  0.16
9600  40179.6  0.1
9620  49150.4  0.12
9640  22757.9  0.06
9660  47322.3  0.1
9680  41411.4  0.1
9700  49319.7  0.12
9720  36841.2  0.08
9740  32659.1  0.08
9760  22849.6  0.06
9780  54281.3  0.12
9800  23363.1  0.06
9820  43398.4  0.1
9840  58972.7  0.12
9860  25288  0.06
9880  30951.1  0.08
9900  49214.2  0.1
9920  40534.9  0.1
9940  59248.7  0.12
9960  37786.2  0.08
9980  89126.6  0.18
10000  99202.2  0.2
10020  24640.5  0.06
10040  31005  0.08
10060  25702  0.06
10080  31231.5  0.08
10100  15819.3  0.04
10120  46407.1  0.1
10140  30085.4  0.06
10160  45411.6  0.1
10180  15844.8  0.04
10200  18797.2  0.04
10220  31756.4  0.08
10240  31455  0.08
10260  13612.2  0.04
10280  62787.7  0.14
10300  54804.4  0.12
10320  22976.4  0.06
10340  20533.6  0.04
10360  42346.4  0.1
10380  28704.8  0.06
10400  82486  0.16
10420  72254  0.14
10440  27229  0.06
10460  24788.9  0.06
10480  72513.8  0.14
10500  38786.6  0.08
10520  16475.8  0.04
10540  15399  0.04
10560  35423.5  0.08
10580  62136.7  0.12
10600  18021.5  0.04
10620  31025.5  0.06
10640  20453.1  0.04
10660  63021.4  0.12
10680  14980.7  0.04
10700  18794.1  0.04
10720  24339  0.06
10740  38188.1  0.08
10760  52714.3  0.1
10780  52586.5  0.1
10800  15504.9  0.04
10820  29753.2  0.06
10840  26663.2  0.06
10860  44374.6  0.1
10880  55514.7  0.12
10900  16070.3  0.04
10920  53471.5  0.1
10940  37208.8  0.08
10960  56356.3  0.12
10980  41305.7  0.08
11000  40466.3  0.08
11020  29628.4  0.06
11040  42667.8  0.08
11060  56417.5  0.12
11080  53914.1  0.1
11100  67673.8  0.14
11120  45040.7  0.1
11140  33920.7  0.08
11160  68174.7  0.14
11180  15650.9  0.04
11200  20314.3  0.04
11220  54645.5  0.1
11240  58460.2  0.12
11260  54682.1  0.1
11280  41976.3  0.08
11300  47439.3  0.1
11320  29526.3  0.06
11340  42312.9  0.08
11360  26002.3  0.06
11380  32397.2  0.06
11400  23506.1  0.06
11420  55441.9  0.1
11440  104172  0.2
11460  18909.9  0.04
11480  29892.3  0.06
11500  34893.3  0.08
11520  47127.5  0.1
11540  42950.1  0.08
11560  49165.7  0.1
11580  16744.9  0.04
11600  40237.6  0.08
11620  36239.6  0.08
11640  36041.9  0.08
11660  47679.3  0.1
11680  56572.5  0.1
11700  58522  0.12
11720  56339.7  0.1
11740  48154.7  0.1
11760  43409.1  0.08
11780  25897  0.06
11800  48376.7  0.1
11820  18090.2  0.04
11840  30757.4  0.06
11860  37269.3  0.08
11880  43601.6  0.08
11900  67057.4  0.12
11920  15536.1  0.04
11940  50789.5  0.1
11960  18740.7  0.04
11980  37150.6  0.08
12000  49153.7  0.1
12020  61084.2  0.12
12040  49406.4  0.1
12060  84921.2  0.16
12080  44332.5  0.08
12100  16007.2  0.04
12120  94446.5  0.16
12140  50687.2  0.1
12160  37844.1  0.08
12180  70371.4  0.12
12200  16046.2  0.04
12220  17567  0.04
12240  83460.5  0.14
12260  30259.5  0.06
12280  62304.4  0.12
12300  39432.5  0.08
12320  30977.8  0.06
12340  71247.2  0.12
12360  75016.7  0.14
12380  32253.6  0.06
12400  27791.7  0.06
12420  51680.7  0.1
12440  27267  0.06
12460  96662.8  0.16
12480  84291.5  0.14
12500  63585.3  0.12
12520  36102.1  0.06
12540  65089.4  0.12
12560  28584.3  0.06
12580  46062.9  0.08
12600  42759  0.08
12620  89933.7  0.16
12640  39830.7  0.08
12660  41628.4  0.08
12680  41799.3  0.08
12700  15056.5  0.04
12720  16651.4  0.04
12740  30086.4  0.06
12760  33641.4  0.06
12780  29409.1  0.06
12800  59233.1  0.1
12820  67224.8  0.12
12840  59272.9  0.1
12860  16729  0.04
12880  46649.3  0.08
12900  16317.4  0.04
12920  33871.1  0.06
12940  46940.8  0.08
12960  28258.6  0.06
12980  16802.1  0.04
13000  27145.3  0.06
13020  34342.5  0.06
13040  33981.2  0.06
13060  40294.7  0.08
13080  18809.4  0.04
13100  36128  0.06
13120  25735.1  0.04
13140  15503.6  0.04
13160  27235.2  0.06
13180  101928  0.16
13200  51640.9  0.08
13220  21343.8  0.04
13240  50223.3  0.08
13260  34042.6  0.06
13280  29312.9  0.06
13300  39448.1  0.06
13320  21442.6  0.04
13340  63049.4  0.1
13360  68065.4  0.12
13380  81568  0.14
13400  21463.5  0.04
13420  41273.2  0.08
13440  30597.7  0.06
13460  68467.3  0.12
13480  29035.7  0.06
13500  82107.5  0.14
13520  15542  0.04
13540  56907.1  0.1
13560  82468.7  0.14
13580  82514.1  0.14
13600  82594.6  0.14
13620  57015  0.1
13640  83114.5  0.14
13660  55822.9  0.1
13680  57223.6  0.1
13700  69654.5  0.12
13720  83726.6  0.14
13740  57603.2  0.1
13760  29555.8  0.06
13780  30823.8  0.06
13800  48367.2  0.08
13820  83737.2  0.14
13840  22667.8  0.04
13860  70341.4  0.12
13880  44673  0.08
13900  79264.6  0.12
13920  45277.6  0.08
13940  17382.1  0.04
13960  16727.8  0.04
13980  31284.7  0.06
14000  31477.3  0.06
14020  36442.9  0.06
14040  71246.9  0.12
14060  17132  0.04
14080  17077.7  0.04
14100  57452.8  0.1
14120  57597.1  0.1
14140  85774.9  0.14
14160  86449.6  0.14
14180  72247.1  0.12
14200  72184.7  0.12
14220  86333.6  0.14
14240  17859.9  0.04
14260  45751.8  0.08
14280  58253.7  0.1
14300  27586  0.04
14320  38369.3  0.06
14340  44120.6  0.08
14360  27461.8  0.04
14380  16193.2  0.04
14400  58604.9  0.1
14420  25225.3  0.04
14440  73370.4  0.12
14460  58916.7  0.1
14480  74524.6  0.12
14500  44699  0.08
14520  44231.6  0.08
14540  44770.9  0.08
14560  44829.2  0.08
14580  46741.8  0.08
14600  48549.4  0.08
14620  59478  0.1
14640  44982  0.08
14660  29262.1  0.04
14680  74488.4  0.12
14700  59778.1  0.1
14720  44678.6  0.08
14740  33462.2  0.06
14760  44514.2  0.08
14780  32187.2  0.06
14800  21798.8  0.04
14820  19392.9  0.04
14840  60484.7  0.1
14860  31922.3  0.06
14880  75485.8  0.12
14900  32743.3  0.06
14920  31246.9  0.06
14940  17794.7  0.04
14960  75649.8  0.12
14980  60872.1  0.1
