100  4493.37  0.98
120  5230.88  0.98
140  6548.92  0.98
160  7062.1  0.94
180  8131.8  0.94
200  9569.24  0.98
220  9010.66  0.84
240  10299.4  0.84
260  10322.9  0.78
280  10974.7  0.78
300  11730.9  0.78
320  12858.1  0.8
340  12663.2  0.76
360  13107.7  0.74
380  13078.2  0.7
400  16185.7  0.82
420  15112.7  0.72
440  16091.6  0.74
460  16157.8  0.72
480  16334.3  0.7
500  16331.5  0.68
520  16901.9  0.68
540  15645.2  0.6
560  18812.3  0.7
580  18677.5  0.66
600  17304.2  0.6
620  18206.4  0.6
640  18871.7  0.6
660  19213.4  0.6
680  19953.7  0.62
700  18345.7  0.54
720  20847  0.58
740  21775  0.58
760  18293.1  0.48
780  19466.5  0.5
800  19212.8  0.48
820  21327.8  0.54
840  20757.7  0.5
860  20401.6  0.48
880  21712.3  0.5
900  21649.3  0.48
920  21982.8  0.48
940  22680.8  0.48
960  22131.4  0.46
980  21643.3  0.46
1000  23945.3  0.48
1020  23487.7  0.46
1040  26939.4  0.52
1060  25157.1  0.48
1080  18134.5  0.34
1100  20630.2  0.38
1120  24204.6  0.44
1140  23459.2  0.42
1160  24655.1  0.44
1180  28586.3  0.5
1200  25755.4  0.44
1220  27429.5  0.46
1240  27994.1  0.46
1260  26504.8  0.44
1280  27995.4  0.44
1300  23119.3  0.36
1320  30917.6  0.48
1340  23957.2  0.36
1360  27817.7  0.42
1380  26573.4  0.4
1400  26915.5  0.4
1420  27810.7  0.4
1440  26765.3  0.38
1460  23818.5  0.34
1480  25981.8  0.36
1500  29968.7  0.42
1520  26583.3  0.36
1540  23140  0.3
1560  24767.9  0.32
1580  25882  0.34
1600  17069.2  0.22
1620  31513.4  0.4
1640  26656.8  0.34
1660  35695.2  0.44
1680  25923.7  0.32
1700  28256.6  0.34
1720  32453.1  0.38
1740  25345.5  0.3
1760  34337.5  0.4
1780  26827.6  0.32
1800  26048.4  0.3
1820  23089.4  0.26
1840  25733.7  0.3
1860  33383.2  0.36
1880  32816.3  0.36
1900  24919.5  0.28
1920  27534.4  0.3
1940  24604  0.26
1960  39820.2  0.42
1980  26671.1  0.28
2000  28989.8  0.3
2020  31263.8  0.32
2040  35423.1  0.36
2060  28088.8  0.28
2080  40464.7  0.4
2100  37374.5  0.36
2120  27575  0.26
2140  35954.8  0.34
2160  23901.5  0.22
2180  33377.9  0.32
2200  31836.6  0.3
2220  25230.8  0.24
2240  36618.9  0.34
2260  17848.4  0.16
2280  32872.3  0.3
2300  23851.2  0.22
2320  32352.7  0.3
2340  23644.2  0.22
2360  43565.6  0.38
2380  23475.8  0.2
2400  20837.8  0.18
2420  26284.9  0.22
2440  30146.5  0.26
2460  26222.3  0.22
2480  27945.3  0.24
2500  23426.3  0.2
2520  28321.3  0.24
2540  34049  0.28
2560  39008.7  0.32
2580  32378.5  0.26
2600  31786.2  0.26
2620  30965.8  0.24
2640  35254.2  0.28
2660  43332.9  0.34
2680  39253.3  0.3
2700  21588  0.16
2720  21540  0.16
2740  29860.7  0.22
2760  50774.3  0.38
2780  25912.3  0.2
2800  31630.6  0.24
2820  34297  0.26
2840  27390.1  0.2
2860  28202.9  0.2
2880  41917.8  0.3
2900  44984.1  0.32
2920  35814.2  0.26
2940  42006.4  0.3
2960  37415.1  0.26
2980  51321.8  0.36
3000  24789.4  0.18
3020  35175.9  0.24
3040  43008.4  0.3
3060  32112.6  0.22
3080  47161.8  0.32
3100  37184.6  0.26
3120  40310.2  0.28
3140  54407.2  0.36
3160  42422.4  0.28
3180  31789.1  0.2
3200  32873.2  0.22
3220  46261.7  0.3
3240  35756.9  0.24
3260  42924.1  0.28
3280  43675.4  0.28
3300  28911.2  0.18
3320  37770.5  0.24
3340  46933.3  0.3
3360  36869.2  0.22
3380  28348  0.18
3400  30803.1  0.2
3420  27509.2  0.18
3440  37561.6  0.22
3460  35556.3  0.22
3480  27888.1  0.16
3500  40639.9  0.24
3520  27293.5  0.16
3540  46082.7  0.28
3560  24223.9  0.14
3580  48835  0.28
3600  31768.4  0.18
3620  36910.7  0.22
3640  30397.9  0.18
3660  41015.1  0.24
3680  47816.5  0.26
3700  25748.3  0.14
3720  18453.3  0.1
3740  19916.8  0.12
3760  43437.6  0.24
3780  34080.8  0.2
3800  24591  0.14
3820  31911.4  0.18
3840  41936.4  0.22
3860  36102.9  0.2
3880  46739.7  0.26
3900  35198.6  0.2
3920  43809.1  0.24
3940  36196.7  0.2
3960  23573.2  0.12
3980  63921.5  0.34
4000  27881.7  0.14
4020  23688.9  0.12
4040  33826.9  0.18
4060  49580.8  0.26
4080  40169.2  0.2
4100  49333.4  0.26
4120  49479.8  0.26
4140  15998.9  0.08
4160  36740.5  0.18
4180  16154.4  0.08
4200  35790.4  0.18
4220  29811.3  0.16
4240  68613.1  0.34
4260  30800.9  0.16
4280  20868.4  0.1
4300  29405.3  0.14
4320  62294.8  0.3
4340  21184.6  0.1
4360  49053  0.24
4380  35952.2  0.18
4400  50813.7  0.24
4420  44502  0.22
4440  24972.1  0.12
4460  31086.9  0.14
4480  43952.8  0.2
4500  41952.8  0.2
4520  37004.3  0.18
4540  35391.2  0.16
4560  24606  0.12
4580  54010.5  0.24
4600  56565.8  0.26
4620  49773.3  0.22
4640  45256  0.2
4660  56784.6  0.26
4680  45519.1  0.2
4700  22298.2  0.1
4720  46332.5  0.2
4740  48261.7  0.22
4760  42937.7  0.2
4780  38352.1  0.18
4800  54196.4  0.24
4820  45822.2  0.2
4840  45193.3  0.2
4860  42530.7  0.18
4880  44109.1  0.2
4900  57642  0.24
4920  45826.4  0.2
4940  65216.1  0.28
4960  34420.5  0.14
4980  23518.9  0.1
5000  33589.8  0.14
5020  23274.9  0.1
5040  65348.7  0.28
5060  50845.3  0.22
5080  51004.9  0.22
5100  44521.4  0.18
5120  62831.4  0.26
5140  39709.5  0.16
5160  67930.8  0.28
5180  63382.1  0.26
5200  24383.4  0.1
5220  41929.9  0.18
5240  44913  0.18
5260  64059.5  0.26
5280  40632.5  0.16
5300  27197.5  0.12
5320  35499.7  0.14
5340  43540.5  0.18
5360  28696.2  0.12
5380  38605.5  0.16
5400  30618.4  0.12
5420  60215.8  0.24
5440  30779.9  0.12
5460  44455.1  0.18
5480  36481  0.14
5500  32915.5  0.12
5520  32131.1  0.12
5540  36488  0.14
5560  53569.8  0.2
5580  50409.5  0.2
5600  26945.4  0.1
5620  34784  0.14
5640  35939  0.14
5660  36166.9  0.14
5680  63413.5  0.24
5700  42315.1  0.16
5720  55141.3  0.2
5740  58251.7  0.22
5760  52813.9  0.2
5780  47092.9  0.18
5800  57896.1  0.22
5820  53066  0.2
5840  35791.2  0.14
5860  35271.5  0.14
5880  61882.1  0.22
5900  35732.4  0.14
5920  42251.3  0.16
5940  54450.9  0.2
5960  54835.1  0.2
5980  47850.3  0.18
6000  28966.6  0.1
6020  51835.4  0.18
6040  45884.7  0.16
6060  25711.3  0.1
6080  34020.1  0.12
6100  42773.2  0.14
6120  33974.5  0.12
6140  32639  0.12
6160  67907.9  0.22
6180  34615.9  0.12
6200  36829.6  0.12
6220  68493  0.24
6240  41024.2  0.14
6260  41196.4  0.14
6280  48307.5  0.16
6300  46152.4  0.16
6320  36277.7  0.12
6340  65394.3  0.22
6360  52134.8  0.18
6380  44180  0.14
6400  45606.9  0.16
6420  64202.4  0.22
6440  42232.9  0.14
6460  71824.5  0.24
6480  45379.1  0.16
6500  28893.7  0.1
6520  52389.1  0.18
6540  36351.6  0.12
6560  32930.4  0.1
6580  47691.3  0.16
6600  27234.1  0.1
6620  60770.9  0.2
6640  37040.2  0.12
6660  43522.8  0.14
6680  46925.8  0.16
6700  53691.9  0.18
6720  81539.3  0.26
6740  36787.8  0.12
6760  28518.4  0.1
6780  44357.4  0.14
6800  41764.4  0.14
6820  36996.1  0.12
6840  43194  0.14
6860  103543  0.32
6880  57827.1  0.18
6900  48332.5  0.14
6920  36257.3  0.12
6940  40512  0.12
6960  31828.9  0.1
6980  40435.2  0.12
7000  28125.1  0.1
7020  50064.4  0.16
7040  29348.4  0.1
7060  67052.8  0.2
7080  56920.5  0.16
7100  42751.6  0.14
7120  45539.3  0.14
7140  39300.7  0.12
7160  73502.5  0.22
7180  100671  0.3
7200  36071.9  0.12
7220  43318.1  0.14
7240  39847.9  0.12
7260  41048.9  0.12
7280  33304.9  0.1
7300  22045.6  0.08
7320  40022.3  0.12
7340  53610.4  0.16
7360  69959.3  0.2
7380  36719.7  0.1
7400  60358.6  0.18
7420  41691.6  0.12
7440  89246.2  0.26
7460  67083.9  0.2
7480  40970  0.12
7500  33332.7  0.1
7520  23168.9  0.08
7540  121030  0.34
7560  60600.1  0.18
7580  44304.3  0.12
7600  98964.1  0.28
7620  106952  0.3
7640  55325.1  0.16
7660  99533.7  0.28
7680  86361.2  0.24
7700  77938.8  0.22
7720  44469.5  0.12
7740  92919.5  0.26
7760  55987.2  0.16
7780  23267.6  0.06
7800  50775.3  0.14
7820  55529.4  0.16
7840  94984.2  0.26
7860  78466.6  0.2
7880  52022.7  0.14
7900  23510.9  0.06
7920  79204.8  0.22
7940  79342.7  0.22
7960  59387.2  0.16
7980  80685.5  0.22
8000  50012.8  0.14
8020  72604.6  0.2
8040  44873.4  0.12
8060  55749.5  0.14
8080  50256.4  0.14
8100  64489.3  0.16
8120  59596.2  0.16
8140  65872.4  0.18
8160  46001.7  0.12
8180  53020  0.14
8200  48575.1  0.12
8220  74334.7  0.2
8240  44606.5  0.12
8260  59885.3  0.16
8280  91101.1  0.24
8300  44322.5  0.12
8320  46269.8  0.12
8340  52059.6  0.14
8360  83495.3  0.22
8380  36615.9  0.1
8400  70731.5  0.18
8420  44603.6  0.12
8440  51481.2  0.14
8460  55616.4  0.14
8480  93307.4  0.24
8500  40906.1  0.1
8520  47586.9  0.12
8540  24801.6  0.06
8560  77911  0.2
8580  57553.3  0.14
8600  68871.7  0.18
8620  54876.9  0.14
8640  51122.6  0.12
8660  122067  0.3
8680  25044.9  0.06
8700  70416.5  0.18
8720  33147.7  0.08
8740  54476.4  0.14
8760  122443  0.3
8780  73651.3  0.18
8800  75353  0.18
8820  44733.5  0.12
8840  64674.4  0.16
8860  53140.1  0.12
8880  124683  0.3
8900  38172.3  0.1
8920  55573.6  0.14
8940  83926.4  0.2
8960  25624.6  0.06
8980  53986.6  0.14
9000  72427  0.18
9020  37275.3  0.1
9040  94099.1  0.22
9060  118121  0.28
9080  40988.3  0.1
9100  110246  0.26
9120  52611.7  0.12
9140  76574.1  0.18
9160  65376.2  0.16
9180  83597.9  0.2
9200  86112.9  0.2
9220  38197.1  0.1
9240  37835.8  0.1
9260  81481.3  0.18
9280  44112.4  0.1
9300  26256.2  0.06
9320  39231.3  0.1
9340  56985.3  0.14
9360  94089.9  0.22
9380  26383.4  0.06
9400  26481.6  0.06
9420  66152.3  0.16
9440  51122.5  0.12
9460  42398.7  0.1
9480  41334.7  0.1
9500  57151.7  0.14
9520  54290.1  0.12
9540  105302  0.24
9560  105263  0.24
9580  80106.2  0.18
9600  67064.9  0.16
9620  121835  0.26
9640  101875  0.22
9660  38755.4  0.1
9680  58114.8  0.12
9700  38813  0.08
9720  27096.2  0.06
9740  81404.1  0.18
9760  97559.7  0.2
9780  97802.8  0.22
9800  39819.2  0.1
9820  57647.9  0.12
9840  108351  0.24
9860  49447.3  0.12
9880  76618.4  0.16
9900  27450.4  0.06
9920  39953.2  0.1
9940  27485.4  0.06
9960  39858.1  0.08
9980  40456.7  0.1
10000  71116  0.16
10020  85544.6  0.18
10040  36898  0.08
10060  27727  0.06
10080  101500  0.22
10100  40907.4  0.1
10120  31618.7  0.08
10140  27919.1  0.06
10160  101390  0.2
10180  87475.8  0.18
10200  34070.8  0.08
10220  122881  0.26
10240  65886.6  0.14
10260  28161.5  0.06
10280  55289.7  0.12
10300  28195.6  0.06
10320  28272.5  0.06
10340  61564  0.12
10360  103574  0.22
10380  60068.2  0.12
10400  57287.8  0.12
10420  31840  0.08
10440  126173  0.26
10460  51318.1  0.1
10480  83937.7  0.18
10500  43094.2  0.1
10520  84569.7  0.18
10540  68861.5  0.14
10560  31595.5  0.06
10580  31625.5  0.06
10600  31645.7  0.06
10620  56798.5  0.12
10640  64612.1  0.14
10660  43547  0.1
10680  28920.4  0.06
10700  42882.9  0.08
10720  69370.7  0.14
10740  33518.1  0.08
10760  111195  0.22
10780  41990.1  0.08
10800  39642.2  0.08
10820  88668.9  0.18
10840  53359.3  0.1
10860  52153.7  0.1
10880  56603.2  0.12
10900  32220  0.06
10920  43371.6  0.08
10940  109743  0.2
10960  77136.3  0.16
10980  87772.7  0.16
11000  110004  0.22
11020  68855.9  0.14
11040  45790.7  0.1
11060  56062.2  0.12
11080  41077.8  0.08
11100  73416.1  0.14
11120  45379  0.1
11140  32701.6  0.06
11160  125144  0.24
11180  64281.9  0.12
11200  33224.9  0.06
11220  55165.3  0.1
11240  43525.5  0.08
11260  79038.6  0.16
11280  79015.1  0.14
11300  33455.3  0.06
11320  33473.2  0.06
11340  57668.7  0.12
11360  33147.4  0.06
11380  65674.5  0.12
11400  57002.2  0.12
11420  44055.3  0.08
11440  59640.7  0.12
11460  107283  0.2
11480  33757.3  0.06
11500  84484  0.16
11520  80175.5  0.14
11540  45145.1  0.08
11560  45076.6  0.08
11580  60633.8  0.12
11600  34005.6  0.06
11620  34085  0.06
11640  30827.4  0.06
11660  71791.6  0.14
11680  33757.5  0.06
11700  97340.7  0.18
11720  96653.8  0.18
11740  31035.7  0.06
11760  71915.7  0.14
11780  59846.1  0.12
11800  153344  0.28
11820  84383.1  0.16
11840  34484.3  0.06
11860  42720.2  0.08
11880  31293.5  0.06
11900  48164.9  0.1
11920  88922.1  0.16
11940  66046.7  0.12
11960  143611  0.26
11980  34812  0.06
12000  60372.3  0.12
12020  31555.5  0.06
12040  34927.2  0.06
12060  46512.8  0.08
12080  67541.2  0.12
12100  35060.3  0.06
12120  46855.1  0.08
12140  49495.4  0.1
12160  46127.5  0.08
12180  77633  0.14
12200  53990.5  0.1
12220  98942.4  0.18
12240  63344.5  0.12
12260  49168.3  0.1
12280  43972.4  0.08
12300  73646.6  0.14
12320  61550.9  0.1
12340  78957.4  0.14
12360  35556.9  0.06
12380  44091.1  0.08
12400  61962.8  0.1
12420  50461.9  0.1
12440  35707.9  0.06
12460  32412.5  0.06
12480  62279.4  0.1
12500  35823.1  0.06
12520  47111.4  0.08
12540  48149.5  0.08
12560  104211  0.18
12580  32637.9  0.06
12600  90891  0.16
12620  35566.3  0.06
12640  32765.9  0.06
12660  89983.5  0.16
12680  88344.9  0.14
12700  70404.3  0.12
12720  45114.1  0.08
12740  65903.4  0.12
12760  35807.7  0.06
12780  64106  0.12
12800  76259.2  0.12
12820  47928.4  0.08
12840  63827.6  0.1
12860  54023.4  0.1
12880  105528  0.18
12900  36647.5  0.06
12920  36665.3  0.06
12940  36701.1  0.06
12960  36254.7  0.06
12980  36798.4  0.06
13000  51921.6  0.08
13020  36895.8  0.06
13040  61940.5  0.1
13060  51585.8  0.08
13080  36949.4  0.06
13100  33703.2  0.06
13120  36529.5  0.06
13140  36545.1  0.06
13160  37161.9  0.06
13180  70848.9  0.12
13200  53715.5  0.1
13220  37277.2  0.06
13240  36749.6  0.06
13260  48512  0.08
13280  119603  0.2
13300  50070.5  0.08
13320  84152.9  0.14
13340  53119.8  0.08
13360  53441.5  0.08
13380  37561.2  0.06
13400  130895  0.2
13420  66563.6  0.1
13440  50724.4  0.08
13460  78519.9  0.12
13480  34427.2  0.06
13500  84089.6  0.14
13520  83533.3  0.14
13540  37342.9  0.06
13560  37924.7  0.06
13580  80199.3  0.12
13600  46231.2  0.08
13620  34690  0.06
13640  54649.8  0.1
13660  51381.8  0.08
13680  57083.1  0.1
13700  54196.4  0.08
13720  34898.3  0.06
13740  86536.3  0.14
13760  51666.9  0.08
13780  115198  0.18
13800  38421.3  0.06
13820  53720.4  0.08
13840  54807.4  0.08
13860  47862.1  0.08
13880  38554.4  0.06
13900  54714.5  0.08
13920  51138.6  0.08
13940  51857  0.08
13960  35383.2  0.06
13980  92012.8  0.14
14000  38802.7  0.06
14020  38882.2  0.06
14040  38305  0.06
14060  49101.6  0.08
14080  182663  0.28
14100  55894.2  0.08
14120  54498.7  0.08
14140  52678.6  0.08
14160  68571.6  0.1
14180  52857.2  0.08
14200  39245.7  0.06
14220  52877.6  0.08
14240  55901.9  0.08
14260  35963.7  0.06
14280  83071.2  0.12
14300  39414.5  0.06
14320  132535  0.2
14340  55124.8  0.08
14360  66694  0.1
14380  42926.4  0.06
14400  53210.1  0.08
14420  52565.2  0.08
14440  124789  0.18
14460  131865  0.2
14480  231980  0.34
14500  39857.5  0.06
14520  53856.7  0.08
14540  119008  0.18
14560  39972.7  0.06
14580  43287  0.06
14600  53957  0.08
14620  55906.7  0.08
14640  40123.7  0.06
14660  91573.4  0.14
14680  53988.9  0.08
14700  112290  0.16
14720  106867  0.16
14740  39634.5  0.06
14760  39712.8  0.06
14780  57813.3  0.08
14800  39763  0.06
14820  78654.5  0.12
14840  178291  0.26
14860  43795.4  0.06
14880  40602.4  0.06
14900  57768.4  0.08
14920  43905.8  0.06
14940  57800.3  0.08
14960  164811  0.24
14980  57767.3  0.08
