100  3601.23  0.84
120  5358.32  0.94
140  6737.32  0.86
160  7093.83  0.82
180  7457.15  0.78
200  8347.69  0.78
220  8276.87  0.74
240  8525.08  0.72
260  10173.3  0.78
280  10945.8  0.8
300  11035.4  0.76
320  10736.1  0.66
340  10153.7  0.6
360  10285.3  0.58
380  11333.6  0.6
400  12452.1  0.62
420  12852  0.6
440  12444.8  0.56
460  11631.3  0.5
480  13922.9  0.58
500  15547.5  0.62
520  17528.1  0.68
540  16711.4  0.62
560  15078.5  0.54
580  17291.4  0.6
600  17934.2  0.6
620  13506.9  0.44
640  14666  0.46
660  16219.5  0.5
680  11513.1  0.34
700  17636  0.5
720  17221.1  0.48
740  16540.4  0.44
760  19255.5  0.5
780  18816.6  0.48
800  16764.4  0.42
820  17874.7  0.44
840  18199.9  0.44
860  19504.3  0.46
880  17489.6  0.4
900  10947.2  0.24
920  12563.8  0.28
940  19441.5  0.42
960  20594.1  0.44
980  19802.1  0.4
1000  13026.5  0.26
1020  14288.7  0.28
1040  23871.2  0.46
1060  11757.6  0.22
1080  23485.4  0.44
1100  19603.5  0.36
1120  11372.1  0.22
1140  20562.7  0.36
1160  14888  0.26
1180  24767.1  0.42
1200  11675.7  0.2
1220  18385.3  0.32
1240  24759.9  0.4
1260  16314  0.26
1280  13905.7  0.22
1300  15861.6  0.26
1320  8880.31  0.14
1340  10533  0.16
1360  20015.4  0.3
1380  15281.4  0.22
1400  15824.2  0.24
1420  8169.18  0.12
1440  24046.2  0.34
1460  15970.7  0.22
1480  9967.07  0.14
1500  11729.5  0.16
1520  15085.9  0.2
1540  16812.4  0.22
1560  15670  0.2
1580  14481.2  0.18
1600  12661.4  0.16
1620  20642.1  0.26
1640  14068.8  0.18
1660  17876.8  0.22
1680  22864.9  0.28
1700  9739.27  0.12
1720  22160  0.26
1740  15587  0.18
1760  11867.9  0.14
1780  23626.6  0.28
1800  10765.7  0.12
1820  11745  0.14
1840  21693.8  0.24
1860  18807.5  0.22
1880  17929.4  0.2
1900  17181.4  0.18
1920  14852.5  0.16
1940  14922.9  0.16
1960  15073  0.16
1980  15019.9  0.16
2000  17743.1  0.18
2020  12223.8  0.14
2040  19191.7  0.2
2060  20382.6  0.2
2080  18434.1  0.18
2100  28407.4  0.28
2120  8155.83  0.08
2140  20806.9  0.2
2160  12381.8  0.12
2180  31268.2  0.3
2200  14831.2  0.14
2220  17477.9  0.16
2240  30193.8  0.28
2260  8872.51  0.08
2280  10748.2  0.1
2300  27075.9  0.24
2320  20101.8  0.18
2340  14044  0.12
2360  22222  0.2
2380  9706.28  0.1
2400  16730.1  0.14
2420  11574.4  0.1
2440  38979.5  0.32
2460  14262.4  0.12
2480  26957.3  0.22
2500  14564.8  0.12
2520  21646.7  0.18
2540  24822.6  0.2
2560  22140.3  0.18
2580  15222.4  0.12
2600  7647.25  0.06
2620  22500.6  0.18
2640  22658.2  0.18
2660  12848.3  0.1
2680  26927.7  0.2
2700  11913.4  0.1
2720  22691.2  0.18
2740  14361.5  0.12
2760  24078.9  0.18
2780  27121.4  0.2
2800  31837  0.24
2820  8481.36  0.08
2840  26744.5  0.2
2860  14886.8  0.12
2880  7033.32  0.06
2900  16847.1  0.12
2920  6846.78  0.06
2940  10055.2  0.08
2960  29519.5  0.2
2980  12409.3  0.1
3000  8876.77  0.06
3020  17104.4  0.12
3040  7949.08  0.06
3060  8861.67  0.06
3080  12113.1  0.08
3100  21271  0.14
3120  16552.9  0.12
3140  9133.94  0.06
3160  16547.8  0.12
3180  12450.6  0.08
3200  6035.64  0.04
3220  12574.3  0.08
3240  28177.3  0.18
3260  6095.99  0.04
3280  21608.9  0.14
3300  18394.1  0.12
3320  35640.7  0.22
3340  37509.2  0.24
3360  22171.5  0.14
3380  51727.8  0.32
3400  27569.7  0.18
3420  48127.4  0.28
3440  26850.9  0.16
3460  18947.3  0.12
3480  9671.63  0.06
3500  15128.3  0.1
3520  14122.8  0.08
3540  35468.1  0.2
3560  23880.8  0.14
3580  19725.6  0.12
3600  46962.4  0.26
3620  17459.9  0.1
3640  26371  0.16
3660  12082.2  0.08
3680  21056.6  0.12
3700  26796.2  0.16
3720  12772.6  0.08
3740  23955.5  0.14
3760  18012.3  0.1
3780  13941.3  0.08
3800  20856  0.12
3820  22464.3  0.12
3840  19250.3  0.1
3860  50151.4  0.26
3880  23191.4  0.12
3900  6502.22  0.04
3920  28587.2  0.16
3940  19691.6  0.1
3960  14387  0.08
3980  11772.3  0.06
4000  15843.7  0.08
4020  15818.6  0.08
4040  11937.2  0.06
4060  11988.1  0.06
4080  27518.5  0.14
4100  19524.8  0.1
4120  54506.3  0.28
4140  42541  0.22
4160  14115  0.08
4180  41932.8  0.2
4200  23807.6  0.12
4220  19762.5  0.1
4240  22602.1  0.12
4260  15761.4  0.08
4280  8033.16  0.04
4300  18540.3  0.1
4320  19517  0.1
4340  27080.1  0.14
4360  27399  0.14
4380  19255.8  0.1
4400  12824.6  0.06
4420  10618.7  0.06
4440  7860.85  0.04
4460  20335.3  0.1
4480  23825.1  0.12
4500  24480  0.12
4520  20067.1  0.1
4540  15930.1  0.08
4560  27370.5  0.12
4580  11726.4  0.06
4600  16375.3  0.08
4620  11765.9  0.06
4640  12571.9  0.06
4660  15875.4  0.08
4680  11826.3  0.06
4700  11846  0.06
4720  43918.6  0.2
4740  10156  0.06
4760  12042.5  0.06
4780  17908.5  0.08
4800  10239.6  0.06
4820  45805  0.2
4840  12084.3  0.06
4860  18219.5  0.08
4880  17010.7  0.08
4900  8670.96  0.04
4920  13707.5  0.06
4940  49378.8  0.2
4960  8599.03  0.04
4980  8330.44  0.04
5000  18669.1  0.08
5020  18946.8  0.08
5040  13784.9  0.06
5060  19107  0.08
5080  22401.3  0.1
5100  22459.7  0.1
5120  8689.23  0.04
5140  19193.3  0.08
5160  22657.7  0.1
5180  12660.3  0.06
5200  8781.02  0.04
5220  17808.2  0.08
5240  12590.3  0.06
5260  30192.7  0.12
5280  12629.8  0.06
5300  17938.2  0.08
5320  18060.9  0.08
5340  18117.1  0.08
5360  7449.48  0.04
5380  13782.8  0.06
5400  12856.5  0.06
5420  12867.9  0.06
5440  18349.3  0.08
5460  39664.9  0.16
5480  30037.2  0.12
5500  39891.7  0.16
5520  17894.3  0.08
5540  9154.41  0.04
5560  29231.8  0.12
5580  46356  0.18
5600  17837.6  0.08
5620  29625.1  0.12
5640  7784.93  0.04
5660  23472.5  0.1
5680  46921.4  0.18
5700  25559.1  0.1
5720  8461.98  0.04
5740  7716.53  0.04
5760  11919.1  0.06
5780  34715.7  0.14
5800  13546.3  0.06
5820  30046.2  0.12
5840  15085  0.06
5860  36846.1  0.14
5880  7833.18  0.04
5900  29747.9  0.12
5920  7769.52  0.04
5940  14595.1  0.06
5960  25781.7  0.1
5980  30669.4  0.12
6000  24752.7  0.1
6020  14519.3  0.06
6040  27872.3  0.1
6060  15013.1  0.06
6080  22589.3  0.08
6100  7938.51  0.04
6120  14017.7  0.06
6140  14245.1  0.06
6160  29164  0.1
6180  27132.3  0.1
6200  32347.3  0.12
6220  20189.2  0.08
6240  25832.1  0.1
6260  29415.2  0.1
6280  26612  0.1
6300  18851  0.06
6320  28882.6  0.1
6340  20922.3  0.08
6360  17422.4  0.06
6380  20038.5  0.08
6400  45481.4  0.16
6420  25302.7  0.08
6440  51424.9  0.16
6460  8186.35  0.04
6480  20342.3  0.08
6500  30204.1  0.1
6520  9270.41  0.04
6540  27548.8  0.1
6560  35155.6  0.12
6580  14441.7  0.06
6600  9497.43  0.04
6620  16739.8  0.06
6640  28747.3  0.1
6660  28879.6  0.1
6680  15514.1  0.06
6700  37965.5  0.12
6720  28413.6  0.1
6740  35139.1  0.12
6760  41849.4  0.14
6780  25982.2  0.08
6800  9562.06  0.04
6820  22711.2  0.08
6840  12794.9  0.04
6860  28850.3  0.1
6880  31233.2  0.1
6900  33224.9  0.1
6920  35686.7  0.12
6940  25261.1  0.08
6960  35546.9  0.12
6980  9397.8  0.04
7000  29049.2  0.1
7020  15639.7  0.06
7040  24552.6  0.08
7060  23848.7  0.08
7080  45362.3  0.14
7100  16478  0.06
7120  15438.3  0.06
7140  18775.1  0.06
7160  19652.8  0.06
7180  18815.7  0.06
7200  25989.4  0.08
7220  15753.4  0.06
7240  19473.5  0.06
7260  23023  0.08
7280  19000  0.06
7300  19182.6  0.06
7320  9566.14  0.04
7340  26505.3  0.08
7360  9542.72  0.04
7380  8747.55  0.04
7400  11861.1  0.04
7420  11880.8  0.04
7440  11901.7  0.04
7460  31827.2  0.1
7480  29162.5  0.08
7500  8797.93  0.04
7520  14733.7  0.04
7540  30228.8  0.08
7560  16462.4  0.06
7580  22300.3  0.06
7600  16366.8  0.06
7620  31687.5  0.1
7640  38640.6  0.12
7660  8898.67  0.04
7680  8872.86  0.04
7700  31241.5  0.1
7720  19404.9  0.06
7740  17675  0.06
7760  17712.5  0.06
7780  25483.3  0.08
7800  25646  0.08
7820  12333  0.04
7840  9085.09  0.04
7860  20698.1  0.06
7880  28757.7  0.08
7900  20886.8  0.06
7920  9057.92  0.04
7940  12273.1  0.04
7960  22163.5  0.06
7980  13050.7  0.04
8000  25233.1  0.08
8020  25453.7  0.08
8040  9832.26  0.04
8060  25290.2  0.08
8080  17644  0.06
8100  24359.1  0.08
8120  24312.7  0.08
8140  13209.8  0.04
8160  39814.5  0.1
8180  33883.2  0.1
8200  34023.4  0.1
8220  29370.2  0.08
8240  17426.1  0.06
8260  11962.7  0.04
8280  22120.7  0.06
8300  9572.65  0.04
8320  36949  0.1
8340  22878.9  0.06
8360  9632.99  0.04
8380  9957.32  0.04
8400  26567.1  0.08
8420  18240.5  0.06
8440  26280.1  0.08
8460  20155.3  0.06
8480  11872.3  0.04
8500  35511.6  0.1
8520  26243.7  0.08
8540  11992.4  0.04
8560  9452.16  0.04
8580  10015.8  0.04
8600  18663.6  0.06
8620  11558.1  0.04
8640  18703.1  0.06
8660  27442.9  0.08
8680  27196.5  0.08
8700  32290.3  0.08
8720  18584.2  0.06
8740  14046.3  0.04
8760  24002.5  0.06
8780  27838.3  0.08
8800  10236.4  0.04
8820  19011.1  0.06
8840  27438.3  0.08
8860  10112.9  0.04
8880  9944.06  0.04
8900  29422.9  0.08
8920  10246.6  0.04
8940  19315.3  0.06
8960  10396.6  0.04
8980  19294.1  0.06
9000  10436.1  0.04
9020  9712.96  0.04
9040  19544  0.06
9060  19563.7  0.06
9080  52493.9  0.12
9100  10535.9  0.04
9120  28226.4  0.08
9140  10066  0.04
9160  11494.4  0.04
9180  20382.5  0.06
9200  12353.8  0.04
9220  25615.2  0.06
9240  53242.1  0.12
9260  25654.7  0.06
9280  21414.5  0.06
9300  20726.9  0.06
9320  35094.4  0.08
9340  44502.7  0.1
9360  44626.9  0.1
9380  35240  0.08
9400  19718.7  0.06
9420  35525.7  0.08
9440  35506.5  0.08
9460  45049.6  0.1
9480  45081.6  0.1
9500  38052.5  0.1
9520  19556.8  0.06
9540  58555.8  0.14
9560  10989.7  0.04
9580  29313.3  0.08
9600  19704.8  0.06
9620  10090.3  0.04
9640  21807.9  0.06
9660  18015.9  0.04
9680  38799.2  0.1
9700  38812.7  0.08
9720  20271.2  0.06
9740  34286.3  0.08
9760  19953.3  0.06
9780  10202.9  0.04
9800  20436.5  0.06
9820  45963.9  0.1
9840  20936.7  0.06
9860  29608.2  0.06
9880  29592.3  0.08
9900  13015.9  0.04
9920  10431.3  0.04
9940  20861.8  0.06
9960  20794.2  0.06
9980  20479.6  0.06
10000  40940.8  0.1
10020  31048.5  0.08
10040  20708.7  0.06
10060  20967.1  0.06
10080  20567.3  0.06
10100  21159.6  0.06
10120  40471.6  0.08
10140  20714.6  0.06
10160  24834.7  0.06
10180  14980.7  0.04
10200  10479.4  0.04
10220  21272.5  0.06
10240  11443  0.04
10260  11120.6  0.04
10280  11772.7  0.04
10300  20632.3  0.04
10320  20652  0.04
10340  11091.9  0.04
10360  41378.8  0.08
10380  10666.3  0.04
10400  31152.7  0.06
10420  16152.6  0.04
10440  11807.2  0.04
10460  20989.6  0.06
10480  12907.2  0.04
10500  11342.6  0.04
10520  21065.1  0.04
10540  28318.5  0.06
10560  21706.1  0.06
10580  10696.2  0.04
10600  17452.6  0.04
10620  21430.4  0.06
10640  31986.6  0.06
10660  12013.6  0.04
10680  31582.8  0.06
10700  10700.5  0.02
10720  11830.3  0.04
10740  27174  0.06
10760  13586.4  0.04
10780  10779.5  0.02
10800  11355.4  0.04
10820  10820.1  0.02
10840  20735.1  0.04
10860  10889.5  0.04
10880  10887.7  0.04
10900  10887  0.02
10920  10887  0.02
10940  10887  0.02
10960  10887  0.02
10980  10887  0.02
11000  10887  0.02
11020  10887  0.02
11040  10887  0.02
11060  10887  0.02
11080  10887  0.02
11100  10887  0.02
11120  10887  0.02
11140  10887  0.02
11160  10887  0.02
11180  10887  0.02
11200  10887  0.02
11220  10887  0.02
11240  10887  0.02
11260  10887  0.02
11280  10887  0.02
11300  10887  0.02
11320  10887  0.02
11340  10887  0.02
11360  10887  0.02
11380  10887  0.02
11400  10887  0.02
11420  10887  0.02
11440  10887  0.02
11460  10887  0.02
11480  10887  0.02
11500  10887  0.02
11520  10887  0.02
11540  10887  0.02
11560  10887  0.02
11580  10887  0.02
11600  10887  0.02
11620  10887  0.02
11640  10887  0.02
11660  10887  0.02
11680  10887  0.02
11700  10887  0.02
11720  10887  0.02
11740  10887  0.02
11760  10887  0.02
11780  10887  0.02
11800  10887  0.02
11820  10887  0.02
11840  10887  0.02
11860  10887  0.02
11880  10887  0.02
11900  10887  0.02
11920  10887  0.02
11940  10887  0.02
11960  10887  0.02
11980  10887  0.02
12000  10887  0.02
12020  10887  0.02
12040  10887  0.02
12060  10887  0.02
12080  10887  0.02
12100  10887  0.02
12120  10887  0.02
12140  10887  0.02
12160  10887  0.02
12180  10887  0.02
12200  10887  0.02
12220  10887  0.02
12240  10887  0.02
12260  10887  0.02
12280  10887  0.02
12300  10887  0.02
12320  10887  0.02
12340  10887  0.02
12360  10887  0.02
12380  10887  0.02
12400  10887  0.02
12420  10887  0.02
12440  10887  0.02
12460  10887  0.02
12480  10887  0.02
12500  10887  0.02
12520  10887  0.02
12540  10887  0.02
12560  10887  0.02
12580  10887  0.02
12600  10887  0.02
12620  10887  0.02
12640  10887  0.02
12660  10887  0.02
12680  10887  0.02
12700  10887  0.02
12720  10887  0.02
12740  10887  0.02
12760  10887  0.02
12780  10887  0.02
12800  10887  0.02
12820  10887  0.02
12840  10887  0.02
12860  10887  0.02
12880  10887  0.02
12900  10887  0.02
12920  10887  0.02
12940  10887  0.02
12960  10887  0.02
12980  10887  0.02
13000  10887  0.02
13020  10887  0.02
13040  10887  0.02
13060  10887  0.02
13080  10887  0.02
13100  10887  0.02
13120  10887  0.02
13140  10887  0.02
13160  10887  0.02
13180  10887  0.02
13200  10887  0.02
13220  10887  0.02
13240  10887  0.02
13260  10887  0.02
13280  10887  0.02
13300  10887  0.02
13320  10887  0.02
13340  10887  0.02
13360  10887  0.02
13380  10887  0.02
13400  10887  0.02
13420  10887  0.02
13440  10887  0.02
13460  10887  0.02
13480  10887  0.02
13500  10887  0.02
13520  10887  0.02
13540  10887  0.02
13560  10887  0.02
13580  10887  0.02
13600  10887  0.02
13620  10887  0.02
13640  10887  0.02
13660  10887  0.02
13680  10887  0.02
13700  10887  0.02
13720  10887  0.02
13740  10887  0.02
13760  10887  0.02
13780  10887  0.02
13800  10887  0.02
13820  10887  0.02
13840  10887  0.02
13860  10887  0.02
13880  10887  0.02
13900  10887  0.02
13920  10887  0.02
13940  10887  0.02
13960  10887  0.02
13980  10887  0.02
14000  10887  0.02
14020  10887  0.02
14040  10887  0.02
14060  10887  0.02
14080  10887  0.02
14100  10887  0.02
14120  10887  0.02
14140  10887  0.02
14160  10887  0.02
14180  10887  0.02
14200  10887  0.02
14220  10887  0.02
14240  10887  0.02
14260  10887  0.02
14280  10887  0.02
14300  10887  0.02
14320  10887  0.02
14340  10887  0.02
14360  10887  0.02
14380  10887  0.02
14400  10887  0.02
14420  10887  0.02
14440  10887  0.02
14460  10887  0.02
14480  10887  0.02
14500  10887  0.02
14520  10887  0.02
14540  10887  0.02
14560  10887  0.02
14580  10887  0.02
14600  10887  0.02
14620  10887  0.02
14640  10887  0.02
14660  10887  0.02
14680  10887  0.02
14700  10887  0.02
14720  10887  0.02
14740  10887  0.02
14760  10887  0.02
14780  10887  0.02
14800  10887  0.02
14820  10887  0.02
14840  10887  0.02
14860  10887  0.02
14880  10887  0.02
14900  10887  0.02
14920  10887  0.02
14940  10887  0.02
14960  10887  0.02
14980  10887  0.02
