100  4902.31  1
120  5539.6  0.96
140  6648.48  1
160  7632.48  1
180  8367.9  0.96
200  9169.34  0.96
220  10017  0.92
240  11458.1  0.96
260  13035.4  1
280  13432.3  0.96
300  13535  0.88
320  14067.5  0.86
340  16606.5  0.96
360  17012.1  0.94
380  18196.8  0.94
400  16569.4  0.82
420  19087.5  0.9
440  20482.2  0.92
460  19683.8  0.86
480  19969.9  0.84
500  19878.4  0.8
520  20299.1  0.78
540  20255.8  0.76
560  22242.2  0.8
580  22215.3  0.76
600  25151.5  0.84
620  22488.5  0.74
640  20799.6  0.66
660  25921.9  0.8
680  24185.3  0.72
700  26920.9  0.78
720  24620.1  0.7
740  24779.5  0.68
760  26067.4  0.7
780  24334.2  0.64
800  24200.7  0.62
820  24100.2  0.6
840  29614.6  0.72
860  28212.8  0.66
880  30666.3  0.7
900  28729.1  0.64
920  31116.6  0.68
940  26945.2  0.58
960  27509.1  0.58
980  31971.6  0.66
1000  29578.8  0.6
1020  29957.6  0.6
1040  29701.5  0.58
1060  30321  0.58
1080  28085.6  0.54
1100  29314.8  0.54
1120  30674.8  0.56
1140  28864.3  0.52
1160  28282.5  0.5
1180  33415.7  0.58
1200  29308.7  0.5
1220  37090.6  0.62
1240  28911.5  0.48
1260  29213  0.48
1280  38685.4  0.62
1300  22614.5  0.36
1320  41237  0.64
1340  29237.1  0.44
1360  32397.2  0.48
1380  30000.1  0.44
1400  36104.4  0.52
1420  31091.4  0.46
1440  37786.9  0.52
1460  43830.3  0.6
1480  29874.5  0.42
1500  39405.7  0.54
1520  27761.4  0.38
1540  24871.5  0.32
1560  27161.8  0.36
1580  25776.6  0.34
1600  40177.9  0.5
1620  27527.3  0.34
1640  37693.5  0.46
1660  33768.3  0.42
1680  43460.1  0.52
1700  30428.6  0.36
1720  22236.1  0.26
1740  34616.5  0.4
1760  34930.1  0.4
1780  33620.7  0.38
1800  35463.3  0.4
1820  32185.1  0.36
1840  38217.7  0.42
1860  30969.8  0.34
1880  33423.7  0.36
1900  39228  0.42
1920  24610.9  0.26
1940  36544.8  0.38
1960  33094.3  0.34
1980  29571.1  0.3
2000  35587.6  0.36
2020  32117.2  0.32
2040  28206.8  0.28
2060  36844.9  0.36
2080  39215.5  0.38
2100  29158.2  0.28
2120  29299.5  0.28
2140  46582.6  0.44
2160  38147.8  0.36
2180  25544  0.24
2200  25820.4  0.24
2220  32628.1  0.3
2240  39570.2  0.36
2260  44705.5  0.4
2280  40150.5  0.36
2300  28993.5  0.26
2320  31636.6  0.28
2340  34243.6  0.3
2360  34843.7  0.3
2380  49803.9  0.42
2400  30165.6  0.26
2420  47599.5  0.4
2440  30411  0.26
2460  40443.5  0.34
2480  51789.4  0.42
2500  33918.6  0.28
2520  31670  0.26
2540  42042.5  0.34
2560  42352.1  0.34
2580  30053.9  0.24
2600  35347.9  0.28
2620  43749.7  0.34
2640  38728.3  0.3
2660  36268.1  0.28
2680  36179.1  0.28
2700  31426.1  0.24
2720  45208.6  0.34
2740  18119.6  0.14
2760  43519  0.32
2780  35092.6  0.26
2800  33120.9  0.24
2820  29006.1  0.22
2840  36012.3  0.26
2860  44636.4  0.32
2880  51240.4  0.36
2900  33657.8  0.24
2920  49170.5  0.34
2940  55508.4  0.38
2960  40263.3  0.28
2980  49118.4  0.34
3000  31507.5  0.22
3020  71730.3  0.48
3040  31853  0.22
3060  44124.4  0.3
3080  60630.9  0.4
3100  60886.7  0.4
3120  44969.2  0.3
3140  49719.1  0.32
3160  49078.8  0.32
3180  39542.2  0.26
3200  50764.2  0.32
3220  60144.3  0.38
3240  54599.6  0.34
3260  44829.2  0.28
3280  36924.9  0.24
3300  54425.7  0.34
3320  34831.1  0.22
3340  51699.1  0.32
3360  55392.5  0.34
3380  44528.4  0.28
3400  35098.1  0.22
3420  48795.1  0.3
3440  60682.4  0.36
3460  26566.4  0.16
3480  46768.4  0.28
3500  46951.4  0.28
3520  35808.1  0.22
3540  30502.4  0.18
3560  51753.3  0.3
3580  48451  0.28
3600  30392  0.18
3620  33732.5  0.2
3640  65696.8  0.38
3660  45159  0.26
3680  43008.2  0.24
3700  53818.7  0.3
3720  61377.1  0.34
3740  66155  0.36
3760  51436.2  0.28
3780  47840.4  0.26
3800  63104.8  0.34
3820  28366.8  0.16
3840  55506.4  0.3
3860  44767.3  0.24
3880  40973.1  0.22
3900  45242.4  0.24
3920  43540.9  0.24
3940  40759.3  0.22
3960  25450.8  0.14
3980  31838.3  0.16
4000  50381.7  0.26
4020  50437.1  0.26
4040  32024  0.16
4060  54201.3  0.28
4080  57162.9  0.28
4100  50771.4  0.26
4120  28674.8  0.14
4140  64438.2  0.32
4160  46185.5  0.24
4180  58714.9  0.28
4200  29175.2  0.14
4220  56950.8  0.28
4240  38964.6  0.2
4260  52988.9  0.26
4280  43801.2  0.22
4300  47849.5  0.24
4320  44437.4  0.22
4340  31072.8  0.16
4360  21171.9  0.1
4380  27494.8  0.14
4400  65558.1  0.3
4420  56853.6  0.26
4440  41129.5  0.2
4460  51469.9  0.24
4480  39437.9  0.18
4500  45450.4  0.22
4520  70252  0.32
4540  63160.7  0.28
4560  24237  0.12
4580  55848.6  0.26
4600  53111.5  0.24
4620  57608.6  0.26
4640  57841.8  0.26
4660  39372.6  0.18
4680  55625.2  0.24
4700  39947.9  0.18
4720  34629  0.16
4740  47993.2  0.22
4760  39965.4  0.18
4780  43384.6  0.2
4800  72100.1  0.32
4820  48347.4  0.22
4840  44504.9  0.2
4860  40350.8  0.18
4880  70359.3  0.3
4900  46491.2  0.2
4920  32368.6  0.14
4940  34235.3  0.14
4960  53564.5  0.22
4980  33735.5  0.14
5000  51675.1  0.22
5020  54880.9  0.22
5040  40744.2  0.18
5060  35920.4  0.16
5080  77773  0.32
5100  30540.7  0.12
5120  66980.3  0.28
5140  79347.4  0.32
5160  57704  0.24
5180  52321.5  0.22
5200  79989.9  0.32
5220  41983.5  0.18
5240  42291.4  0.18
5260  38150.5  0.16
5280  50209.8  0.2
5300  28443.1  0.12
5320  59117.2  0.24
5340  39532.2  0.16
5360  55227.6  0.22
5380  82987.1  0.32
5400  65027.6  0.26
5420  60433.3  0.24
5440  33132  0.14
5460  49702.9  0.2
5480  29979.2  0.12
5500  22443.4  0.1
5520  50858.7  0.2
5540  28157.1  0.12
5560  68734.3  0.26
5580  57299.3  0.22
5600  37703.6  0.14
5620  47245.5  0.18
5640  47183.3  0.18
5660  41688.7  0.16
5680  35683.1  0.14
5700  34664.5  0.14
5720  34299.4  0.12
5740  50070.7  0.18
5760  57954.1  0.22
5780  75309.2  0.26
5800  25837.4  0.1
5820  62393  0.22
5840  49762.8  0.18
5860  29757.7  0.12
5880  39321.1  0.14
5900  37276.1  0.14
5920  19268.7  0.08
5940  60985.4  0.22
5960  45750.3  0.16
5980  42799  0.16
6000  46264.3  0.16
6020  34816.7  0.12
6040  36266.1  0.12
6060  19705.8  0.08
6080  32279.5  0.12
6100  41936.2  0.14
6120  69767.1  0.24
6140  39803.9  0.14
6160  33386.3  0.12
6180  45505.2  0.16
6200  38743.7  0.14
6220  53276.2  0.18
6240  32177.6  0.12
6260  41267  0.14
6280  26705.5  0.1
6300  58320.8  0.2
6320  26992.9  0.1
6340  52105.7  0.18
6360  34013  0.12
6380  46209.6  0.16
6400  34367  0.12
6420  72605.1  0.24
6440  65764.9  0.22
6460  40977.2  0.14
6480  66923.9  0.22
6500  44490.2  0.14
6520  53659.8  0.18
6540  56457.1  0.18
6560  15022.8  0.06
6580  54892  0.18
6600  45769.7  0.14
6620  47300.9  0.16
6640  48698.5  0.16
6660  41208.9  0.14
6680  62471.6  0.2
6700  76136.8  0.24
6720  62582.3  0.2
6740  49351.8  0.16
6760  40183.7  0.12
6780  48885.1  0.16
6800  42354.8  0.14
6820  28541.3  0.1
6840  40593.2  0.12
6860  56445.7  0.18
6880  28812.9  0.1
6900  25828.9  0.08
6920  15076.3  0.06
6940  63711.3  0.2
6960  23896.5  0.08
6980  36464.8  0.12
7000  49740.4  0.16
7020  68346.1  0.2
7040  86220.8  0.26
7060  29137.3  0.1
7080  72899.9  0.22
7100  73073.1  0.22
7120  58594.6  0.18
7140  44051.1  0.14
7160  68648.9  0.2
7180  45341.9  0.14
7200  43641.2  0.14
7220  51169.5  0.16
7240  28862.2  0.08
7260  25852.2  0.08
7280  58533.7  0.18
7300  38665.4  0.12
7320  82609.2  0.24
7340  42743.4  0.12
7360  29944.5  0.1
7380  34036.1  0.1
7400  41341.6  0.12
7420  30414.9  0.1
7440  40793.1  0.12
7460  57257.9  0.16
7480  75744.1  0.22
7500  45648.3  0.14
7520  47257.9  0.14
7540  34258.7  0.1
7560  43937.6  0.12
7580  24487  0.08
7600  77605.8  0.22
7620  16708.3  0.06
7640  47455.4  0.14
7660  30964.7  0.1
7680  39544  0.12
7700  46744.6  0.14
7720  46909.8  0.14
7740  53735.8  0.14
7760  47101.3  0.14
7780  92135.2  0.24
7800  40525.7  0.12
7820  16346.6  0.06
7840  25756.2  0.08
7860  31802.5  0.1
7880  96621.4  0.26
7900  41510.7  0.12
7920  75364.9  0.2
7940  23933.1  0.08
7960  65779.6  0.18
7980  31966.5  0.1
8000  32426.8  0.1
8020  65611.8  0.18
8040  16125.6  0.06
8060  81146.6  0.22
8080  68928.3  0.18
8100  56753.7  0.14
8120  16195.4  0.04
8140  26722.1  0.08
8160  40805.8  0.1
8180  49069.1  0.14
8200  32765.6  0.08
8220  59880  0.16
8240  33106.2  0.1
8260  59974  0.16
8280  63654.6  0.16
8300  75078.5  0.2
8320  33448.6  0.1
8340  67000.3  0.18
8360  75997.7  0.2
8380  59191.4  0.16
8400  67806.5  0.18
8420  50174.2  0.12
8440  41502.7  0.1
8460  44214  0.12
8480  34984.2  0.1
8500  25304.6  0.06
8520  42692.4  0.12
8540  43309.2  0.12
8560  72813.5  0.18
8580  61537.6  0.16
8600  130911  0.32
8620  42994.6  0.1
8640  34323  0.08
8660  16664.2  0.04
8680  68841.6  0.16
8700  25984.7  0.06
8720  43496.1  0.1
8740  43619.5  0.1
8760  34209.2  0.08
8780  34898.7  0.08
8800  25603.2  0.06
8820  97080.5  0.24
8840  77711.8  0.18
8860  44031.7  0.1
8880  35213.7  0.08
8900  35270.5  0.08
8920  26352.1  0.06
8940  36170.1  0.1
8960  35423.9  0.08
8980  35414.9  0.08
9000  35407.4  0.08
9020  26588.9  0.06
9040  69333.1  0.16
9060  44771.1  0.1
9080  35883.5  0.08
9100  26392.6  0.06
9120  26818.3  0.06
9140  17677.4  0.04
9160  26255.1  0.06
9180  36057.7  0.08
9200  26950.9  0.06
9220  27583.8  0.06
9240  17780.3  0.04
9260  39393.7  0.1
9280  17817.1  0.04
9300  92871.9  0.22
9320  27150.7  0.06
9340  36490  0.08
9360  27261.3  0.06
9380  27283.4  0.06
9400  114420  0.26
9420  49396.7  0.12
9440  26997.1  0.06
9460  26746.4  0.06
9480  37097.2  0.08
9500  37885.5  0.08
9520  37133.9  0.08
9540  36206  0.08
9560  37212.4  0.08
9580  17468.6  0.04
9600  117672  0.26
9620  27716.2  0.06
9640  36666.6  0.08
9660  27874.8  0.06
9680  27265.6  0.06
9700  27918.9  0.06
9720  36724.5  0.08
9740  59884.6  0.14
9760  28133.8  0.06
9780  47685.1  0.1
9800  18339  0.04
9820  55439.7  0.12
9840  29126.6  0.06
9860  17712.2  0.04
9880  18419.9  0.04
9900  27829.8  0.06
9920  118351  0.24
9940  65822.2  0.14
9960  37853  0.08
9980  28383.4  0.06
10000  18537.5  0.04
10020  100293  0.22
10040  42975.2  0.1
10060  48693.1  0.1
10080  88776.3  0.18
10100  28784.1  0.06
10120  122853  0.26
10140  39028.6  0.08
10160  28899.9  0.06
10180  44801.8  0.1
10200  28887  0.06
10220  83357.6  0.18
10240  49027  0.1
10260  37251.9  0.08
10280  38665.1  0.08
10300  123944  0.26
10320  29210.7  0.06
10340  49889.7  0.1
10360  29271.6  0.06
10380  18919.7  0.04
10400  49815.8  0.1
10420  39907.8  0.08
10440  18978.5  0.04
10460  34041.7  0.08
10480  28683.3  0.06
10500  95962.8  0.2
10520  29600.1  0.06
10540  40788.6  0.08
10560  29652.3  0.06
10580  29684.2  0.06
10600  96026.7  0.2
10620  29800.3  0.06
10640  29725.8  0.06
10660  19199.1  0.04
10680  29969  0.06
10700  29905.2  0.06
10720  50942  0.1
10740  23578.2  0.06
10760  18503.8  0.04
10780  30084.6  0.06
10800  18537.8  0.04
10820  19360.8  0.04
10840  66514.4  0.14
10860  29781.9  0.06
10880  41224.3  0.08
10900  30283.5  0.06
10920  41871.5  0.08
10940  30402.4  0.06
10960  30381.2  0.06
10980  18697.7  0.04
11000  19537.2  0.04
11020  101165  0.2
11040  143788  0.28
11060  44692.4  0.1
11080  19618.1  0.04
11100  30786.1  0.06
11120  51683.3  0.1
11140  19676.9  0.04
11160  18853.1  0.04
11180  19721  0.04
11200  30889  0.06
11220  30072  0.06
11240  31924.3  0.06
11260  41241.2  0.08
11280  30124.4  0.06
11300  19838.6  0.04
11320  54715.1  0.1
11340  57944.3  0.12
11360  31822.6  0.06
11380  30234.8  0.06
11400  31262.9  0.06
11420  43823.6  0.08
11440  19978.3  0.04
11460  42827.8  0.08
11480  31530.5  0.06
11500  32488.3  0.06
11520  31481.1  0.06
11540  44069.4  0.08
11560  32537  0.06
11580  44117.3  0.08
11600  20140  0.04
11620  93410.3  0.18
11640  70698.5  0.14
11660  43936.3  0.08
11680  44533.5  0.08
11700  94668.8  0.18
11720  44555.8  0.08
11740  32873.7  0.06
11760  21208.9  0.04
11780  112884  0.2
11800  60402.6  0.12
11820  65579.3  0.12
11840  33126.4  0.06
11860  84722.6  0.16
11880  57039.6  0.1
11900  57020.4  0.1
11920  60023  0.12
11940  33371.8  0.06
11960  45400.7  0.08
11980  33330.2  0.06
12000  87940.6  0.16
12020  63927.7  0.12
12040  44285  0.08
12060  33048.6  0.06
12080  33666.1  0.06
12100  33688.1  0.06
12120  33809.9  0.06
12140  20609  0.04
12160  33846.6  0.06
12180  32848.8  0.06
12200  45927.4  0.08
12220  57582.3  0.1
12240  21686.7  0.04
12260  34037.2  0.06
12280  34059.3  0.06
12300  34040.5  0.06
12320  34053.7  0.06
12340  53526  0.1
12360  32108.9  0.06
12380  87127.7  0.16
12400  37655.7  0.08
12420  113483  0.2
12440  59489.7  0.1
12460  21907.2  0.04
12480  46238.3  0.08
12500  34431.1  0.06
12520  21966  0.04
12540  59641.6  0.1
12560  22010.1  0.04
12580  34605.7  0.06
12600  34630  0.06
12620  34649.8  0.06
12640  34731.6  0.06
12660  34686.5  0.06
12680  52919  0.1
12700  113408  0.18
12720  43636.3  0.08
12740  21127.7  0.04
12760  60516.1  0.1
12780  67292.9  0.12
12800  85432  0.14
12820  35042.7  0.06
12840  33203.6  0.06
12860  22304.2  0.04
12880  35211.7  0.06
12900  22348.3  0.04
12920  33272.4  0.06
12940  48207.8  0.08
12960  21318.5  0.04
12980  35381.8  0.06
13000  35396.6  0.06
13020  35529.3  0.06
13040  61796.4  0.1
13060  22510  0.04
13080  35661  0.06
13100  35683  0.06
13120  22568.8  0.04
13140  48884.8  0.08
13160  35790.7  0.06
13180  22627.6  0.04
13200  35914.5  0.06
13220  49061.5  0.08
13240  48358.2  0.08
13260  62489.7  0.1
13280  94819.5  0.16
13300  36006.1  0.06
13320  107416  0.18
13340  22789.3  0.04
13360  61465.6  0.1
13380  49421.9  0.08
13400  36183.1  0.06
13420  49653.2  0.08
13440  36305.8  0.06
13460  36354.6  0.06
13480  36529.9  0.06
13500  49962.9  0.08
13520  22965.8  0.04
13540  68171.6  0.12
13560  110164  0.18
13580  23024.6  0.04
13600  101667  0.16
13620  43419.2  0.08
13640  123748  0.2
13660  36706.3  0.06
13680  49340.3  0.08
13700  36885.3  0.06
13720  50682.1  0.08
13740  63149.2  0.1
13760  36941.7  0.06
13780  37171.3  0.06
13800  112572  0.18
13820  50889.6  0.08
13840  37073.7  0.06
13860  21213  0.04
13880  166756  0.26
13900  37282.3  0.06
13920  126432  0.2
13940  99261.6  0.16
13960  22176.8  0.04
13980  36035.8  0.06
14000  37385.2  0.06
14020  37398.1  0.06
14040  36144.3  0.06
14060  37450.6  0.06
14080  37644.5  0.06
14100  49325.8  0.08
14120  23568.5  0.04
14140  64441.2  0.1
14160  42503.1  0.06
14180  22367.7  0.04
14200  23649.4  0.04
14220  21530.1  0.04
14240  23686.2  0.04
14260  56638.8  0.08
14280  21587.1  0.04
14300  23745  0.04
14320  38048  0.06
14340  28579.8  0.04
14360  36780.4  0.06
14380  52477.5  0.08
14400  79211.5  0.12
14420  38274.5  0.06
14440  56726.9  0.08
14460  23906.7  0.04
14480  52954.4  0.08
14500  102665  0.16
14520  23965.5  0.04
14540  144223  0.2
14560  38543.2  0.06
14580  53174.8  0.08
14600  125243  0.18
14620  22741.1  0.04
14640  38711.4  0.06
14660  38788.6  0.06
14680  91624.2  0.14
14700  36613.8  0.06
14720  53488.1  0.08
14740  119038  0.18
14760  53571.8  0.08
14780  38956  0.06
14800  24244.8  0.04
14820  148745  0.22
14840  39005.1  0.06
14860  39128.5  0.06
14880  176346  0.24
14900  39160.4  0.06
14920  39330.8  0.06
14940  87616.8  0.12
14960  124804  0.18
14980  179642  0.26
