100  4362.49  1
120  5204.73  0.96
140  6575.71  0.96
160  7314.23  0.96
180  8204.43  0.94
200  9187.2  0.92
220  9969.32  0.88
240  10901.4  0.86
260  12319.1  0.92
280  13890.9  0.98
300  14186.2  0.92
320  15201.6  0.94
340  15591.8  0.92
360  16615.5  0.92
380  17112.2  0.88
400  17017.1  0.84
420  18946.4  0.9
440  18324.3  0.84
460  19077.3  0.84
480  19988.4  0.84
500  19893.8  0.8
520  20793.1  0.82
540  20702.5  0.78
560  21119.6  0.76
580  22814.7  0.8
600  23699.6  0.8
620  24024.9  0.78
640  22899.7  0.72
660  25144.5  0.76
680  26015  0.76
700  25936.5  0.74
720  26930.2  0.74
740  26741.6  0.72
760  27228.1  0.72
780  25482.8  0.66
800  26911  0.68
820  29125.1  0.72
840  23431.7  0.56
860  27406.1  0.64
880  25437.6  0.58
900  27784.4  0.62
920  28577.4  0.62
940  29018.2  0.62
960  33301.4  0.7
980  28941.8  0.6
1000  29378.5  0.6
1020  30866.9  0.62
1040  29298.1  0.58
1060  30005.3  0.58
1080  30727.5  0.58
1100  38069.3  0.7
1120  32981.1  0.6
1140  30088.2  0.54
1160  34323.5  0.6
1180  28684  0.5
1200  38082.8  0.64
1220  37445.1  0.62
1240  30621.2  0.5
1260  35690.1  0.58
1280  35458.2  0.56
1300  34825.9  0.54
1320  32361.3  0.5
1340  36943.5  0.56
1360  31928.7  0.48
1380  38074.9  0.56
1400  38193.6  0.56
1420  37532.4  0.54
1440  34080.6  0.48
1460  35396.8  0.5
1480  37052.8  0.52
1500  33337.3  0.46
1520  43802.4  0.58
1540  33016.5  0.44
1560  40960.6  0.54
1580  42240.4  0.54
1600  42129.4  0.54
1620  37628.6  0.48
1640  43643.7  0.54
1660  36978.4  0.46
1680  48075.8  0.58
1700  39872.3  0.48
1720  36774  0.44
1740  33859.9  0.4
1760  42918.6  0.5
1780  37869.2  0.44
1800  38820.9  0.44
1820  41049.3  0.46
1840  37884.2  0.42
1860  44514  0.5
1880  42218  0.46
1900  38905.4  0.42
1920  32881.3  0.36
1940  32285.1  0.34
1960  44021.4  0.46
1980  43920.7  0.46
2000  44830.4  0.46
2020  45354.1  0.46
2040  39036.6  0.4
2060  43915.8  0.44
2080  31663.2  0.32
2100  45204.5  0.44
2120  44677  0.44
2140  45882.3  0.44
2160  40370.7  0.38
2180  51523.3  0.48
2200  42928.1  0.4
2220  45675.7  0.42
2240  41536.6  0.38
2260  46244.3  0.42
2280  39605.1  0.36
2300  44834.3  0.4
2320  44510.9  0.4
2340  47842.5  0.42
2360  45089.2  0.4
2380  48953.3  0.42
2400  46432.2  0.4
2420  58873.3  0.5
2440  49640  0.42
2460  42400.8  0.36
2480  30931  0.26
2500  46037.1  0.38
2520  48910.6  0.4
2540  31182.3  0.26
2560  44610.5  0.36
2580  44805.9  0.36
2600  33303.6  0.26
2620  39132.2  0.32
2640  42534.2  0.34
2660  39392  0.3
2680  67650.8  0.52
2700  51836.8  0.4
2720  46898.2  0.36
2740  60649.5  0.46
2760  67013.5  0.5
2780  51243.9  0.38
2800  43418.8  0.32
2820  40328.7  0.3
2840  43931.5  0.32
2860  43546.3  0.32
2880  58242.2  0.42
2900  49956.9  0.36
2920  57810.2  0.4
2940  38829.9  0.28
2960  39550.7  0.28
2980  36198  0.26
3000  45075.1  0.32
3020  33336.3  0.22
3040  70064.4  0.48
3060  49746.7  0.34
3080  54905.2  0.36
3100  34564.3  0.24
3120  47374.8  0.32
3140  32474.8  0.22
3160  38781.2  0.26
3180  51772  0.34
3200  42530.4  0.28
3220  58492.1  0.38
3240  32816.3  0.22
3260  29504.8  0.18
3280  32459.9  0.2
3300  37546.3  0.24
3320  33908.4  0.22
3340  40740.5  0.26
3360  57564.6  0.36
3380  34290.7  0.22
3400  43577.5  0.26
3420  36155.7  0.22
3440  36580.5  0.22
3460  59436.2  0.36
3480  42764.7  0.26
3500  64936.3  0.38
3520  20250.8  0.12
3540  45272.7  0.26
3560  37609.5  0.22
3580  46169.1  0.26
3600  53822.1  0.3
3620  44082.6  0.26
3640  60223.1  0.34
3660  40922.6  0.24
3680  29631.6  0.16
3700  48203.1  0.26
3720  30271.6  0.18
3740  52929.7  0.3
3760  54659.8  0.3
3780  47024.2  0.26
3800  34816.3  0.2
3820  29469.9  0.16
3840  42887.5  0.24
3860  35930.7  0.2
3880  34652.7  0.18
3900  45805.6  0.24
3920  59300.7  0.32
3940  38045.2  0.2
3960  43297.7  0.22
3980  52630.6  0.28
4000  38971.7  0.2
4020  60450.5  0.32
4040  74943.5  0.38
4060  40797.7  0.22
4080  49428.6  0.26
4100  49884.6  0.26
4120  31856.8  0.16
4140  59779.3  0.3
4160  31223.9  0.16
4180  34140.1  0.18
4200  56435  0.28
4220  30250.3  0.16
4240  32949.4  0.16
4260  30727.8  0.16
4280  61634.1  0.3
4300  49914.7  0.24
4320  55465.1  0.26
4340  29553.7  0.14
4360  36976.2  0.18
4380  44223.5  0.22
4400  42925.2  0.2
4420  53882.8  0.26
4440  29147.8  0.14
4460  49215.6  0.24
4480  34183  0.16
4500  27735.5  0.14
4520  26060  0.12
4540  23378  0.12
4560  37411.6  0.18
4580  73581.5  0.32
4600  42140.5  0.2
4620  37937.3  0.18
4640  43358.9  0.2
4660  55812  0.24
4680  36258.9  0.16
4700  43463.7  0.2
4720  50819.3  0.22
4740  48938.7  0.22
4760  22618.7  0.1
4780  38154.8  0.16
4800  24535.8  0.12
4820  39164.4  0.18
4840  43428.9  0.18
4860  35970.3  0.16
4880  43856  0.18
4900  50461.1  0.22
4920  50063.4  0.22
4940  34419.1  0.16
4960  17277.4  0.08
4980  63638.8  0.26
5000  15479  0.08
5020  12333  0.06
5040  18308.3  0.08
5060  29613.2  0.12
5080  71893.4  0.3
5100  59179.2  0.24
5120  36850.8  0.16
5140  68858.9  0.28
5160  55399.6  0.22
5180  47702.7  0.2
5200  63425.9  0.26
5220  30017.5  0.12
5240  53419.7  0.22
5260  45709.4  0.18
5280  45770  0.18
5300  66851  0.26
5320  56339.6  0.22
5340  32816.8  0.14
5360  32494.5  0.14
5380  46561.5  0.18
5400  12246.1  0.06
5420  38445.2  0.16
5440  43166.6  0.16
5460  44759.3  0.18
5480  31819.7  0.12
5500  36109  0.14
5520  43802.3  0.16
5540  39561  0.16
5560  62047.4  0.24
5580  21204.2  0.08
5600  37082.3  0.14
5620  62305.1  0.24
5640  10017.7  0.04
5660  27057  0.1
5680  50523.7  0.18
5700  43781.2  0.16
5720  46369.4  0.18
5740  63617.9  0.24
5760  39293.8  0.14
5780  22459.3  0.08
5800  29608.2  0.12
5820  22175.5  0.08
5840  40865.2  0.14
5860  50664.1  0.18
5880  38929.8  0.14
5900  21118.3  0.08
5920  34781.4  0.12
5940  26009.3  0.1
5960  29879  0.12
5980  23696.9  0.08
6000  36761.8  0.14
6020  36200.9  0.14
6040  43797.6  0.16
6060  18177.7  0.06
6080  31556  0.12
6100  34007.4  0.12
6120  19335.9  0.08
6140  28338.2  0.1
6160  24651.2  0.08
6180  49931.7  0.18
6200  43609.3  0.16
6220  24662.3  0.08
6240  53290.5  0.18
6260  22351.7  0.08
6280  18537  0.06
6300  32628.7  0.12
6320  32907.7  0.12
6340  54104.7  0.18
6360  25527.2  0.08
6380  24313.9  0.08
6400  44639.4  0.14
6420  11752.4  0.04
6440  18008.1  0.06
6460  18028.2  0.06
6480  25541.4  0.08
6500  42550.3  0.14
6520  32307.1  0.1
6540  19188.9  0.06
6560  12661.4  0.04
6580  18675.6  0.06
6600  38850.6  0.12
6620  19436.9  0.06
6640  12741.5  0.04
6660  12761.5  0.04
6680  19458  0.06
6700  31732.5  0.1
6720  18712.4  0.06
6740  11851.8  0.04
6760  26461.9  0.08
6780  37715.2  0.12
6800  64928.2  0.2
6820  18832.4  0.06
6840  12941.8  0.04
6860  12131.8  0.04
6880  28182.8  0.1
6900  18996.6  0.06
6920  33613.7  0.1
6940  11872.9  0.04
6960  45197.4  0.14
6980  18792.1  0.06
7000  73650  0.22
7020  20003.9  0.06
7040  45624.6  0.14
7060  20215.7  0.06
7080  12143.1  0.04
7100  20397.3  0.06
7120  26036.7  0.08
7140  28034.7  0.08
7160  20080.6  0.06
7180  11893.5  0.04
7200  35016  0.1
7220  57797.1  0.16
7240  20442.7  0.06
7260  13362.5  0.04
7280  27759.4  0.08
7300  19855.8  0.06
7320  26965.9  0.08
7340  19781.9  0.06
7360  11913.6  0.04
7380  44853.8  0.14
7400  20696.6  0.06
7420  32855.7  0.1
7440  13541.6  0.04
7460  13561.6  0.04
7480  63492.7  0.18
7500  14091  0.04
7520  49937.4  0.14
7540  54085.4  0.16
7560  21336.5  0.06
7580  13681.8  0.04
7600  36011  0.1
7620  21396.6  0.06
7640  21144.1  0.06
7660  26634.3  0.08
7680  43332.9  0.12
7700  13802  0.04
7720  13822  0.04
7740  13842  0.04
7760  40243.8  0.12
7780  51894.9  0.14
7800  59886.4  0.16
7820  32073  0.1
7840  25347.3  0.08
7860  28536.1  0.08
7880  43027  0.12
7900  44619.2  0.12
7920  13839.5  0.04
7940  66589.5  0.18
7960  66771.2  0.18
7980  27506.3  0.08
8000  63775  0.16
8020  29292.4  0.08
8040  97343.3  0.26
8060  51738.4  0.14
8080  53722.8  0.14
8100  53821.9  0.14
8120  29256.9  0.08
8140  12818.3  0.04
8160  37730.4  0.1
8180  60665.5  0.16
8200  41533.5  0.12
8220  52030.3  0.14
8240  40544.7  0.1
8260  52987.5  0.14
8280  54424.1  0.14
8300  29850.6  0.08
8320  20357.6  0.06
8340  45134.3  0.12
8360  16288  0.04
8380  46846.4  0.12
8400  33533.2  0.08
8420  19994  0.06
8440  30515.5  0.08
8460  45434.9  0.12
8480  80736.5  0.2
8500  25048.2  0.06
8520  12782.7  0.04
8540  12776.7  0.04
8560  58883.6  0.14
8580  12775.7  0.04
8600  71927.4  0.18
8620  26945  0.08
8640  43323.1  0.12
8660  29545.9  0.08
8680  13753.2  0.04
8700  22552.9  0.06
8720  38297.9  0.1
8740  13580.5  0.04
8760  44453.4  0.12
8780  26397.1  0.08
8800  46678.8  0.12
8820  22794.4  0.06
8840  20165.5  0.06
8860  44006.8  0.1
8880  64387.2  0.16
8900  31461.2  0.08
8920  22893.3  0.06
8940  11185.2  0.04
8960  45960.4  0.12
8980  28364.3  0.08
9000  21577.7  0.06
9020  63746.8  0.16
9040  44395.2  0.1
9060  63948.3  0.16
9080  15600.9  0.04
9100  21192.1  0.06
9120  49052.2  0.12
9140  29621.7  0.08
9160  26613.1  0.06
9180  24488.7  0.06
9200  13514.7  0.04
9220  37829.7  0.1
9240  31326.6  0.08
9260  16727  0.04
9280  49132.3  0.12
9300  40501.6  0.1
9320  12706.4  0.04
9340  22243.7  0.06
9360  13383.2  0.04
9380  38112.4  0.1
9400  31919.6  0.08
9420  13437.9  0.04
9440  28831.8  0.08
9460  36923.4  0.08
9480  27212.6  0.06
9500  18809.6  0.04
9520  17513.7  0.04
9540  28289.6  0.06
9560  22684.5  0.06
9580  41942.7  0.1
9600  54123.5  0.12
9620  32473.5  0.08
9640  22882  0.06
9660  12142.8  0.04
9680  61184.8  0.14
9700  19493.8  0.06
9720  13290.1  0.04
9740  58599  0.14
9760  22504.3  0.06
9780  35014.9  0.08
9800  22963.6  0.06
9820  11496.1  0.04
9840  33116.7  0.08
9860  23094  0.06
9880  23375.2  0.06
9900  13470.4  0.04
9920  23452.2  0.06
9940  23472.2  0.06
9960  33565.4  0.08
9980  13550.5  0.04
10000  33524.3  0.08
10020  27919.6  0.06
10040  17728.1  0.04
10060  23704.9  0.06
10080  33263.8  0.08
10100  43848.6  0.1
10120  13511.3  0.04
10140  13710.8  0.04
10160  44032.2  0.1
10180  50886.8  0.1
10200  28247.4  0.06
10220  33262.7  0.08
10240  58446.6  0.12
10260  13831  0.04
10280  15331.4  0.04
10300  15307.1  0.04
10320  62616.7  0.14
10340  13408.3  0.04
10360  21527.7  0.06
10380  25640.5  0.06
10400  34779.2  0.08
10420  63711.2  0.14
10440  52281.2  0.1
10460  70572.8  0.14
10480  63357.9  0.14
10500  53147.3  0.12
10520  42570.4  0.1
10540  52720.4  0.12
10560  51231.4  0.1
10580  32239.2  0.08
10600  53542.4  0.12
10620  53865.4  0.12
10640  32212.4  0.08
10660  22440.7  0.06
10680  43474.1  0.1
10700  22751  0.06
10720  36014.5  0.08
10740  11822  0.04
10760  16125.8  0.04
10780  30263.9  0.06
10800  38291.7  0.08
10820  54693.7  0.12
10840  28078.4  0.06
10860  44017.2  0.1
10880  16478.8  0.04
10900  53154.5  0.1
10920  21840.4  0.04
10940  55061.8  0.12
10960  25260.1  0.06
10980  17491  0.04
11000  28156.9  0.06
11020  47425.3  0.1
11040  34439.4  0.08
11060  33928.7  0.08
11080  22882.6  0.06
11100  14572.6  0.04
11120  15843.8  0.04
11140  13631.6  0.04
11160  40041  0.08
11180  12533.7  0.04
11200  20861.4  0.04
11220  23069.9  0.06
11240  30229.3  0.06
11260  42487.2  0.08
11280  23076.4  0.06
11300  30316  0.06
11320  44871  0.08
11340  12035.1  0.04
11360  28596.4  0.06
11380  31383.6  0.06
11400  25013.6  0.06
11420  31468.8  0.06
11440  12752.7  0.04
11460  37653.9  0.08
11480  23851.9  0.06
11500  14841.8  0.04
11520  31437.7  0.06
11540  15522.5  0.04
11560  26368  0.06
11580  25715  0.06
11600  24113.9  0.06
11620  23535.6  0.06
11640  23849.8  0.06
11660  24417.7  0.06
11680  12379.7  0.04
11700  24537.5  0.06
11720  40856.4  0.08
11740  23667.2  0.06
11760  24664.1  0.06
11780  29816.4  0.06
11800  24431.7  0.06
11820  24724.2  0.06
11840  12963.7  0.04
11860  12976.5  0.04
11880  40090.1  0.08
11900  13570.3  0.04
11920  37012.6  0.08
11940  35933.2  0.08
11960  15688  0.04
11980  25380.4  0.06
12000  25140.1  0.06
12020  13135.5  0.04
12040  13155.5  0.04
12060  25222.4  0.06
12080  34032.5  0.06
12100  25404.5  0.06
12120  37172  0.08
12140  37078.4  0.08
12160  13275.7  0.04
12180  25338.9  0.06
12200  13315.8  0.04
12220  24432.9  0.04
12240  12239.9  0.02
12260  12400.8  0.04
12280  17149  0.04
12300  24515.2  0.04
12320  25032.6  0.06
12340  25050.6  0.06
12360  24894.2  0.06
12380  12516.9  0.04
12400  12574.7  0.04
12420  12420.2  0.02
12440  12422.7  0.02
12460  12422.7  0.02
12480  12422.7  0.02
12500  12422.7  0.02
12520  12422.7  0.02
12540  12422.7  0.02
12560  12422.7  0.02
12580  12422.7  0.02
12600  12422.7  0.02
12620  12422.7  0.02
12640  12422.7  0.02
12660  12422.7  0.02
12680  12422.7  0.02
12700  12422.7  0.02
12720  12422.7  0.02
12740  12422.7  0.02
12760  12422.7  0.02
12780  12422.7  0.02
12800  12422.7  0.02
12820  12422.7  0.02
12840  12422.7  0.02
12860  12422.7  0.02
12880  12422.7  0.02
12900  12422.7  0.02
12920  12422.7  0.02
12940  12422.7  0.02
12960  12422.7  0.02
12980  12422.7  0.02
13000  12422.7  0.02
13020  12422.7  0.02
13040  12422.7  0.02
13060  12422.7  0.02
13080  12422.7  0.02
13100  12422.7  0.02
13120  12422.7  0.02
13140  12422.7  0.02
13160  12422.7  0.02
13180  12422.7  0.02
13200  12422.7  0.02
13220  12422.7  0.02
13240  12422.7  0.02
13260  12422.7  0.02
13280  12422.7  0.02
13300  12422.7  0.02
13320  12422.7  0.02
13340  12422.7  0.02
13360  12422.7  0.02
13380  12422.7  0.02
13400  12422.7  0.02
13420  12422.7  0.02
13440  12422.7  0.02
13460  12422.7  0.02
13480  12422.7  0.02
13500  12422.7  0.02
13520  12422.7  0.02
13540  12422.7  0.02
13560  12422.7  0.02
13580  12422.7  0.02
13600  12422.7  0.02
13620  12422.7  0.02
13640  12422.7  0.02
13660  12422.7  0.02
13680  12422.7  0.02
13700  12422.7  0.02
13720  12422.7  0.02
13740  12422.7  0.02
13760  12422.7  0.02
13780  12422.7  0.02
13800  12422.7  0.02
13820  12422.7  0.02
13840  12422.7  0.02
13860  12422.7  0.02
13880  12422.7  0.02
13900  12422.7  0.02
13920  12422.7  0.02
13940  12422.7  0.02
13960  12422.7  0.02
13980  12422.7  0.02
14000  12422.7  0.02
14020  12422.7  0.02
14040  12422.7  0.02
14060  12422.7  0.02
14080  12422.7  0.02
14100  12422.7  0.02
14120  12422.7  0.02
14140  12422.7  0.02
14160  12422.7  0.02
14180  12422.7  0.02
14200  12422.7  0.02
14220  12422.7  0.02
14240  12422.7  0.02
14260  12422.7  0.02
14280  12422.7  0.02
14300  12422.7  0.02
14320  12422.7  0.02
14340  12422.7  0.02
14360  12422.7  0.02
14380  12422.7  0.02
14400  12422.7  0.02
14420  12422.7  0.02
14440  12422.7  0.02
14460  12422.7  0.02
14480  12422.7  0.02
14500  12422.7  0.02
14520  12422.7  0.02
14540  12422.7  0.02
14560  12422.7  0.02
14580  12422.7  0.02
14600  12422.7  0.02
14620  12422.7  0.02
14640  12422.7  0.02
14660  12422.7  0.02
14680  12422.7  0.02
14700  12422.7  0.02
14720  12422.7  0.02
14740  12422.7  0.02
14760  12422.7  0.02
14780  12422.7  0.02
14800  12422.7  0.02
14820  12422.7  0.02
14840  12422.7  0.02
14860  12422.7  0.02
14880  12422.7  0.02
14900  12422.7  0.02
14920  12422.7  0.02
14940  12422.7  0.02
14960  12422.7  0.02
14980  12422.7  0.02
