100  3986.74  0.96
120  4568.4  0.9
140  5995.67  0.92
160  7850.33  0.92
180  9219.66  0.92
200  9372.76  0.86
220  10225.1  0.88
240  10267  0.82
260  11285.9  0.84
280  12184.1  0.86
300  12513.8  0.84
320  12435.2  0.8
340  13539.5  0.82
360  12971.5  0.74
380  14816.1  0.78
400  15337.6  0.78
420  16135.7  0.78
440  14859.5  0.68
460  15678.8  0.7
480  16422.5  0.68
500  16442.4  0.66
520  18607.8  0.72
540  17775.1  0.66
560  17573.7  0.62
580  20617.7  0.7
600  19417.6  0.64
620  21691.2  0.7
640  16567.5  0.52
660  18486.6  0.56
680  20319.5  0.6
700  21672.5  0.62
720  20850.8  0.58
740  22130.4  0.62
760  20178.1  0.54
780  21237.6  0.54
800  22514.5  0.56
820  20637.7  0.5
840  15034.2  0.36
860  20909.9  0.5
880  24536.2  0.58
900  21558.7  0.48
920  19115.3  0.42
940  16839.5  0.36
960  21234.1  0.44
980  21944.5  0.46
1000  22943.5  0.46
1020  26178  0.52
1040  25639  0.5
1060  21356.9  0.42
1080  26190.5  0.5
1100  26446  0.48
1120  26580.9  0.48
1140  23605.2  0.42
1160  33301  0.58
1180  21996.4  0.38
1200  22900.9  0.38
1220  27470.5  0.46
1240  17960.4  0.3
1260  28534.9  0.46
1280  27812.6  0.44
1300  29629.7  0.46
1320  23844.2  0.36
1340  21210.4  0.32
1360  29122.9  0.44
1380  27359.7  0.42
1400  36982.7  0.54
1420  33272  0.48
1440  27011.9  0.38
1460  22771.2  0.32
1480  24259.3  0.34
1500  30252.3  0.42
1520  27788.8  0.38
1540  26672.6  0.36
1560  30168.6  0.4
1580  19486.4  0.26
1600  20918.6  0.28
1620  28139.4  0.36
1640  16361.9  0.2
1660  27526.1  0.34
1680  20150.5  0.24
1700  33706.7  0.4
1720  22990.5  0.28
1740  26470.5  0.32
1760  26266.3  0.3
1780  28555.1  0.32
1800  25007.1  0.28
1820  31445  0.36
1840  28119.6  0.32
1860  30264  0.34
1880  22406.4  0.24
1900  26853.2  0.28
1920  25207.4  0.28
1940  33571.8  0.36
1960  35180  0.36
1980  23632.4  0.24
2000  20811.4  0.22
2020  30035.2  0.3
2040  35476.1  0.36
2060  32701.3  0.32
2080  30397.7  0.3
2100  7425.37  0.08
2120  36986.7  0.36
2140  17276.3  0.18
2160  16991.5  0.16
2180  27110  0.26
2200  33906.1  0.32
2220  37358.5  0.34
2240  42569.2  0.38
2260  35377.1  0.32
2280  30576.5  0.28
2300  21293.5  0.2
2320  33853.8  0.3
2340  19701.3  0.18
2360  28383.7  0.24
2380  42325.7  0.36
2400  35381.2  0.3
2420  29080.5  0.24
2440  33671.8  0.28
2460  23993.7  0.2
2480  35672.6  0.3
2500  35847.6  0.3
2520  19351.2  0.16
2540  36342.3  0.3
2560  33035.3  0.26
2580  34941  0.28
2600  37782.6  0.3
2620  38768.3  0.3
2640  41606  0.32
2660  50673.7  0.38
2680  13265.7  0.1
2700  38768.4  0.3
2720  24073.7  0.18
2740  24139.6  0.18
2760  48967.5  0.36
2780  9387.25  0.08
2800  27614.2  0.2
2820  43777.6  0.32
2840  41361.6  0.3
2860  21530.6  0.16
2880  37341.7  0.26
2900  40007.5  0.28
2920  40859.7  0.28
2940  26181.3  0.18
2960  18380.4  0.14
2980  34867.2  0.24
3000  13731.8  0.1
3020  30539.2  0.22
3040  23135  0.16
3060  13478.4  0.1
3080  40052.2  0.26
3100  35391.4  0.24
3120  28120.1  0.2
3140  31168.3  0.2
3160  42518.6  0.28
3180  33397.3  0.22
3200  32164.4  0.22
3220  25232.9  0.16
3240  44934.1  0.28
3260  40686.4  0.26
3280  21286.5  0.14
3300  24772.4  0.16
3320  38521.8  0.24
3340  12791.7  0.08
3360  37165  0.24
3380  32299.1  0.2
3400  29900.6  0.18
3420  54758.8  0.32
3440  19455.6  0.12
3460  27580.4  0.16
3480  29517.7  0.18
3500  43537.3  0.26
3520  29758.4  0.18
3540  23199.1  0.14
3560  27046.2  0.16
3580  43747.2  0.26
3600  30548.7  0.18
3620  38043.5  0.22
3640  34656.5  0.2
3660  34622  0.2
3680  39875.7  0.22
3700  35052.3  0.2
3720  16167.3  0.1
3740  37025.1  0.2
3760  51025  0.28
3780  39060.2  0.22
3800  45903.1  0.26
3820  24444  0.14
3840  22935.6  0.12
3860  22536.8  0.12
3880  40344.2  0.22
3900  28417.3  0.16
3920  15782  0.08
3940  44191.3  0.24
3960  33493.8  0.18
3980  33672.2  0.18
4000  32499.2  0.18
4020  41951.5  0.22
4040  29954.7  0.16
4060  25844.4  0.14
4080  19285.8  0.1
4100  8123.49  0.04
4120  33839.3  0.18
4140  34166.7  0.18
4160  30808.2  0.16
4180  35122.7  0.18
4200  14448.6  0.08
4220  38388.7  0.18
4240  29781.6  0.14
4260  8215.39  0.04
4280  31611.3  0.16
4300  31907.8  0.16
4320  29261.6  0.14
4340  30740.7  0.16
4360  32388.5  0.16
4380  24613.6  0.12
4400  24967.2  0.12
4420  21203.7  0.1
4440  19422  0.1
4460  30035.3  0.14
4480  23439.4  0.12
4500  51638.6  0.24
4520  25370.7  0.12
4540  14392.2  0.08
4560  24708.2  0.12
4580  25594.7  0.12
4600  45330.7  0.2
4620  21024.6  0.1
4640  8433.74  0.04
4660  44855.8  0.2
4680  47334.4  0.22
4700  26478.5  0.12
4720  30843.7  0.14
4740  34746.5  0.16
4760  20617.5  0.1
4780  35362.3  0.16
4800  36492.9  0.16
4820  40249.4  0.18
4840  27401.4  0.12
4860  30738.3  0.14
4880  45712.1  0.2
4900  18441.2  0.08
4920  27520.1  0.12
4940  26543.2  0.12
4960  10335  0.06
4980  31600.5  0.14
5000  28007.5  0.12
5020  38659.7  0.16
5040  25941.6  0.12
5060  71159.3  0.3
5080  38491.1  0.16
5100  22144.4  0.1
5120  61728.5  0.26
5140  21599.6  0.1
5160  30168  0.12
5180  48265.7  0.2
5200  8755.18  0.04
5220  39675  0.16
5240  10070.6  0.04
5260  29396.1  0.12
5280  23448.2  0.1
5300  56564.7  0.22
5320  50083.8  0.2
5340  29643.6  0.12
5360  15265.5  0.06
5380  8859.44  0.04
5400  35127.2  0.14
5420  35209.9  0.14
5440  43633.7  0.16
5460  56563.1  0.22
5480  33414.6  0.14
5500  8929.14  0.04
5520  47219.2  0.18
5540  19561.6  0.08
5560  10204.7  0.04
5580  28708.6  0.12
5600  42406.2  0.16
5620  36730.6  0.14
5640  36718.5  0.14
5660  25642.3  0.1
5680  58746.3  0.22
5700  40510.2  0.16
5720  19401.7  0.08
5740  49549.1  0.18
5760  22944.4  0.08
5780  16085.6  0.06
5800  15951  0.06
5820  9112.34  0.04
5840  32351.9  0.12
5860  31688  0.12
5880  36787.4  0.14
5900  34162.6  0.12
5920  12612.2  0.06
5940  36429.5  0.14
5960  9192.46  0.04
5980  9203.08  0.04
6000  43622.5  0.16
6020  54086.7  0.18
6040  30626.8  0.12
6060  80056.3  0.28
6080  24292.7  0.08
6100  42971.6  0.14
6120  10438.9  0.04
6140  55174.8  0.18
6160  26356.3  0.1
6180  40608.4  0.14
6200  29660.5  0.1
6220  53051  0.18
6240  20463.5  0.08
6260  33938.9  0.12
6280  40967.5  0.14
6300  39349.4  0.14
6320  15613.7  0.06
6340  69786.1  0.22
6360  19443.1  0.08
6380  15847.4  0.06
6400  16037.8  0.06
6420  39113.9  0.14
6440  32238.7  0.1
6460  24235.3  0.08
6480  45177.3  0.14
6500  60202.3  0.2
6520  32518.9  0.1
6540  39069.3  0.12
6560  19451.9  0.06
6580  38510.9  0.12
6600  39702  0.12
6620  26594.7  0.08
6640  20535.9  0.08
6660  28620.3  0.1
6680  21833.5  0.08
6700  40720.8  0.14
6720  74149  0.22
6740  17538.9  0.06
6760  9651.93  0.04
6780  37340.3  0.12
6800  10725.1  0.04
6820  17451.1  0.06
6840  31034.4  0.1
6860  63419.1  0.2
6880  35054  0.12
6900  23799.7  0.08
6920  24623  0.08
6940  69430.6  0.2
6960  57347.8  0.18
6980  64728.8  0.2
7000  70233.8  0.2
7020  12962.9  0.04
7040  12963.4  0.04
7060  24723.4  0.08
7080  18053.8  0.06
7100  16865.2  0.06
7120  38572.8  0.12
7140  51776.3  0.16
7160  38916.1  0.12
7180  44760.1  0.14
7200  44846.3  0.14
7220  44942  0.14
7240  20943.6  0.06
7260  59722.5  0.18
7280  52628  0.16
7300  39671.1  0.12
7320  28429.4  0.08
7340  60934.7  0.18
7360  46668.5  0.14
7380  10007.9  0.04
7400  27593.3  0.08
7420  19515.8  0.06
7440  53929.1  0.16
7460  61551.7  0.18
7480  55177.8  0.16
7500  40463.3  0.12
7520  67312.1  0.18
7540  48373  0.14
7560  41075.4  0.12
7580  17709.6  0.06
7600  28073.4  0.08
7620  52215.8  0.14
7640  48714.3  0.14
7660  63934.7  0.18
7680  47618.1  0.14
7700  13790.6  0.04
7720  11110  0.04
7740  57161  0.16
7760  20987.4  0.06
7780  25448.2  0.08
7800  48600.7  0.14
7820  62412.7  0.16
7840  33019.6  0.1
7860  57871.9  0.16
7880  29452.5  0.08
7900  54799.6  0.14
7920  32346.7  0.1
7940  32364.6  0.1
7960  18391  0.06
7980  18379.8  0.06
8000  10327.6  0.04
8020  17984.5  0.06
8040  71173  0.18
8060  23051.5  0.06
8080  55647.6  0.14
8100  32981.9  0.1
8120  66885.1  0.18
8140  13767.4  0.04
8160  36903.6  0.1
8180  11301.8  0.04
8200  42689.6  0.12
8220  33689.6  0.1
8240  33544.5  0.1
8260  29358  0.08
8280  57548.8  0.14
8300  18783  0.06
8320  41639.3  0.1
8340  56901.8  0.14
8360  10537.1  0.04
8380  51626.9  0.14
8400  49850.7  0.12
8420  18915.4  0.06
8440  60885.8  0.16
8460  44161.8  0.12
8480  52652  0.14
8500  35793.4  0.1
8520  28928.4  0.08
8540  75074.1  0.18
8560  21006.4  0.06
8580  36031.3  0.1
8600  54896.1  0.14
8620  70487  0.18
8640  21801.9  0.06
8660  20257.5  0.06
8680  19466.1  0.06
8700  36611.9  0.1
8720  21275.3  0.06
8740  19619.1  0.06
8760  47370.4  0.12
8780  26422  0.08
8800  30151.8  0.08
8820  54626.2  0.14
8840  21932.9  0.06
8860  21365.8  0.06
8880  29320.7  0.08
8900  13743  0.04
8920  21101.3  0.06
8940  30094.5  0.08
8960  39416.5  0.1
8980  38905.9  0.1
9000  30207.1  0.08
9020  37727.7  0.1
9040  48671  0.12
9060  39127.8  0.1
9080  10954.7  0.04
9100  47195.3  0.12
9120  31251.1  0.08
9140  26007.7  0.06
9160  13152.9  0.04
9180  11722.1  0.04
9200  39611  0.1
9220  31063.4  0.08
9240  22279.5  0.06
9260  49217.1  0.12
9280  20293.9  0.06
9300  38958.1  0.1
9320  20385.1  0.06
9340  39103.3  0.1
9360  39126.7  0.1
9380  29907.4  0.08
9400  21140.6  0.06
9420  13042.6  0.04
9440  49867.4  0.12
9460  39439  0.1
9480  13720.1  0.04
9500  39713.6  0.1
9520  20800.9  0.06
9540  30387.6  0.08
9560  41147.7  0.1
9580  14628  0.04
9600  30528.2  0.08
9620  20999.4  0.06
9640  21018.5  0.06
9660  26460  0.06
9680  29995.7  0.08
9700  41658.4  0.1
9720  22829.2  0.06
9740  42394.6  0.1
9760  40698.4  0.1
9780  31078  0.08
9800  88220.9  0.18
9820  30833.8  0.08
9840  39659.7  0.1
9860  21574  0.06
9880  21465.6  0.06
9900  21521.6  0.06
9920  11659.9  0.04
9940  31538.5  0.08
9960  23070.9  0.06
9980  11720.1  0.04
10000  11740.6  0.04
10020  33025.4  0.08
10040  50389.3  0.12
10060  13121.3  0.04
10080  33149.6  0.08
10100  23174  0.06
10120  21933.1  0.06
10140  21978.9  0.06
10160  23349.5  0.06
10180  33633.7  0.08
10200  41334.7  0.1
10220  13614.2  0.04
10240  23243.6  0.06
10260  31964.8  0.08
10280  21830.6  0.06
10300  13882.6  0.04
10320  21822.6  0.06
10340  11555.8  0.04
10360  44350.6  0.1
10380  21825.6  0.06
10400  11616  0.04
10420  17596  0.04
10440  34267.2  0.08
10460  31963  0.08
10480  13677.7  0.04
10500  42904.2  0.1
10520  12089.2  0.04
10540  24746.1  0.06
10560  12951.4  0.04
10580  24074.1  0.06
10600  24098.5  0.06
10620  27396.4  0.06
10640  34771.9  0.08
10660  25925.5  0.06
10680  42727.9  0.08
10700  45292.8  0.1
10720  11907.3  0.04
10740  24337.8  0.06
10760  35371.4  0.08
10780  35390.6  0.08
10800  12401.3  0.04
10820  46362.6  0.1
10840  35263.8  0.08
10860  24661.8  0.06
10880  14279.8  0.04
10900  24703.4  0.06
10920  57704.2  0.12
10940  35603.9  0.08
10960  23372.9  0.06
10980  24885.9  0.06
11000  36018.5  0.08
11020  57702.9  0.12
11040  24779.6  0.06
11060  36090.9  0.08
11080  55510.8  0.1
11100  25106.6  0.06
11120  48662.5  0.1
11140  14209.5  0.04
11160  36382.1  0.08
11180  36496.6  0.08
11200  52376.2  0.1
11220  36547.8  0.08
11240  23410.4  0.06
11260  15541.4  0.04
11280  48034.5  0.1
11300  25509.3  0.06
11320  13885.4  0.04
11340  50756.8  0.1
11360  13111.1  0.04
11380  12306.1  0.04
11400  13598.1  0.04
11420  23729.3  0.06
11440  33365.7  0.06
11460  36177.8  0.08
11480  16234.2  0.04
11500  15792  0.04
11520  24507.1  0.06
11540  13596.7  0.04
11560  46124.8  0.08
11580  36362.1  0.08
11600  12432.5  0.04
11620  23873  0.06
11640  34859.9  0.08
11660  28826.4  0.06
11680  35109  0.08
11700  41989.1  0.08
11720  23468.2  0.06
11740  25164.3  0.06
11760  47054.8  0.08
11780  70667.3  0.12
11800  12535.5  0.04
11820  35379.3  0.08
11840  47335.9  0.08
11860  47532  0.08
11880  28663.2  0.06
11900  34556.7  0.06
11920  12615.8  0.04
11940  21313.5  0.04
11960  24702.4  0.06
11980  35701.5  0.06
12000  24575.5  0.06
12020  24685.9  0.06
12040  12673.3  0.04
12060  37001.4  0.08
12080  60897.1  0.12
12100  37122.1  0.08
12120  13581.2  0.04
12140  60695.2  0.1
12160  24995.6  0.06
12180  12991.7  0.04
12200  61481.7  0.12
12220  23273.4  0.04
12240  49571.9  0.1
12260  73299.9  0.12
12280  61532.4  0.1
12300  32323  0.06
12320  37459.2  0.08
12340  39849.3  0.08
12360  25440.4  0.06
12380  13152.4  0.04
12400  26267.3  0.06
12420  25684.6  0.06
12440  25705.1  0.06
12460  13231.7  0.04
12480  14487.4  0.04
12500  13600.5  0.04
12520  75045.4  0.12
12540  13831  0.04
12560  13331.5  0.04
12580  38781.2  0.08
12600  18146.8  0.04
12620  50796.9  0.08
12640  20223.5  0.04
12660  16099  0.04
12680  25911.3  0.06
12700  13206.5  0.04
12720  39790.5  0.08
12740  25895.3  0.06
12760  15820.3  0.04
12780  38361.5  0.06
12800  51128.8  0.08
12820  38333.2  0.06
12840  25614.4  0.04
12860  47700.4  0.08
12880  25911.5  0.06
12900  38572.7  0.06
12920  38634.3  0.06
12940  13259.2  0.04
12960  26070.8  0.04
12980  39112.4  0.06
13000  39088.5  0.06
13020  29822.3  0.06
13040  52199.5  0.08
13060  23166  0.04
13080  41052.6  0.08
13100  52525.7  0.08
13120  26230.8  0.04
13140  39342.5  0.06
13160  31354.4  0.06
13180  26432.2  0.06
13200  26422.5  0.06
13220  26507.7  0.06
13240  39623.5  0.08
13260  39675.7  0.06
13280  16770.3  0.04
13300  43350  0.08
13320  53442.8  0.08
13340  38063  0.06
13360  21557.1  0.04
13380  13379.6  0.02
13400  28802  0.06
13420  14318.9  0.04
13440  15348.3  0.04
13460  14658  0.04
13480  27070.1  0.06
13500  13582.4  0.04
13520  13825.5  0.04
13540  16525.2  0.04
13560  13560  0.02
13580  13562.7  0.02
13600  13562.7  0.02
13620  13562.7  0.02
13640  13562.7  0.02
13660  13562.7  0.02
13680  13562.7  0.02
13700  13562.7  0.02
13720  13562.7  0.02
13740  13562.7  0.02
13760  13562.7  0.02
13780  13562.7  0.02
13800  13562.7  0.02
13820  13562.7  0.02
13840  13562.7  0.02
13860  13562.7  0.02
13880  13562.7  0.02
13900  13562.7  0.02
13920  13562.7  0.02
13940  13562.7  0.02
13960  13562.7  0.02
13980  13562.7  0.02
14000  13562.7  0.02
14020  13562.7  0.02
14040  13562.7  0.02
14060  13562.7  0.02
14080  13562.7  0.02
14100  13562.7  0.02
14120  13562.7  0.02
14140  13562.7  0.02
14160  13562.7  0.02
14180  13562.7  0.02
14200  13562.7  0.02
14220  13562.7  0.02
14240  13562.7  0.02
14260  13562.7  0.02
14280  13562.7  0.02
14300  13562.7  0.02
14320  13562.7  0.02
14340  13562.7  0.02
14360  13562.7  0.02
14380  13562.7  0.02
14400  13562.7  0.02
14420  13562.7  0.02
14440  13562.7  0.02
14460  13562.7  0.02
14480  13562.7  0.02
14500  13562.7  0.02
14520  13562.7  0.02
14540  13562.7  0.02
14560  13562.7  0.02
14580  13562.7  0.02
14600  13562.7  0.02
14620  13562.7  0.02
14640  13562.7  0.02
14660  13562.7  0.02
14680  13562.7  0.02
14700  13562.7  0.02
14720  13562.7  0.02
14740  13562.7  0.02
14760  13562.7  0.02
14780  13562.7  0.02
14800  13562.7  0.02
14820  13562.7  0.02
14840  13562.7  0.02
14860  13562.7  0.02
14880  13562.7  0.02
14900  13562.7  0.02
14920  13562.7  0.02
14940  13562.7  0.02
14960  13562.7  0.02
14980  13562.7  0.02
