100  4442.22  1
120  5315.05  1
140  6037.63  0.92
160  6903.59  0.96
180  8709.46  0.92
200  9260.93  0.9
220  10219.1  0.9
240  12036.8  0.94
260  12170  0.9
280  13600.9  0.94
300  13621.2  0.88
320  14662.1  0.9
340  15029.5  0.88
360  15548.1  0.86
380  15051  0.8
400  15803.8  0.8
420  16856.8  0.8
440  17362.5  0.8
460  17135.4  0.76
480  16434.7  0.7
500  18853.4  0.76
520  18139  0.7
540  18410.5  0.68
560  20631.6  0.74
580  20139  0.7
600  19613.8  0.66
620  18491.6  0.6
640  20570.6  0.64
660  22878.6  0.7
680  22234.7  0.66
700  20928.7  0.6
720  21260.4  0.58
740  23750.1  0.64
760  25278.4  0.66
780  25999.5  0.66
800  26222.6  0.66
820  24563.7  0.6
840  28476.8  0.68
860  24942.1  0.58
880  28940.7  0.66
900  25469.4  0.56
920  22984.7  0.5
940  21632.1  0.46
960  28623.8  0.6
980  31218.2  0.64
1000  23061.4  0.46
1020  32445.5  0.64
1040  29869.4  0.58
1060  25092.5  0.48
1080  22733.8  0.42
1100  24083.5  0.44
1120  27600.6  0.5
1140  29347.4  0.52
1160  27560.7  0.48
1180  31035.2  0.52
1200  25180.2  0.42
1220  28122.3  0.46
1240  24726.4  0.4
1260  25701.3  0.4
1280  29920.4  0.46
1300  24885  0.38
1320  25249.6  0.38
1340  33727.6  0.5
1360  29579.9  0.44
1380  26222.6  0.38
1400  24988.8  0.36
1420  23815.8  0.34
1440  26656.1  0.38
1460  27686.8  0.38
1480  27785.4  0.38
1500  32533.9  0.44
1520  32398.4  0.44
1540  21460.1  0.28
1560  30223.4  0.4
1580  27434.6  0.36
1600  27072  0.34
1620  30523.5  0.38
1640  33446  0.42
1660  33447.2  0.4
1680  28868.5  0.36
1700  34230.4  0.4
1720  26755  0.32
1740  30309.7  0.36
1760  28217.8  0.32
1780  30774.9  0.36
1800  30229.1  0.34
1820  33492.8  0.38
1840  27769.3  0.3
1860  31343.6  0.34
1880  20680.1  0.22
1900  22747.5  0.24
1920  34105.4  0.36
1940  19287.5  0.2
1960  27340.8  0.28
1980  27690.5  0.28
2000  25831.8  0.26
2020  32246.4  0.32
2040  24720.7  0.26
2060  34725.4  0.34
2080  24766.8  0.24
2100  39317  0.38
2120  25324.7  0.24
2140  38638.6  0.36
2160  29556.1  0.28
2180  36954  0.34
2200  26062.8  0.24
2220  19785.8  0.18
2240  21688.5  0.2
2260  22140.3  0.2
2280  22387.7  0.2
2300  31636.7  0.28
2320  24543.6  0.22
2340  22795.1  0.2
2360  37233.6  0.32
2380  20267.8  0.18
2400  30198.6  0.26
2420  21184.6  0.18
2440  16525.8  0.14
2460  33778.1  0.28
2480  23803.1  0.2
2500  31656.7  0.26
2520  29335.3  0.24
2540  19369.1  0.16
2560  34762.4  0.28
2580  26686.5  0.22
2600  25181.5  0.2
2620  35872.6  0.28
2640  33523.9  0.26
2660  28537.5  0.22
2680  26606.7  0.2
2700  25903.7  0.2
2720  37215.9  0.28
2740  29779.7  0.22
2760  18880.1  0.14
2780  23587.7  0.18
2800  32642.7  0.24
2820  39998.3  0.3
2840  19357.7  0.14
2860  42919.7  0.3
2880  24723.5  0.18
2900  31553.4  0.22
2920  24690.8  0.18
2940  16605.9  0.12
2960  36597.6  0.26
2980  25897.3  0.18
3000  14380.4  0.1
3020  13898.2  0.1
3040  33839.8  0.24
3060  17117.9  0.12
3080  34786  0.24
3100  27998.8  0.18
3120  27325.2  0.18
3140  31440.1  0.2
3160  37295.2  0.24
3180  27488.8  0.18
3200  32044  0.2
3220  35029.9  0.22
3240  51404.8  0.32
3260  45022.7  0.28
3280  36698.4  0.24
3300  36094.5  0.22
3320  22313.3  0.14
3340  33258.2  0.2
3360  36887.4  0.24
3380  35994.9  0.22
3400  20018.5  0.12
3420  30482.8  0.18
3440  21572  0.14
3460  27528.4  0.16
3480  33093.2  0.2
3500  37430.2  0.22
3520  33802.4  0.2
3540  23905  0.14
3560  37046.3  0.22
3580  28278.8  0.16
3600  24140.5  0.14
3620  27078.5  0.16
3640  28062.4  0.16
3660  34763.7  0.2
3680  24521.9  0.14
3700  18076.5  0.1
3720  27789.3  0.16
3740  12132.7  0.08
3760  13758.1  0.08
3780  32094.8  0.18
3800  44427  0.24
3820  13120.5  0.08
3840  40981.5  0.22
3860  44785.6  0.24
3880  13767.5  0.08
3900  41427  0.22
3920  26921  0.14
3940  31083.9  0.16
3960  33992.5  0.18
3980  15165.4  0.08
4000  20460.9  0.12
4020  29876.7  0.16
4040  32172.6  0.18
4060  29000.9  0.16
4080  26611.6  0.14
4100  51876.4  0.26
4120  34533.6  0.18
4140  35763.2  0.18
4160  27421.3  0.14
4180  12264.1  0.06
4200  23884.9  0.12
4220  16979.3  0.1
4240  39159.7  0.2
4260  42437.3  0.2
4280  28961.8  0.14
4300  30891.1  0.16
4320  16649.6  0.08
4340  27743.6  0.14
4360  29533.1  0.14
4380  25614.1  0.12
4400  27976.4  0.14
4420  12838.9  0.06
4440  14249.4  0.08
4460  13308.5  0.06
4480  31272.8  0.14
4500  38703.8  0.18
4520  13025.2  0.06
4540  19922.2  0.1
4560  38894.4  0.18
4580  24056.9  0.12
4600  16364.1  0.08
4620  43574.7  0.2
4640  17756.3  0.08
4660  18280  0.08
4680  37342.4  0.16
4700  18384.5  0.08
4720  23191.5  0.1
4740  13779  0.06
4760  24173.4  0.12
4780  37339.4  0.16
4800  28633.7  0.12
4820  21544.6  0.1
4840  28090.8  0.12
4860  13997.4  0.06
4880  32108.2  0.14
4900  35255.7  0.16
4920  39994.2  0.18
4940  30234.4  0.14
4960  19144.8  0.08
4980  14232.9  0.06
5000  19546.1  0.08
5020  14648.9  0.06
5040  14668.4  0.06
5060  28725.2  0.12
5080  9554.38  0.04
5100  14506.8  0.06
5120  30591.8  0.12
5140  27267.6  0.12
5160  37920.1  0.16
5180  16868.4  0.08
5200  14833.9  0.06
5220  20226.9  0.08
5240  22964.9  0.1
5260  21721.4  0.1
5280  13879.7  0.06
5300  28206.9  0.12
5320  19657.5  0.08
5340  31221  0.12
5360  26872.4  0.1
5380  21440.8  0.08
5400  27231  0.1
5420  21628.6  0.08
5440  27016.3  0.1
5460  21728.4  0.08
5480  21870.3  0.08
5500  22216.1  0.1
5520  15055.4  0.06
5540  41626.8  0.16
5560  27946.8  0.12
5580  19193.4  0.08
5600  27741.7  0.1
5620  35172.1  0.14
5640  10187.6  0.04
5660  15798.9  0.06
5680  22401.5  0.08
5700  28245.9  0.1
5720  29329.4  0.12
5740  10186.6  0.04
5760  37861.9  0.14
5780  26492.7  0.1
5800  28374.6  0.1
5820  19946.3  0.08
5840  22859.7  0.08
5860  23220.6  0.08
5880  26220.7  0.1
5900  35022.1  0.12
5920  22716.8  0.08
5940  17209.6  0.06
5960  23114.7  0.08
5980  23339.9  0.08
6000  21634.1  0.08
6020  14575.3  0.06
6040  17426  0.06
6060  9363.39  0.04
6080  46006.3  0.16
6100  31527.9  0.12
6120  22598  0.08
6140  9699.6  0.04
6160  29992.7  0.1
6180  23855.9  0.08
6200  45817.6  0.16
6220  33797.9  0.12
6240  24161.8  0.08
6260  30390.7  0.1
6280  21029.8  0.08
6300  17917.5  0.06
6320  20142.3  0.08
6340  46977.7  0.16
6360  37196.2  0.12
6380  11826.4  0.04
6400  18176.1  0.06
6420  38491  0.12
6440  24678.4  0.08
6460  18296.1  0.06
6480  11845.1  0.04
6500  28431.2  0.1
6520  34950.9  0.12
6540  25147  0.08
6560  10994.4  0.04
6580  17942.7  0.06
6600  42074.2  0.14
6620  42169.9  0.14
6640  29339.8  0.1
6660  36013.3  0.12
6680  56752.3  0.18
6700  16262.4  0.06
6720  19553.4  0.06
6740  49415.5  0.16
6760  29595.2  0.1
6780  36351  0.12
6800  36360.5  0.12
6820  37329  0.12
6840  33990.3  0.12
6860  12787.3  0.04
6880  37166.7  0.12
6900  9746.95  0.04
6920  30381.6  0.1
6940  23455.2  0.08
6960  38168.6  0.12
6980  27469  0.08
7000  23663.2  0.08
7020  51605.3  0.16
7040  23639.4  0.08
7060  31546.6  0.1
7080  16700.8  0.06
7100  9816.4  0.04
7120  20765.1  0.06
7140  35155.1  0.1
7160  19247.2  0.06
7180  13762  0.04
7200  24028.1  0.08
7220  38052.2  0.12
7240  20850.9  0.06
7260  20870.4  0.06
7280  21080  0.06
7300  28692.6  0.08
7320  31426.1  0.1
7340  17324.8  0.06
7360  31160  0.1
7380  32836.7  0.1
7400  25589.8  0.08
7420  10189.7  0.04
7440  25657.8  0.08
7460  11361.6  0.04
7480  33247.7  0.1
7500  11345.8  0.04
7520  33478.2  0.1
7540  62784  0.18
7560  41129.6  0.12
7580  17423.2  0.06
7600  40405.8  0.12
7620  17160.3  0.06
7640  26288.6  0.08
7660  18690  0.06
7680  34184.2  0.1
7700  10184.5  0.04
7720  27226.4  0.08
7740  42144.8  0.12
7760  19803.1  0.06
7780  18933.5  0.06
7800  10188.6  0.04
7820  10188.6  0.04
7840  25453.7  0.08
7860  11374.9  0.04
7880  19321.2  0.06
7900  11173.8  0.04
7920  11295.6  0.04
7940  9916.1  0.04
7960  11930.1  0.04
7980  19341.4  0.06
8000  19384.8  0.06
8020  41790.2  0.12
8040  11414.8  0.04
8060  11435.3  0.04
8080  10188.6  0.04
8100  19440.8  0.06
8120  19132.1  0.06
8140  27467  0.08
8160  15667.9  0.04
8180  11054.6  0.04
8200  18014.8  0.06
8220  50800.4  0.14
8240  20834.6  0.06
8260  28388.6  0.08
8280  43946.1  0.12
8300  9811.6  0.04
8320  19350.8  0.06
8340  28455.4  0.08
8360  20111.4  0.06
8380  20188.7  0.06
8400  44357  0.12
8420  22670.8  0.06
8440  44802.8  0.12
8460  28587.9  0.08
8480  11522.4  0.04
8500  27437.4  0.08
8520  27682.9  0.08
8540  20349  0.06
8560  44786.4  0.12
8580  11729.2  0.04
8600  19440.3  0.06
8620  19485.5  0.06
8640  39457.2  0.1
8660  26749.5  0.08
8680  19536.4  0.06
8700  53975.6  0.14
8720  31030.8  0.08
8740  39827  0.1
8760  48459.6  0.12
8780  26800  0.08
8800  31482.4  0.08
8820  12007.1  0.04
8840  11988.3  0.04
8860  19869.2  0.06
8880  37332.7  0.1
8900  40726.5  0.1
8920  31700.8  0.08
8940  37598.6  0.1
8960  39894.1  0.1
8980  20573.6  0.06
9000  39163.6  0.1
9020  29493.5  0.08
9040  11506.1  0.04
9060  21000.1  0.06
9080  29562.2  0.08
9100  12370.9  0.04
9120  29692.9  0.08
9140  11003.9  0.04
9160  10631.3  0.04
9180  36906.6  0.08
9200  20879.7  0.06
9220  34953.5  0.08
9240  39800.9  0.1
9260  29049.9  0.08
9280  38985  0.1
9300  29686.9  0.08
9320  21044.9  0.06
9340  28918.9  0.08
9360  12114.6  0.04
9380  11858.3  0.04
9400  11806.1  0.04
9420  18841.4  0.04
9440  21288.9  0.06
9460  20417.9  0.06
9480  30176.4  0.08
9500  11889.4  0.04
9520  11341.5  0.04
9540  14349.3  0.04
9560  20532.4  0.06
9580  30383  0.08
9600  20792.7  0.06
9620  21051.3  0.06
9640  11461.7  0.04
9660  11481.2  0.04
9680  21341.3  0.06
9700  29798.5  0.08
9720  11541.8  0.04
9740  10099  0.04
9760  21272.6  0.06
9780  21304.3  0.06
9800  13465.3  0.04
9820  30201.8  0.08
9840  19941.4  0.06
9860  19899.8  0.06
9880  20406.8  0.06
9900  21773.8  0.06
9920  11742.2  0.04
9940  21811.3  0.06
9960  30216.2  0.08
9980  20702.6  0.06
10000  11821.3  0.04
10020  16515.7  0.04
10040  17729.4  0.04
10060  10339.4  0.04
10080  27540  0.06
10100  27642.1  0.06
10120  20172  0.04
10140  20448.5  0.04
10160  10320.1  0.04
10180  10332.5  0.04
10200  10192.7  0.02
10220  10192.7  0.02
10240  10192.7  0.02
10260  10192.7  0.02
10280  10192.7  0.02
10300  10192.7  0.02
10320  10192.7  0.02
10340  10192.7  0.02
10360  10192.7  0.02
10380  10192.7  0.02
10400  10192.7  0.02
10420  10192.7  0.02
10440  10192.7  0.02
10460  10192.7  0.02
10480  10192.7  0.02
10500  10192.7  0.02
10520  10192.7  0.02
10540  10192.7  0.02
10560  10192.7  0.02
10580  10192.7  0.02
10600  10192.7  0.02
10620  10192.7  0.02
10640  10192.7  0.02
10660  10192.7  0.02
10680  10192.7  0.02
10700  10192.7  0.02
10720  10192.7  0.02
10740  10192.7  0.02
10760  10192.7  0.02
10780  10192.7  0.02
10800  10192.7  0.02
10820  10192.7  0.02
10840  10192.7  0.02
10860  10192.7  0.02
10880  10192.7  0.02
10900  10192.7  0.02
10920  10192.7  0.02
10940  10192.7  0.02
10960  10192.7  0.02
10980  10192.7  0.02
11000  10192.7  0.02
11020  10192.7  0.02
11040  10192.7  0.02
11060  10192.7  0.02
11080  10192.7  0.02
11100  10192.7  0.02
11120  10192.7  0.02
11140  10192.7  0.02
11160  10192.7  0.02
11180  10192.7  0.02
11200  10192.7  0.02
11220  10192.7  0.02
11240  10192.7  0.02
11260  10192.7  0.02
11280  10192.7  0.02
11300  10192.7  0.02
11320  10192.7  0.02
11340  10192.7  0.02
11360  10192.7  0.02
11380  10192.7  0.02
11400  10192.7  0.02
11420  10192.7  0.02
11440  10192.7  0.02
11460  10192.7  0.02
11480  10192.7  0.02
11500  10192.7  0.02
11520  10192.7  0.02
11540  10192.7  0.02
11560  10192.7  0.02
11580  10192.7  0.02
11600  10192.7  0.02
11620  10192.7  0.02
11640  10192.7  0.02
11660  10192.7  0.02
11680  10192.7  0.02
11700  10192.7  0.02
11720  10192.7  0.02
11740  10192.7  0.02
11760  10192.7  0.02
11780  10192.7  0.02
11800  10192.7  0.02
11820  10192.7  0.02
11840  10192.7  0.02
11860  10192.7  0.02
11880  10192.7  0.02
11900  10192.7  0.02
11920  10192.7  0.02
11940  10192.7  0.02
11960  10192.7  0.02
11980  10192.7  0.02
12000  10192.7  0.02
12020  10192.7  0.02
12040  10192.7  0.02
12060  10192.7  0.02
12080  10192.7  0.02
12100  10192.7  0.02
12120  10192.7  0.02
12140  10192.7  0.02
12160  10192.7  0.02
12180  10192.7  0.02
12200  10192.7  0.02
12220  10192.7  0.02
12240  10192.7  0.02
12260  10192.7  0.02
12280  10192.7  0.02
12300  10192.7  0.02
12320  10192.7  0.02
12340  10192.7  0.02
12360  10192.7  0.02
12380  10192.7  0.02
12400  10192.7  0.02
12420  10192.7  0.02
12440  10192.7  0.02
12460  10192.7  0.02
12480  10192.7  0.02
12500  10192.7  0.02
12520  10192.7  0.02
12540  10192.7  0.02
12560  10192.7  0.02
12580  10192.7  0.02
12600  10192.7  0.02
12620  10192.7  0.02
12640  10192.7  0.02
12660  10192.7  0.02
12680  10192.7  0.02
12700  10192.7  0.02
12720  10192.7  0.02
12740  10192.7  0.02
12760  10192.7  0.02
12780  10192.7  0.02
12800  10192.7  0.02
12820  10192.7  0.02
12840  10192.7  0.02
12860  10192.7  0.02
12880  10192.7  0.02
12900  10192.7  0.02
12920  10192.7  0.02
12940  10192.7  0.02
12960  10192.7  0.02
12980  10192.7  0.02
13000  10192.7  0.02
13020  10192.7  0.02
13040  10192.7  0.02
13060  10192.7  0.02
13080  10192.7  0.02
13100  10192.7  0.02
13120  10192.7  0.02
13140  10192.7  0.02
13160  10192.7  0.02
13180  10192.7  0.02
13200  10192.7  0.02
13220  10192.7  0.02
13240  10192.7  0.02
13260  10192.7  0.02
13280  10192.7  0.02
13300  10192.7  0.02
13320  10192.7  0.02
13340  10192.7  0.02
13360  10192.7  0.02
13380  10192.7  0.02
13400  10192.7  0.02
13420  10192.7  0.02
13440  10192.7  0.02
13460  10192.7  0.02
13480  10192.7  0.02
13500  10192.7  0.02
13520  10192.7  0.02
13540  10192.7  0.02
13560  10192.7  0.02
13580  10192.7  0.02
13600  10192.7  0.02
13620  10192.7  0.02
13640  10192.7  0.02
13660  10192.7  0.02
13680  10192.7  0.02
13700  10192.7  0.02
13720  10192.7  0.02
13740  10192.7  0.02
13760  10192.7  0.02
13780  10192.7  0.02
13800  10192.7  0.02
13820  10192.7  0.02
13840  10192.7  0.02
13860  10192.7  0.02
13880  10192.7  0.02
13900  10192.7  0.02
13920  10192.7  0.02
13940  10192.7  0.02
13960  10192.7  0.02
13980  10192.7  0.02
14000  10192.7  0.02
14020  10192.7  0.02
14040  10192.7  0.02
14060  10192.7  0.02
14080  10192.7  0.02
14100  10192.7  0.02
14120  10192.7  0.02
14140  10192.7  0.02
14160  10192.7  0.02
14180  10192.7  0.02
14200  10192.7  0.02
14220  10192.7  0.02
14240  10192.7  0.02
14260  10192.7  0.02
14280  10192.7  0.02
14300  10192.7  0.02
14320  10192.7  0.02
14340  10192.7  0.02
14360  10192.7  0.02
14380  10192.7  0.02
14400  10192.7  0.02
14420  10192.7  0.02
14440  10192.7  0.02
14460  10192.7  0.02
14480  10192.7  0.02
14500  10192.7  0.02
14520  10192.7  0.02
14540  10192.7  0.02
14560  10192.7  0.02
14580  10192.7  0.02
14600  10192.7  0.02
14620  10192.7  0.02
14640  10192.7  0.02
14660  10192.7  0.02
14680  10192.7  0.02
14700  10192.7  0.02
14720  10192.7  0.02
14740  10192.7  0.02
14760  10192.7  0.02
14780  10192.7  0.02
14800  10192.7  0.02
14820  10192.7  0.02
14840  10192.7  0.02
14860  10192.7  0.02
14880  10192.7  0.02
14900  10192.7  0.02
14920  10192.7  0.02
14940  10192.7  0.02
14960  10192.7  0.02
14980  10192.7  0.02
