100  4403.42  1
120  5660.32  1
140  6779.78  0.96
160  7631.93  0.94
180  9082.26  0.98
200  10083.2  1
220  10999.2  0.96
240  12223.3  0.98
260  12443.4  0.94
280  12937.6  0.92
300  14337.7  0.96
320  15090.1  0.94
340  14440.1  0.86
360  15280.8  0.86
380  15157.7  0.8
400  16932.3  0.84
420  17619.5  0.84
440  17024.3  0.78
460  19317  0.86
480  20434.6  0.86
500  18325.6  0.74
520  21118.2  0.82
540  18783.7  0.7
560  22316.7  0.8
580  19568.3  0.68
600  19600  0.66
620  23788.8  0.78
640  24050.8  0.76
660  23034.9  0.7
680  25456.1  0.76
700  28217.7  0.82
720  22511.4  0.64
740  26832.7  0.74
760  25409.7  0.68
780  28100.7  0.74
800  27223.3  0.68
820  24698.1  0.6
840  30267.3  0.72
860  31516.1  0.74
880  32730.6  0.74
900  31109.6  0.68
920  30527.9  0.66
940  29425.2  0.64
960  28377.2  0.6
980  31632.2  0.66
1000  29909.6  0.6
1020  33722.2  0.66
1040  36337.6  0.7
1060  28395.8  0.54
1080  32966.4  0.62
1100  34563.9  0.64
1120  37161.5  0.68
1140  32422.6  0.58
1160  38319.6  0.66
1180  39383.7  0.66
1200  39751.8  0.66
1220  39026  0.64
1240  36891.7  0.6
1260  37716.2  0.6
1280  32370.3  0.52
1300  35937.6  0.56
1320  32574  0.5
1340  30658.2  0.46
1360  31018.5  0.46
1380  33777.8  0.5
1400  37460.4  0.54
1420  39451  0.56
1440  39979.1  0.56
1460  46394.6  0.64
1480  36899.8  0.5
1500  38943.2  0.52
1520  42297.2  0.56
1540  39638  0.52
1560  44596.1  0.58
1580  40323.8  0.52
1600  37808.1  0.48
1620  34873  0.44
1640  38446.4  0.48
1660  38948.7  0.48
1680  34787  0.42
1700  37503.5  0.46
1720  38855.9  0.46
1740  40273.5  0.48
1760  37334.9  0.44
1780  39287.9  0.46
1800  50417.2  0.58
1820  37420.3  0.42
1840  40446.9  0.44
1860  45456.9  0.5
1880  45708.1  0.5
1900  39503.9  0.42
1920  44675.7  0.48
1940  33808.9  0.36
1960  50169.7  0.52
1980  31948.4  0.34
2000  40156  0.42
2020  43286.9  0.44
2040  39652  0.4
2060  44043.3  0.44
2080  41987.9  0.42
2100  51469.6  0.5
2120  46825.1  0.46
2140  42921.8  0.42
2160  51946.3  0.5
2180  41657.2  0.4
2200  33366.2  0.32
2220  43721.5  0.4
2240  35507.3  0.32
2260  36498.4  0.34
2280  36829.2  0.34
2300  60760.4  0.54
2320  24883.4  0.22
2340  34483  0.3
2360  34211.3  0.3
2380  43593.2  0.38
2400  52094.3  0.44
2420  36741.5  0.32
2440  47487.1  0.4
2460  36067  0.3
2480  40715.4  0.34
2500  53573.7  0.44
2520  46506.9  0.38
2540  56913.9  0.46
2560  31765.6  0.26
2580  39365.6  0.32
2600  58114.7  0.46
2620  38544.2  0.3
2640  42996.3  0.34
2660  42731.8  0.32
2680  67945.9  0.52
2700  54977.4  0.42
2720  47272.3  0.36
2740  44843.1  0.34
2760  45260.8  0.34
2780  51493.3  0.38
2800  59785.3  0.44
2820  57147.9  0.42
2840  63101.7  0.46
2860  31138  0.22
2880  46912.9  0.34
2900  54481  0.38
2920  43923.2  0.3
2940  37140.9  0.26
2960  51307  0.36
2980  51660.3  0.36
3000  37448  0.26
3020  34390.2  0.24
3040  33792.8  0.24
3060  43753.3  0.3
3080  53453.4  0.36
3100  41369.8  0.28
3120  60119.8  0.4
3140  63795.5  0.42
3160  38456.5  0.26
3180  35321.3  0.24
3200  34934.2  0.22
3220  55920.2  0.36
3240  49619  0.32
3260  47116.5  0.3
3280  56644.8  0.36
3300  37267.3  0.24
3320  44164.1  0.28
3340  57779.3  0.36
3360  70709.8  0.44
3380  48227.3  0.3
3400  30150.7  0.18
3420  45219.4  0.28
3440  49299.7  0.3
3460  59791.6  0.36
3480  63159.7  0.38
3500  40358.2  0.24
3520  58175.4  0.34
3540  46467.9  0.28
3560  44519.5  0.26
3580  52435.6  0.3
3600  51287.5  0.3
3620  41839.9  0.24
3640  69218.5  0.4
3660  33761.9  0.2
3680  39275.5  0.22
3700  30639.6  0.18
3720  71856.5  0.4
3740  22993  0.14
3760  40412  0.22
3780  64448  0.36
3800  27964.9  0.16
3820  27010.9  0.16
3840  39371.5  0.22
3860  29032.5  0.16
3880  43219.1  0.24
3900  41688.2  0.22
3920  67254.3  0.36
3940  38202.5  0.2
3960  33204.6  0.18
3980  52104.5  0.28
4000  64442.2  0.34
4020  42188.5  0.22
4040  60971.6  0.32
4060  44876.5  0.24
4080  54945.7  0.28
4100  69672.9  0.36
4120  53605.8  0.28
4140  75256.5  0.38
4160  29864.4  0.16
4180  44314.8  0.22
4200  29720.9  0.16
4220  45062.9  0.22
4240  23173.8  0.12
4260  39262.5  0.2
4280  64446.2  0.32
4300  47971.9  0.24
4320  31163.2  0.16
4340  69863.4  0.34
4360  39585.3  0.2
4380  49536.8  0.24
4400  40551.6  0.2
4420  38424.3  0.18
4440  30638.5  0.14
4460  49976.7  0.24
4480  63652.8  0.3
4500  55152.9  0.26
4520  57059  0.26
4540  40212.7  0.18
4560  47306.2  0.22
4580  40431.7  0.18
4600  60478.3  0.28
4620  32514.1  0.16
4640  42682.8  0.2
4660  52255.2  0.24
4680  70914.2  0.32
4700  22501.7  0.1
4720  49328.4  0.22
4740  44346.8  0.2
4760  58148.2  0.26
4780  41060.2  0.18
4800  60632.6  0.26
4820  38387.8  0.16
4840  63287.9  0.28
4860  40518.5  0.18
4880  53866.8  0.24
4900  30813.6  0.14
4920  59093.6  0.26
4940  65220.7  0.28
4960  84559.1  0.36
4980  55932  0.24
5000  45774.2  0.2
5020  91487.7  0.38
5040  50159.7  0.2
5060  91612.4  0.38
5080  34944  0.14
5100  67955.5  0.28
5120  41874.2  0.18
5140  83033.2  0.34
5160  92924  0.38
5180  52616.1  0.22
5200  67886.7  0.28
5220  41500  0.16
5240  24777.9  0.1
5260  58037.8  0.24
5280  63670.8  0.26
5300  53375  0.22
5320  75341.7  0.3
5340  59742.6  0.24
5360  42176.7  0.16
5380  31683.5  0.12
5400  55484.6  0.22
5420  33510.3  0.14
5440  65934.8  0.26
5460  72120.7  0.28
5480  34466.2  0.14
5500  126960  0.48
5520  62661.3  0.24
5540  34616.4  0.14
5560  73253.2  0.28
5580  48568.8  0.18
5600  73222.7  0.28
5620  42210.8  0.16
5640  41099.2  0.16
5660  59390.8  0.22
5680  38523.7  0.14
5700  55632.9  0.2
5720  47322.8  0.18
5740  47240.6  0.18
5760  80785.7  0.3
5780  77844.3  0.28
5800  70361.6  0.26
5820  81448.1  0.3
5840  88157  0.32
5860  67917.7  0.24
5880  28710.7  0.1
5900  47821  0.18
5920  65609.9  0.24
5940  41168.4  0.14
5960  66891.4  0.24
5980  27771.8  0.1
6000  72891.5  0.26
6020  114760  0.4
6040  36575.1  0.14
6060  71467.7  0.24
6080  35529.8  0.12
6100  29534.1  0.1
6120  64003.6  0.22
6140  78169.9  0.26
6160  80705.5  0.28
6180  80934.9  0.28
6200  31248.5  0.12
6220  59151.7  0.2
6240  45392.4  0.16
6260  63716.5  0.22
6280  54824.6  0.18
6300  65925.8  0.22
6320  17064.2  0.06
6340  66102.3  0.22
6360  64030.6  0.22
6380  63201.6  0.2
6400  71282.3  0.24
6420  109113  0.36
6440  77704.3  0.26
6460  58224.3  0.2
6480  90931.2  0.3
6500  61837.1  0.2
6520  55370.8  0.18
6540  78629.8  0.26
6560  56500.5  0.18
6580  37686.4  0.12
6600  49312.8  0.16
6620  40705.1  0.14
6640  106997  0.34
6660  77007.2  0.24
6680  67058.3  0.22
6700  16289.1  0.06
6720  72163.7  0.22
6740  65534.4  0.2
6760  36721.4  0.12
6780  55074.1  0.18
6800  36747.9  0.12
6820  68325.5  0.22
6840  41708.3  0.14
6860  82391.6  0.26
6880  52088.1  0.16
6900  104480  0.32
6920  51457.4  0.16
6940  57424.6  0.18
6960  48836.3  0.16
6980  63213.8  0.2
7000  77217.7  0.24
7020  67337.1  0.2
7040  52901.2  0.16
7060  64003.5  0.2
7080  78687.8  0.24
7100  35759.1  0.12
7120  51706  0.16
7140  67939.1  0.2
7160  61682.6  0.18
7180  63841.8  0.18
7200  50499.6  0.14
7220  23907.4  0.08
7240  48239.2  0.14
7260  58299.8  0.18
7280  80445.2  0.24
7300  124300  0.36
7320  58998.4  0.18
7340  51528.2  0.16
7360  37299.8  0.12
7380  81424.2  0.24
7400  53184.3  0.16
7420  37462.7  0.12
7440  63075.7  0.18
7460  45635.4  0.14
7480  60220.7  0.18
7500  37532.5  0.1
7520  52973.7  0.16
7540  60624.5  0.18
7560  83622.2  0.24
7580  84291.7  0.24
7600  61211.9  0.18
7620  74578.9  0.2
7640  61956.8  0.18
7660  46206.2  0.14
7680  27278.4  0.08
7700  22983  0.06
7720  46553  0.14
7740  70515.9  0.2
7760  77788.6  0.22
7780  41240  0.12
7800  47321.7  0.14
7820  109537  0.3
7840  63661.9  0.18
7860  79440  0.22
7880  134422  0.36
7900  39507.7  0.12
7920  103196  0.28
7940  79749.2  0.22
7960  34655.5  0.1
7980  39821.6  0.1
8000  57034  0.16
8020  34125.9  0.1
8040  40399.3  0.12
8060  40306  0.1
8080  61694.5  0.16
8100  89250.8  0.24
8120  80810.6  0.2
8140  48881.9  0.14
8160  49181.3  0.14
8180  53940.8  0.14
8200  54655.6  0.14
8220  32713.2  0.08
8240  34471.7  0.1
8260  100502  0.26
8280  17895.7  0.06
8300  36500.9  0.1
8320  49833.9  0.12
8340  34398.2  0.1
8360  58838.1  0.16
8380  42781.6  0.12
8400  67172  0.16
8420  43815.5  0.12
8440  36978.1  0.1
8460  17908.7  0.06
8480  64593.3  0.16
8500  51962.4  0.14
8520  60055.4  0.16
8540  73052.1  0.18
8560  33878.2  0.08
8580  43112.8  0.12
8600  69305.5  0.18
8620  44677  0.12
8640  86893.7  0.22
8660  29061.2  0.08
8680  30751.8  0.08
8700  63530  0.16
8720  60463.1  0.14
8740  60662.1  0.14
8760  79288.6  0.2
8780  79361  0.2
8800  64215.6  0.16
8820  44446.5  0.12
8840  26506  0.06
8860  106506  0.26
8880  55855  0.14
8900  38561.8  0.1
8920  51843.2  0.12
8940  62992.1  0.16
8960  72664.4  0.18
8980  39874.9  0.1
9000  53626.1  0.12
9020  39006.1  0.1
9040  36988.8  0.1
9060  25927.9  0.06
9080  48246.6  0.12
9100  39279.4  0.1
9120  39914  0.1
9140  73449.2  0.18
9160  56341.7  0.14
9180  67115.8  0.16
9200  39651.6  0.1
9220  27176.5  0.06
9240  83422.4  0.2
9260  74186.3  0.16
9280  27992.8  0.08
9300  54878.8  0.12
9320  40184.7  0.1
9340  54844.7  0.12
9360  42028.6  0.1
9380  49770.5  0.12
9400  57359.7  0.14
9420  54991.5  0.12
9440  18925.6  0.06
9460  35043.8  0.08
9480  57457.8  0.14
9500  28411.5  0.06
9520  52286.7  0.12
9540  65872.7  0.14
9560  44598.8  0.1
9580  45499.9  0.1
9600  65464.8  0.14
9620  42200.3  0.1
9640  58810.8  0.14
9660  28544.1  0.06
9680  37069.4  0.08
9700  43139.8  0.1
9720  46488.9  0.1
9740  55877.2  0.12
9760  41721.2  0.1
9780  77771.3  0.16
9800  47145.7  0.1
9820  88595.1  0.2
9840  53720.3  0.12
9860  57078  0.12
9880  55486.5  0.12
9900  47447  0.1
9920  69706.6  0.16
9940  69743  0.16
9960  19386.1  0.04
9980  37316.7  0.08
10000  87945.6  0.18
10020  90580.6  0.2
10040  19451.4  0.04
10060  42620.8  0.1
10080  111259  0.24
10100  81129.2  0.18
10120  41851.8  0.1
10140  19538.9  0.04
10160  59006.6  0.12
10180  87563.5  0.18
10200  48920  0.1
10220  42273.9  0.1
10240  62804.3  0.14
10260  82504.5  0.18
10280  32237.6  0.08
10300  31574.3  0.08
10320  43448.8  0.1
10340  62704.6  0.14
10360  43430.2  0.1
10380  28979.9  0.06
10400  36634.4  0.08
10420  53428.1  0.12
10440  94320.6  0.2
10460  95612  0.2
10480  73830.7  0.16
10500  70794.9  0.14
10520  81091.1  0.16
10540  53034.5  0.12
10560  48113.2  0.1
10580  80634  0.16
10600  34843.4  0.08
10620  85236.7  0.18
10640  19957.7  0.04
10660  64953.4  0.14
10680  19986.8  0.04
10700  106222  0.2
10720  64642.6  0.14
10740  56373.6  0.12
10760  41246.2  0.08
10780  47701.7  0.1
10800  72985.6  0.14
10820  76066.8  0.16
10840  36863.7  0.08
10860  65325.6  0.14
10880  60999.5  0.12
10900  98013.4  0.2
10920  47746.3  0.1
10940  34418.3  0.08
10960  65768.9  0.12
10980  88170.4  0.18
11000  98860.3  0.18
11020  47636.1  0.1
11040  44457.4  0.1
11060  55554.6  0.12
11080  77736.5  0.14
11100  24142.1  0.06
11120  111619  0.22
11140  66971.9  0.14
11160  77174.5  0.14
11180  43935.4  0.08
11200  58349.9  0.12
11220  33232.4  0.06
11240  23571.2  0.06
11260  24244.3  0.06
11280  64211.8  0.12
11300  36337.5  0.08
11320  76749  0.14
11340  28353.6  0.06
11360  91074.5  0.18
11380  50307  0.1
11400  39123.9  0.08
11420  45660.8  0.08
11440  55410.8  0.1
11460  39679.9  0.08
11480  72191.7  0.14
11500  88110.4  0.16
11520  103854  0.2
11540  38879.1  0.08
11560  40375.9  0.08
11580  57997.2  0.12
11600  83945.2  0.16
11620  46802.8  0.1
11640  102303  0.18
11660  105165  0.2
11680  70608.5  0.14
11700  99140.8  0.18
11720  32531.4  0.06
11740  93827.1  0.18
11760  109869  0.2
11780  106341  0.2
11800  79256.7  0.14
11820  71202.6  0.14
11840  106720  0.2
11860  61989.3  0.12
11880  66656.3  0.12
11900  107501  0.2
11920  107843  0.2
11940  79455  0.14
11960  131812  0.24
11980  44144  0.08
12000  21089.3  0.04
12020  38943.5  0.08
12040  48030.6  0.08
12060  116691  0.2
12080  62326.9  0.12
12100  28664.6  0.06
12120  40032.2  0.08
12140  38079.1  0.08
12160  61737.3  0.12
12180  37225.9  0.08
12200  28399.4  0.06
12220  21281.5  0.04
12240  61214  0.12
12260  90388  0.16
12280  70722.8  0.12
12300  98895.2  0.18
12320  51069.8  0.1
12340  61215.8  0.1
12360  30038.5  0.06
12380  50555.8  0.1
12400  41689.9  0.08
12420  38349  0.08
12440  33800  0.06
12460  87503.1  0.16
12480  28484  0.06
12500  33722.5  0.06
12520  63409.1  0.12
12540  112249  0.18
12560  75411.3  0.14
12580  47991  0.08
12600  40795.2  0.08
12620  63423.5  0.12
12640  58819  0.1
12660  62701.1  0.1
12680  28763  0.06
12700  93841.3  0.16
12720  27044.5  0.06
12740  52271.3  0.1
12760  52103.4  0.1
12780  136678  0.22
12800  77228.3  0.14
12820  39371.4  0.08
12840  90178.2  0.16
12860  52578.7  0.1
12880  53413  0.1
12900  21854.1  0.04
12920  49046.6  0.08
12940  26715  0.06
12960  46642  0.08
12980  39266.5  0.08
13000  100300  0.16
13020  55649.8  0.1
13040  21967.5  0.04
13060  52384.8  0.1
13080  22003.6  0.04
13100  57189.7  0.1
13120  91646.2  0.14
13140  39053.3  0.06
13160  53880.9  0.1
13180  35060.7  0.06
13200  43746  0.08
13220  130859  0.2
13240  70633.1  0.12
13260  40431.7  0.08
13280  66805.1  0.12
13300  73048  0.12
13320  39590.5  0.06
13340  42907.9  0.08
13360  41927.5  0.08
13380  53832  0.1
13400  55583.8  0.1
13420  94104.4  0.16
13440  42048.2  0.08
13460  40989  0.08
13480  54420  0.1
13500  54106.1  0.1
13520  61917.4  0.1
13540  67874  0.12
13560  65986.3  0.1
13580  45047.9  0.08
13600  41072.4  0.08
13620  50097.6  0.08
13640  68411.6  0.12
13660  61830.6  0.1
13680  54909.6  0.1
13700  83543.7  0.14
13720  59734.4  0.1
13740  67081.8  0.1
13760  80708.2  0.12
13780  42041.1  0.08
13800  67022.6  0.1
13820  205431  0.3
13840  22639.2  0.04
13860  28598.5  0.06
13880  84261.1  0.14
13900  42612.1  0.08
13920  32613.7  0.06
13940  38960.6  0.06
13960  96248.5  0.14
13980  44922.8  0.08
14000  53972.2  0.08
14020  43537.2  0.08
14040  57650.9  0.1
14060  53711.5  0.08
14080  42224.5  0.06
14100  45680.3  0.08
14120  127487  0.2
14140  82502.6  0.12
14160  42349.7  0.06
14180  96897.4  0.14
14200  22942.5  0.04
14220  111965  0.16
14240  112418  0.16
14260  44635.1  0.08
14280  56907.4  0.08
14300  42586.1  0.06
14320  98233  0.14
14340  42636.3  0.06
14360  29266.8  0.06
14380  99120.4  0.14
14400  55071.5  0.08
14420  80279.5  0.12
14440  41000.8  0.06
14460  112669  0.16
14480  44647.6  0.08
14500  67251.2  0.1
14520  29036.8  0.04
14540  100049  0.14
14560  70460.1  0.1
14580  43510.2  0.06
14600  114290  0.16
14620  41093.8  0.06
14640  61687.5  0.1
14660  42679.1  0.06
14680  110536  0.16
14700  37691.6  0.06
14720  118953  0.18
14740  100066  0.14
14760  139825  0.2
14780  81071.4  0.12
14800  29297.3  0.04
14820  86994.1  0.12
14840  23486  0.04
14860  65001.6  0.1
14880  33225.5  0.06
14900  44000.2  0.06
14920  94220.7  0.14
14940  166179  0.24
14960  41103.3  0.06
14980  102572  0.14
