100  4481.38  0.96
120  4921.73  0.94
140  6705.73  1
160  7493.83  0.94
180  7723.49  0.88
200  9836.68  0.92
220  10124.9  0.88
240  10223  0.82
260  11117  0.84
280  11365.5  0.8
300  11986.4  0.78
320  12469.9  0.78
340  11956.1  0.72
360  11785  0.66
380  12836.3  0.7
400  12403.9  0.64
420  11742.1  0.58
440  11547.9  0.54
460  13621  0.62
480  13313.9  0.58
500  11228.1  0.46
520  13617.7  0.54
540  14106.4  0.54
560  14875.6  0.52
580  20009.1  0.68
600  15190.2  0.5
620  10801.2  0.36
640  13983.3  0.44
660  14283.7  0.44
680  17556.2  0.52
700  15028.6  0.44
720  14726.4  0.42
740  14390.8  0.4
760  14049.2  0.38
780  16656.4  0.44
800  17118  0.44
820  13372.9  0.34
840  13402.1  0.34
860  12772.5  0.32
880  16473.9  0.4
900  24317.8  0.56
920  16595.4  0.36
940  19182.6  0.4
960  14711.2  0.32
980  13790.7  0.3
1000  17681.5  0.36
1020  14240.7  0.28
1040  19669.2  0.38
1060  13738.7  0.26
1080  16296.7  0.3
1100  13176.8  0.24
1120  20164.9  0.36
1140  16828.1  0.3
1160  24017.7  0.42
1180  23394  0.4
1200  18700.1  0.32
1220  14199.7  0.24
1240  15424.7  0.26
1260  24587.7  0.4
1280  22396.1  0.36
1300  14879.8  0.24
1320  22144.3  0.34
1340  22490.1  0.34
1360  19065.3  0.28
1380  15967.3  0.24
1400  18719  0.28
1420  14830.1  0.22
1440  22625.4  0.32
1460  17063.9  0.24
1480  18706.2  0.26
1500  17102.5  0.24
1520  14655.3  0.2
1540  17312.6  0.24
1560  17918.7  0.24
1580  17782.3  0.24
1600  13685.2  0.18
1620  23204.3  0.3
1640  18882.1  0.24
1660  18434.8  0.24
1680  20053  0.24
1700  18709.5  0.22
1720  29908.4  0.36
1740  26757.9  0.32
1760  14505.4  0.18
1780  20728.1  0.24
1800  17196.4  0.2
1820  19245  0.22
1840  16820.9  0.2
1860  17697.1  0.2
1880  23543.7  0.26
1900  17266.4  0.2
1920  26841.4  0.3
1940  21531.5  0.24
1960  18502.9  0.2
1980  24728.6  0.26
2000  35322.8  0.36
2020  18999.2  0.2
2040  27014.2  0.28
2060  35865.2  0.36
2080  38702.5  0.38
2100  32558.6  0.32
2120  36358.4  0.36
2140  17844.7  0.18
2160  23752.6  0.22
2180  21903.8  0.22
2200  34863.8  0.32
2220  22078.3  0.2
2240  23445.4  0.22
2260  28077  0.26
2280  27267.8  0.24
2300  41206.7  0.38
2320  27598.3  0.24
2340  16043.1  0.14
2360  16523  0.14
2380  21170.7  0.18
2400  35720.5  0.3
2420  19646.8  0.18
2440  28092.1  0.24
2460  40828.5  0.34
2480  20568.2  0.18
2500  25592.7  0.22
2520  29688.3  0.24
2540  25142.7  0.2
2560  18493.7  0.16
2580  38193.2  0.3
2600  31546.1  0.26
2620  24103.4  0.2
2640  26767.3  0.22
2660  21593.7  0.18
2680  39537.5  0.3
2700  45886.3  0.36
2720  37308.5  0.28
2740  23838.6  0.18
2760  29944.6  0.22
2780  37859.7  0.28
2800  12199.6  0.1
2820  40169.1  0.3
2840  37765.1  0.28
2860  19267.7  0.14
2880  22365.9  0.16
2900  24236.9  0.18
2920  16710.5  0.12
2940  19823.1  0.14
2960  23750  0.18
2980  34858.3  0.24
3000  32020.7  0.22
3020  32070  0.22
3040  25202  0.18
3060  20525.6  0.14
3080  20438.1  0.14
3100  20719.6  0.14
3120  12572.1  0.1
3140  39709.4  0.26
3160  33668.2  0.22
3180  30822.2  0.2
3200  29974.6  0.2
3220  37405.4  0.24
3240  31324.4  0.2
3260  18384  0.12
3280  33970.4  0.22
3300  35211  0.22
3320  25280.2  0.16
3340  25388.7  0.16
3360  32319.2  0.2
3380  32375.2  0.2
3400  48034.4  0.3
3420  41926.3  0.26
3440  39900  0.24
3460  23000.8  0.14
3480  35918.1  0.22
3500  33485.2  0.2
3520  33839.1  0.2
3540  33925  0.2
3560  23501  0.14
3580  27221.3  0.16
3600  45304.8  0.26
3620  20195.6  0.12
3640  47888.9  0.28
3660  34998  0.2
3680  37076.9  0.22
3700  22621.8  0.14
3720  24356.2  0.14
3740  24696.2  0.14
3760  32919.2  0.18
3780  21003.8  0.12
3800  26861.3  0.16
3820  40399.7  0.22
3840  36780.3  0.2
3860  36810.9  0.2
3880  25470.6  0.14
3900  17781.2  0.1
3920  30191.2  0.16
3940  19697.9  0.1
3960  13968.8  0.08
3980  40679.7  0.22
4000  34048.6  0.18
4020  22228  0.12
4040  46580  0.24
4060  10214.4  0.06
4080  57992.4  0.3
4100  22429.7  0.12
4120  43126.4  0.22
4140  43320.3  0.22
4160  42279.5  0.22
4180  34072.2  0.18
4200  39943.7  0.2
4220  40034.6  0.2
4240  51473.8  0.26
4260  40595.4  0.2
4280  60222.1  0.3
4300  21358.1  0.1
4320  45318.7  0.22
4340  39978  0.2
4360  39053.2  0.18
4380  15296.2  0.08
4400  50036.5  0.24
4420  32983.8  0.16
4440  50797.3  0.24
4460  42023  0.2
4480  37840.7  0.18
4500  46859.8  0.22
4520  20310.9  0.1
4540  47665  0.22
4560  32668.5  0.16
4580  41520.4  0.2
4600  38975.6  0.18
4620  48189.5  0.22
4640  28757.6  0.14
4660  39397.2  0.18
4680  51857.3  0.24
4700  44237.1  0.2
4720  39836.7  0.18
4740  29570.1  0.14
4760  43837.7  0.2
4780  39461.5  0.18
4800  30711.5  0.14
4820  50139.4  0.22
4840  41973.1  0.18
4860  21473.8  0.1
4880  55773.4  0.24
4900  56153.9  0.24
4920  25353.4  0.12
4940  40269.3  0.18
4960  46827  0.2
4980  45343.5  0.2
5000  35801.2  0.16
5020  57057.7  0.24
5040  21149.1  0.1
5060  21297.6  0.1
5080  47838.7  0.2
5100  20915  0.1
5120  27079.7  0.12
5140  16418.9  0.08
5160  75142.3  0.3
5180  36912.2  0.16
5200  33114.7  0.14
5220  38535.7  0.16
5240  59821.9  0.24
5260  70659.3  0.28
5280  44511.7  0.18
5300  46055.5  0.18
5320  44808  0.18
5340  50028.1  0.2
5360  27624.2  0.12
5380  22412.1  0.1
5400  34469.8  0.14
5420  54650.1  0.22
5440  28390.8  0.12
5460  11921.9  0.06
5480  23460.2  0.1
5500  17452.1  0.08
5520  34093.4  0.14
5540  83667.9  0.32
5560  78498.3  0.3
5580  47484.5  0.18
5600  23014.4  0.1
5620  23829  0.1
5640  51016.3  0.2
5660  64197.5  0.24
5680  23398.1  0.1
5700  48002.9  0.18
5720  64947.4  0.24
5740  18002.9  0.08
5760  40259.5  0.16
5780  30269.3  0.12
5800  12363.1  0.06
5820  72067.5  0.26
5840  71550.2  0.26
5860  18121.6  0.08
5880  47309  0.18
5900  35658.4  0.14
5920  59227.5  0.22
5940  37649  0.14
5960  26870.1  0.1
5980  18427.4  0.08
6000  18716.3  0.08
6020  50220.8  0.18
6040  23840.1  0.08
6060  57333.5  0.2
6080  67238.4  0.24
6100  73920.4  0.26
6120  30750.9  0.12
6140  18733  0.08
6160  24888.4  0.1
6180  75032  0.26
6200  56932  0.2
6220  75040.4  0.26
6240  56264.7  0.2
6260  87735  0.3
6280  62945.3  0.22
6300  25490  0.1
6320  36677.3  0.12
6340  69701.3  0.22
6360  52888.6  0.18
6380  83777.2  0.28
6400  19296.2  0.08
6420  84130.1  0.28
6440  58186.7  0.2
6460  13220.5  0.06
6480  27733.6  0.1
6500  84830  0.28
6520  73056.3  0.24
6540  79200.2  0.26
6560  43534.3  0.14
6580  75403.2  0.24
6600  34801.9  0.12
6620  31457.2  0.1
6640  48193.6  0.16
6660  66644.5  0.22
6680  60159.1  0.2
6700  74514.6  0.24
6720  68173.9  0.22
6740  36700.8  0.12
6760  27049.1  0.1
6780  48405.6  0.16
6800  57240.8  0.18
6820  48434.8  0.16
6840  36091.8  0.12
6860  13394  0.04
6880  69002.4  0.22
6900  55524  0.18
6920  43202.2  0.14
6940  62956.2  0.2
6960  58702.6  0.18
6980  92022.6  0.28
7000  42484.9  0.14
7020  27149.9  0.08
7040  28972.4  0.1
7060  13560.4  0.04
7080  50088.1  0.16
7100  14168.8  0.04
7120  51151.6  0.16
7140  65205.2  0.2
7160  47258.8  0.14
7180  71646.9  0.2
7200  52876.2  0.16
7220  52012.2  0.16
7240  47596.1  0.14
7260  14300.5  0.04
7280  73260.9  0.22
7300  52188.5  0.16
7320  38968  0.12
7340  47186.9  0.14
7360  52605.4  0.16
7380  66818.9  0.2
7400  53548.7  0.16
7420  60112.9  0.18
7440  21795.6  0.06
7460  111088  0.3
7480  49833.4  0.14
7500  39588.6  0.12
7520  62641.8  0.18
7540  39913.2  0.12
7560  42311.5  0.12
7580  57831.2  0.16
7600  27391.7  0.08
7620  46525.1  0.14
7640  61564.3  0.18
7660  54402.7  0.16
7680  77156  0.22
7700  46688.6  0.14
7720  35613.6  0.1
7740  47532.6  0.14
7760  40811.9  0.12
7780  47612.2  0.14
7800  100179  0.26
7820  14197.9  0.04
7840  32231  0.1
7860  36016  0.1
7880  58238.1  0.16
7900  48911.9  0.14
7920  79497.9  0.22
7940  22699.4  0.06
7960  71911.3  0.2
7980  72396  0.2
8000  49909.6  0.14
8020  42052.3  0.12
8040  72471.9  0.2
8060  48612.8  0.14
8080  27796.1  0.08
8100  42314.3  0.12
8120  30860.6  0.08
8140  38374.4  0.1
8160  65722  0.18
8180  33739.1  0.1
8200  22293.2  0.06
8220  50293.5  0.14
8240  43280.7  0.12
8260  26797.9  0.08
8280  50609.4  0.14
8300  35295.4  0.1
8320  25960.5  0.08
8340  59534.7  0.16
8360  15209.1  0.04
8380  67766.7  0.18
8400  34551.4  0.1
8420  51578.1  0.14
8440  14720.9  0.04
8460  51984  0.14
8480  32108.6  0.08
8500  15326.5  0.04
8520  60460.2  0.16
8540  52442.8  0.14
8560  60690.4  0.16
8580  15394.4  0.04
8600  36437  0.1
8620  52822.3  0.14
8640  35634.2  0.1
8660  15456.6  0.04
8680  15471.7  0.04
8700  32270.1  0.08
8720  14955.6  0.04
8740  84655  0.2
8760  53864.2  0.14
8780  27337.7  0.08
8800  38424.9  0.1
8820  15037.6  0.04
8840  37943.4  0.1
8860  71595.5  0.18
8880  24009.9  0.06
8900  63445.4  0.16
8920  78684.1  0.18
8940  71786.2  0.18
8960  72054.5  0.18
8980  46386.8  0.12
9000  45957  0.12
9020  15756.8  0.04
9040  54757.3  0.14
9060  15242.2  0.04
9080  64345.2  0.16
9100  47428.9  0.12
9120  28360.1  0.08
9140  46361.7  0.12
9160  46532.9  0.12
9180  42698.8  0.1
9200  38772.9  0.1
9220  37606.5  0.1
9240  24520.3  0.06
9260  47643.2  0.12
9280  47802.3  0.12
9300  46970.3  0.12
9320  37732.3  0.1
9340  70060.8  0.16
9360  51716.5  0.12
9380  39692.8  0.1
9400  16071.4  0.04
9420  24916  0.06
9440  38541.1  0.1
9460  38686  0.1
9480  15594.6  0.04
9500  51581.7  0.12
9520  16167.2  0.04
9540  31072.1  0.08
9560  68620.5  0.16
9580  62308.5  0.14
9600  58301  0.14
9620  71401.8  0.16
9640  87260.4  0.2
9660  39423.4  0.1
9680  78066.2  0.18
9700  48501.5  0.1
9720  68608.5  0.16
9740  52248.9  0.12
9760  45750.2  0.1
9780  15846.4  0.04
9800  69514.5  0.16
9820  51880.8  0.12
9840  59178.2  0.14
9860  39952.1  0.1
9880  39679.2  0.1
9900  59497.4  0.14
9920  16498.6  0.04
9940  69857.9  0.16
9960  50811.7  0.12
9980  30856.5  0.08
10000  70374.7  0.16
10020  26671.9  0.06
10040  50619.8  0.12
10060  60790  0.14
10080  60764.7  0.14
10100  71210.5  0.16
10120  51867.1  0.12
10140  16151.7  0.04
10160  71222.7  0.16
10180  41258.8  0.1
10200  68883.5  0.14
10220  51979.2  0.12
10240  32512.7  0.08
10260  31145.8  0.08
10280  47184.6  0.1
10300  44791.8  0.1
10320  27086.4  0.06
10340  84908.7  0.18
10360  52498.5  0.12
10380  41980.7  0.1
10400  52503.1  0.12
10420  49108.3  0.1
10440  52969.1  0.12
10460  42453.2  0.1
10480  52823.5  0.12
10500  32257.6  0.08
10520  38606.5  0.08
10540  33540.5  0.08
10560  16504.1  0.04
10580  32134.9  0.08
10600  43023.2  0.1
10620  59367.2  0.12
10640  16569.1  0.04
10660  65690.9  0.14
10680  44284.5  0.1
10700  55934.6  0.12
10720  53705.4  0.12
10740  43158  0.1
10760  46452  0.1
10780  55064.9  0.12
10800  54417.1  0.12
10820  32790.2  0.08
10840  34928.4  0.08
10860  59202.6  0.12
10880  66266.4  0.14
10900  62756.6  0.12
10920  43921.3  0.1
10940  44600.8  0.1
10960  33552.2  0.08
10980  48455.9  0.1
11000  55460.1  0.12
11020  34137.3  0.08
11040  44758.8  0.1
11060  17442.4  0.04
11080  39090.2  0.08
11100  17476.7  0.04
11120  28551.7  0.06
11140  50404.2  0.1
11160  38181.8  0.08
11180  50259.1  0.1
11200  58545.4  0.12
11220  47468.5  0.1
11240  39592.7  0.08
11260  45344.7  0.1
11280  53383.4  0.1
11300  56834.4  0.12
11320  17141.6  0.04
11340  45471  0.1
11360  34186  0.08
11380  46561  0.1
11400  29044.9  0.06
11420  57349.1  0.12
11440  45853.9  0.1
11460  23065.4  0.06
11480  57538  0.12
11500  29374  0.06
11520  57699.3  0.1
11540  23235  0.06
11560  46227.5  0.08
11580  25509.4  0.06
11600  28877.8  0.06
11620  47002.9  0.1
11640  34896.8  0.06
11660  29002.4  0.06
11680  70089.4  0.14
11700  70358.6  0.12
11720  53259  0.1
11740  38456.1  0.08
11760  47099.3  0.08
11780  23976.8  0.06
11800  59341.9  0.12
11820  17563.1  0.04
11840  17579.3  0.04
11860  49946.9  0.1
11880  60495.2  0.12
11900  23715.3  0.04
11920  57945.7  0.1
11940  35664.4  0.06
11960  47603.1  0.08
11980  47811.4  0.08
12000  17714.9  0.04
12020  23836  0.04
12040  29966.3  0.06
12060  60299.8  0.12
12080  35992.7  0.06
12100  47932.1  0.08
12120  23937.4  0.04
12140  36128.6  0.06
12160  36174.5  0.06
12180  45617.6  0.08
12200  48687.8  0.08
12220  49925.2  0.1
12240  48191.1  0.08
12260  36300.9  0.06
12280  36387.9  0.06
12300  24116.1  0.04
12320  24135.4  0.04
12340  36384.2  0.06
12360  36541.5  0.06
12380  37702.3  0.08
12400  24217.5  0.04
12420  24236.8  0.04
12440  18083.6  0.04
12460  24275.4  0.04
12480  48028.3  0.08
12500  38790.9  0.08
12520  49538.9  0.08
12540  36693.8  0.06
12560  37019.4  0.06
12580  24396.1  0.04
12600  52073.4  0.1
12620  31123.1  0.06
12640  49597.2  0.08
12660  44715.2  0.08
12680  44883.8  0.08
12700  18798.9  0.04
12720  31532.6  0.06
12740  65091.5  0.12
12760  24574.8  0.04
12780  24598.9  0.04
12800  18883.6  0.04
12820  37237.8  0.06
12840  24656.9  0.04
12860  57162.4  0.1
12880  37230  0.06
12900  51635.5  0.08
12920  40096  0.08
12940  26527.7  0.06
12960  52125  0.1
12980  24764.3  0.04
13000  24780.4  0.04
13020  26132.3  0.06
13040  31480.1  0.06
13060  52513.2  0.1
13080  26119.8  0.04
13100  39257.1  0.06
13120  39285  0.06
13140  24871.5  0.04
13160  24884.3  0.04
13180  54429.4  0.1
13200  31843.9  0.06
13220  39493.1  0.06
13240  50625.5  0.08
13260  92541.9  0.14
13280  26317.7  0.04
13300  26337.1  0.04
13320  39679.7  0.06
13340  19329  0.04
13360  53068.2  0.08
13380  39784.2  0.06
13400  45431.2  0.08
13420  59222.2  0.1
13440  26477.1  0.04
13460  51898.7  0.08
13480  53550.3  0.08
13500  54278.1  0.1
13520  26559.2  0.04
13540  40081.9  0.06
13560  40324.1  0.06
13580  40086.1  0.06
13600  38126.4  0.06
13620  78773  0.12
13640  26679.9  0.04
13660  47038.5  0.08
13680  53924.7  0.08
13700  33109  0.06
13720  54270.5  0.08
13740  19658.1  0.04
13760  40519.1  0.06
13780  26819.9  0.04
13800  47478.2  0.08
13820  60737.7  0.1
13840  71292.7  0.12
13860  40565.4  0.06
13880  53071.2  0.08
13900  54430.9  0.08
13920  47911.4  0.08
13940  48028.5  0.08
13960  67634.6  0.1
13980  27017.9  0.04
14000  40770.8  0.06
14020  27056.6  0.04
14040  47384.9  0.08
14060  39992.2  0.06
14080  25497  0.04
14100  71057.7  0.12
14120  55158.8  0.08
14140  41152.7  0.06
14160  41448.6  0.06
14180  41275.5  0.06
14200  73003  0.12
14220  55275.4  0.08
14240  41354.9  0.06
14260  39617.1  0.06
14280  25628.1  0.04
14300  27336.6  0.04
14320  42856  0.06
14340  41495.1  0.06
14360  40577.6  0.06
14380  48457  0.08
14400  55000.9  0.08
14420  34214.9  0.06
14440  25732.1  0.04
14460  25741.6  0.04
14480  40798.7  0.06
14500  35147.8  0.06
14520  27511.8  0.04
14540  20644.9  0.04
14560  39584.8  0.06
14580  115921  0.16
14600  35224.6  0.06
14620  55573.1  0.08
14640  20746.3  0.04
14660  35399.6  0.06
14680  34490.4  0.06
14700  20804.2  0.04
14720  40414  0.06
14740  57282.1  0.08
14760  27661.1  0.04
14780  35696.2  0.06
14800  35644  0.06
14820  68934.8  0.1
14840  44868.4  0.08
14860  20963.6  0.04
14880  26021.6  0.04
14900  35800.8  0.06
14920  21026.3  0.04
14940  35764.1  0.06
14960  60155.4  0.1
14980  20219.3  0.04
