100  4405.26  0.98
120  5944.83  0.98
140  6448.09  0.94
160  7572.58  0.98
180  8196.27  0.96
200  9687.36  0.96
220  11240.2  0.98
240  11792.3  0.94
260  12336.4  0.92
280  12605  0.88
300  13213.7  0.88
320  14213.1  0.88
340  15149  0.88
360  16562.9  0.9
380  16576.9  0.86
400  15674.6  0.78
420  15881.4  0.76
440  17937.2  0.82
460  19199.5  0.84
480  17289.4  0.74
500  18871.4  0.78
520  18123.9  0.72
540  16349  0.62
560  18804.7  0.68
580  20929.9  0.72
600  21673.2  0.72
620  21891.9  0.7
640  20669  0.64
660  24653.6  0.74
680  21936.4  0.64
700  20832.9  0.6
720  27275  0.76
740  25594.7  0.7
760  21781.8  0.58
780  22889.3  0.6
800  20886.2  0.52
820  23948.1  0.6
840  24481.6  0.58
860  23041.2  0.54
880  27040.5  0.62
900  25882.8  0.58
920  24094.1  0.54
940  24193.7  0.54
960  20583.1  0.44
980  20511  0.42
1000  26127.8  0.52
1020  26818.7  0.52
1040  21844  0.42
1060  25010.6  0.48
1080  30620.5  0.56
1100  31952.8  0.58
1120  23456.4  0.42
1140  26105.4  0.46
1160  25609.6  0.44
1180  28950.8  0.5
1200  38373.6  0.64
1220  25819.1  0.44
1240  25113.5  0.42
1260  23762.7  0.38
1280  29052.6  0.46
1300  28003.3  0.44
1320  26647.3  0.42
1340  31117.6  0.48
1360  31413.5  0.46
1380  32645.9  0.48
1400  30275.1  0.44
1420  26434  0.38
1440  26110.7  0.36
1460  26649.6  0.38
1480  34290.1  0.46
1500  27047.6  0.36
1520  36930.1  0.5
1540  28093  0.38
1560  31034.1  0.4
1580  34593.9  0.44
1600  36806.5  0.48
1620  30713.5  0.4
1640  35792  0.44
1660  38633.3  0.48
1680  35063.6  0.42
1700  40755  0.48
1720  37998.8  0.44
1740  28057.4  0.32
1760  28375  0.34
1780  32184  0.36
1800  29196.2  0.34
1820  39014.5  0.44
1840  35036.9  0.38
1860  44404  0.48
1880  26966.5  0.3
1900  32127.2  0.34
1920  40056.3  0.42
1940  34384.4  0.36
1960  42863  0.44
1980  31135.8  0.32
2000  36853.1  0.38
2020  46482.8  0.46
2040  49297.3  0.5
2060  33669.8  0.34
2080  37958.5  0.38
2100  45917.3  0.44
2120  38084.2  0.36
2140  35984.4  0.34
2160  45040.3  0.42
2180  40987.4  0.38
2200  43454.7  0.4
2220  42165.8  0.4
2240  31702.5  0.3
2260  40501.4  0.36
2280  35070.4  0.32
2300  36022.1  0.32
2320  38842.1  0.34
2340  26734.3  0.24
2360  34497.6  0.3
2380  41626.9  0.36
2400  38161.7  0.32
2420  43312.8  0.36
2440  31576.6  0.28
2460  26453.2  0.22
2480  31306.8  0.26
2500  39276.9  0.32
2520  33075.3  0.26
2540  42446.7  0.34
2560  31220  0.26
2580  40583.2  0.32
2600  35499.6  0.28
2620  33183  0.26
2640  46114.2  0.36
2660  43750.6  0.34
2680  36335.3  0.28
2700  47325.1  0.36
2720  33759.5  0.26
2740  32061  0.24
2760  47051.7  0.34
2780  33304.4  0.24
2800  32471.2  0.24
2820  47619.9  0.34
2840  24933.8  0.18
2860  32821.8  0.24
2880  39100.1  0.28
2900  43715.2  0.3
2920  39500.1  0.28
2940  40363.1  0.28
2960  38439  0.26
2980  28140.2  0.2
3000  48076.5  0.34
3020  33911.7  0.24
3040  44115.7  0.3
3060  32143.1  0.22
3080  38497.6  0.26
3100  29374.9  0.2
3120  54398.1  0.36
3140  37284.2  0.24
3160  31835.8  0.22
3180  41450.5  0.28
3200  44723.1  0.28
3220  36888.4  0.24
3240  39120.5  0.26
3260  50602.2  0.32
3280  57730  0.36
3300  39605.9  0.24
3320  48227.4  0.3
3340  38619  0.24
3360  48123.1  0.3
3380  47812.8  0.3
3400  36978.6  0.22
3420  44787.7  0.28
3440  48757.7  0.3
3460  61876.5  0.36
3480  36425.4  0.22
3500  43842.8  0.26
3520  39897.1  0.24
3540  46343.8  0.28
3560  61836.8  0.36
3580  56750.2  0.32
3600  38177.9  0.22
3620  52989.6  0.3
3640  45696.3  0.26
3660  63277.5  0.36
3680  44870.6  0.26
3700  41354  0.24
3720  63277.2  0.34
3740  58700.4  0.32
3760  37645  0.2
3780  39500.2  0.22
3800  33511.4  0.18
3820  49618  0.26
3840  60075.8  0.32
3860  50658.7  0.28
3880  57193.9  0.3
3900  48059  0.26
3920  66116.7  0.34
3940  39111.5  0.2
3960  43947.5  0.24
3980  57605.3  0.3
4000  52343.5  0.26
4020  42219.8  0.22
4040  37651.6  0.2
4060  56994.6  0.28
4080  73698.6  0.36
4100  77954.5  0.38
4120  61937.9  0.3
4140  31048.9  0.16
4160  39541  0.2
4180  48717.6  0.24
4200  71501  0.34
4220  28662.6  0.14
4240  49608.1  0.24
4260  47130.4  0.24
4280  36078.7  0.18
4300  68684.1  0.32
4320  49243.7  0.24
4340  53459.1  0.26
4360  57117.7  0.28
4380  63588.1  0.3
4400  43910.4  0.2
4420  37269.9  0.18
4440  43162.6  0.2
4460  53935.1  0.24
4480  38651.2  0.18
4500  61892.7  0.28
4520  56976.5  0.26
4540  54646.9  0.26
4560  54930.4  0.26
4580  35831.1  0.16
4600  41753.8  0.2
4620  52269.6  0.24
4640  41840.2  0.2
4660  53178.7  0.24
4680  56236.3  0.26
4700  51518.3  0.24
4720  46187  0.2
4740  28536.9  0.14
4760  41010.2  0.18
4780  45476.1  0.2
4800  52609.2  0.22
4820  33540.1  0.14
4840  36719.8  0.16
4860  29107.5  0.12
4880  37344.3  0.16
4900  58864.9  0.24
4920  42519.8  0.18
4940  39468.8  0.16
4960  32980  0.14
4980  35213.4  0.16
5000  53914  0.22
5020  42230.6  0.18
5040  39939.3  0.16
5060  54936  0.22
5080  34956.7  0.14
5100  32070.9  0.14
5120  22993.1  0.1
5140  47991  0.2
5160  61655.4  0.24
5180  46096.9  0.18
5200  39119.3  0.16
5220  69703.3  0.28
5240  63164.5  0.26
5260  45253.8  0.18
5280  49845.1  0.2
5300  52564.3  0.2
5320  62134.5  0.24
5340  53262.1  0.2
5360  35000  0.14
5380  30173.5  0.12
5400  77200.8  0.3
5420  48726  0.2
5440  41497.1  0.16
5460  48190.7  0.18
5480  41226.4  0.16
5500  43693.5  0.16
5520  41218.8  0.16
5540  37842.3  0.14
5560  32813.2  0.12
5580  54804.5  0.2
5600  59205.2  0.22
5620  32902.5  0.12
5640  53565.4  0.2
5660  41334.5  0.16
5680  42662.8  0.16
5700  32424.1  0.12
5720  39186.9  0.14
5740  50753.6  0.18
5760  39743.2  0.14
5780  69225.7  0.24
5800  47559.9  0.18
5820  36739.7  0.14
5840  48357.9  0.18
5860  52090.4  0.18
5880  42923.1  0.16
5900  34425.2  0.12
5920  65529  0.24
5940  46386.6  0.16
5960  53948.3  0.2
5980  46674.8  0.16
6000  40482.9  0.14
6020  53019.3  0.18
6040  72269.7  0.24
6060  35913.7  0.12
6080  61457.7  0.22
6100  65337.7  0.22
6120  29269.5  0.1
6140  73650  0.24
6160  40980.8  0.14
6180  34881.5  0.12
6200  34918.8  0.12
6220  41999.6  0.14
6240  42984.9  0.14
6260  50607.5  0.18
6280  53115  0.18
6300  65807.8  0.22
6320  57466.1  0.2
6340  36346.7  0.12
6360  36613.7  0.12
6380  43000.7  0.14
6400  70374.4  0.22
6420  56322.2  0.18
6440  48275.1  0.16
6460  54285.2  0.18
6480  65142.9  0.22
6500  45624.8  0.16
6520  50307.2  0.16
6540  57205.9  0.18
6560  35379.2  0.12
6580  43958.7  0.14
6600  44322.7  0.14
6620  41376.7  0.14
6640  68129.9  0.22
6660  37213.7  0.12
6680  44649.9  0.14
6700  43506.1  0.14
6720  63623.5  0.2
6740  48656.1  0.16
6760  49378.2  0.16
6780  57534.8  0.18
6800  43603.3  0.14
6820  34421  0.12
6840  51144.5  0.16
6860  64508.5  0.2
6880  40164.9  0.12
6900  37931.9  0.12
6920  51735.9  0.16
6940  46036.6  0.14
6960  44971.9  0.14
6980  41802.5  0.14
7000  24552.6  0.08
7020  44702.7  0.14
7040  56271.4  0.16
7060  35647.9  0.12
7080  59827.4  0.18
7100  45635  0.14
7120  54669.1  0.16
7140  26473.9  0.08
7160  45236.1  0.14
7180  95133.5  0.28
7200  33323.9  0.1
7220  86758.6  0.26
7240  31601.2  0.1
7260  36722.8  0.12
7280  39415.4  0.12
7300  45997.7  0.14
7320  67625.3  0.2
7340  67741.6  0.2
7360  38701.4  0.12
7380  75438.9  0.22
7400  32392.7  0.1
7420  34608.5  0.1
7440  50419.8  0.14
7460  68941.1  0.2
7480  33197.5  0.1
7500  43138  0.12
7520  42452.9  0.12
7540  42279.3  0.12
7560  62439.3  0.18
7580  59478.7  0.16
7600  32551.4  0.1
7620  65206.7  0.18
7640  62905.4  0.18
7660  46162  0.14
7680  49181.9  0.14
7700  53197.8  0.14
7720  52118.9  0.14
7740  42400.2  0.12
7760  40902.4  0.12
7780  36226.1  0.1
7800  48770.7  0.14
7820  56520.6  0.16
7840  64431.2  0.18
7860  80267.8  0.22
7880  83829.1  0.22
7900  45552.1  0.12
7920  52956.2  0.14
7940  49642.9  0.14
7960  58044.5  0.16
7980  53490.3  0.14
8000  49843.9  0.14
8020  58882.4  0.16
8040  50021.9  0.14
8060  74347.3  0.2
8080  21649.3  0.06
8100  57938.1  0.16
8120  58493.1  0.16
8140  89520.7  0.22
8160  54849.7  0.14
8180  50890.6  0.14
8200  42224  0.12
8220  75939.8  0.2
8240  42813.8  0.12
8260  59405.2  0.16
8280  68488.9  0.18
8300  46901.1  0.12
8320  106305  0.26
8340  51538.3  0.14
8360  27696.9  0.08
8380  44422.2  0.12
8400  48076.5  0.12
8420  52089.2  0.14
8440  39644.6  0.1
8460  76097.1  0.18
8480  44128.6  0.12
8500  32421.1  0.08
8520  64126.8  0.16
8540  36889.6  0.1
8560  36444.8  0.1
8580  44600.9  0.12
8600  41223.5  0.1
8620  56231.5  0.14
8640  38331.3  0.1
8660  53135.2  0.14
8680  87566.7  0.22
8700  38263.7  0.1
8720  69197.8  0.16
8740  57956.8  0.14
8760  45620.5  0.12
8780  54458.5  0.14
8800  57636.7  0.14
8820  41331.5  0.1
8840  30324.7  0.08
8860  66790  0.16
8880  50296.8  0.12
8900  61139.9  0.14
8920  41129.1  0.1
8940  55799.7  0.14
8960  39317.3  0.1
8980  49256.3  0.12
9000  58202.6  0.14
9020  42988.7  0.1
9040  78837.4  0.18
9060  68615.4  0.16
9080  57543.9  0.14
9100  38400.4  0.1
9120  33278.5  0.08
9140  48078.4  0.12
9160  35530.6  0.08
9180  38508.9  0.1
9200  53936.1  0.12
9220  44801  0.1
9240  33817.6  0.08
9260  35955  0.08
9280  67803.8  0.16
9300  32158.1  0.08
9320  74939  0.18
9340  69152.8  0.16
9360  50656  0.12
9380  35819.9  0.08
9400  24716.6  0.06
9420  56791.7  0.14
9440  71004.5  0.16
9460  59325.8  0.14
9480  81049.9  0.18
9500  41139.3  0.1
9520  76172.6  0.16
9540  32508.3  0.08
9560  49908  0.12
9580  26887.2  0.06
9600  40181.4  0.1
9620  62444.3  0.14
9640  30971.5  0.08
9660  51518.5  0.12
9680  44229.6  0.1
9700  56120.8  0.12
9720  82395.5  0.18
9740  41916.7  0.1
9760  46943.7  0.1
9780  71795.9  0.16
9800  42914.6  0.1
9820  49578.6  0.12
9840  36586.8  0.08
9860  32747.3  0.08
9880  44690.2  0.1
9900  54449.8  0.12
9920  52529.1  0.12
9940  32961  0.08
9960  61515.8  0.14
9980  37966.7  0.08
10000  38008  0.08
10020  90094.3  0.18
10040  79492.3  0.16
10060  41976.3  0.1
10080  39707.8  0.08
10100  33124.8  0.08
10120  34464.2  0.08
10140  59838  0.12
10160  37952.1  0.08
10180  42457.3  0.1
10200  45403.6  0.1
10220  71444.3  0.14
10240  35554.6  0.08
10260  43466.9  0.1
10280  34022.1  0.08
10300  44523.8  0.1
10320  51896.5  0.12
10340  95120.6  0.2
10360  50135.9  0.1
10380  82980.8  0.16
10400  46334.9  0.1
10420  67030.6  0.14
10440  46665.5  0.1
10460  35226.1  0.08
10480  34699.9  0.08
10500  58559.9  0.12
10520  67327  0.14
10540  38218.4  0.08
10560  117729  0.24
10580  63419.9  0.12
10600  35301  0.08
10620  54567.7  0.12
10640  41731.5  0.08
10660  44737.1  0.1
10680  56451.5  0.12
10700  32059.1  0.06
10720  36701.2  0.08
10740  35908.4  0.08
10760  45138.1  0.1
10780  35787.1  0.08
10800  48110.4  0.1
10820  41680.2  0.08
10840  87348.2  0.18
10860  79099.6  0.16
10880  88006.1  0.18
10900  36012.3  0.08
10920  67135.4  0.14
10940  87489.7  0.16
10960  55671  0.12
10980  27479.1  0.06
11000  65936.6  0.12
11020  39552.9  0.08
11040  58048.9  0.12
11060  60667.3  0.12
11080  27219.5  0.06
11100  37887.2  0.08
11120  48708.5  0.1
11140  24604.3  0.06
11160  38309.2  0.08
11180  35643.2  0.08
11200  60825.7  0.12
11220  71990  0.14
11240  57961.4  0.12
11260  86400.7  0.16
11280  80608.2  0.16
11300  83750.7  0.16
11320  46991.5  0.1
11340  46904.1  0.1
11360  80565.3  0.16
11380  96007.7  0.18
11400  48568.4  0.1
11420  70216.1  0.14
11440  90479.7  0.16
11460  58854.1  0.12
11480  90847.3  0.16
11500  38298.1  0.08
11520  91860.6  0.16
11540  26258.2  0.06
11560  47959.8  0.1
11580  37163.4  0.08
11600  59753.5  0.12
11620  51406.6  0.1
11640  36648.2  0.08
11660  25586.6  0.06
11680  83106.9  0.16
11700  82892.7  0.16
11720  51719.6  0.1
11740  48257.7  0.1
11760  47624.5  0.1
11780  71475.2  0.14
11800  24243  0.06
11820  48372.2  0.1
11840  63718.7  0.12
11860  30802.1  0.06
11880  71796.6  0.14
11900  27849.1  0.06
11920  37509.3  0.08
11940  36868.6  0.08
11960  48939.5  0.1
11980  37478.2  0.08
12000  36559.2  0.08
12020  37299.2  0.08
12040  56999.9  0.1
12060  40941.5  0.08
12080  37471.9  0.08
12100  37496.5  0.08
12120  46258.9  0.08
12140  77669.2  0.14
12160  65936  0.12
12180  68783.2  0.12
12200  55785.6  0.1
12220  62477  0.12
12240  68183.9  0.12
12260  37555.1  0.08
12280  78215  0.14
12300  25941.6  0.06
12320  85962.3  0.14
12340  86162.7  0.14
12360  61237.3  0.1
12380  61470.5  0.1
12400  38719.1  0.08
12420  113658  0.2
12440  79349.1  0.14
12460  35040.4  0.06
12480  74466.5  0.12
12500  50824.1  0.1
12520  50383  0.1
12540  49699.5  0.08
12560  62250.1  0.1
12580  50607.1  0.1
12600  28658.1  0.06
12620  50009.6  0.08
12640  27407.3  0.06
12660  34505.3  0.06
12680  31621.9  0.06
12700  67436.8  0.12
12720  64183.6  0.12
12740  62818.8  0.1
12760  43108.3  0.08
12780  38793.4  0.08
12800  55761.6  0.1
12820  53081.6  0.1
12840  56075.5  0.1
12860  52269.3  0.1
12880  89418.1  0.14
12900  39203.2  0.08
12920  53812.6  0.1
12940  92341  0.16
12960  59608.8  0.1
12980  39176.2  0.08
13000  27935.8  0.06
13020  65322.1  0.12
13040  52189.5  0.08
13060  52860.6  0.1
13080  59207.7  0.1
13100  70184.8  0.12
13120  44084.9  0.08
13140  77540.9  0.12
13160  28638.6  0.06
13180  65289.6  0.1
13200  73633.8  0.12
13220  41431.2  0.08
13240  43568.5  0.08
13260  40201.9  0.08
13280  56413.7  0.1
13300  53565.8  0.1
13320  53006.5  0.08
13340  53332.7  0.08
13360  53289.2  0.08
13380  26966.8  0.06
13400  53157.6  0.08
13420  53965.8  0.1
13440  40610.6  0.08
13460  53485  0.08
13480  53680  0.08
13500  65955.5  0.1
13520  56076.5  0.1
13540  40292.8  0.06
13560  42666.1  0.08
13580  28736.8  0.06
13600  27966.5  0.06
13620  72647  0.12
13640  54526.4  0.08
13660  27289.4  0.04
13680  30918.8  0.06
13700  45845.5  0.08
13720  66931.9  0.1
13740  60984.6  0.1
13760  54701.1  0.08
13780  41003.8  0.06
13800  41403.8  0.06
13820  27445.4  0.04
13840  67420.8  0.1
13860  27489.9  0.04
13880  94992.6  0.14
13900  56074  0.1
13920  41427.9  0.06
13940  57889.2  0.1
13960  41508.3  0.06
13980  67708.6  0.1
14000  99431.9  0.16
14020  41645.8  0.06
14040  46385.9  0.08
14060  53869.7  0.08
14080  59237.5  0.1
14100  41704.5  0.06
14120  68584.3  0.1
14140  41839  0.06
14160  41947.9  0.06
14180  101312  0.16
14200  42182.5  0.06
14220  56074.3  0.08
14240  101365  0.16
14260  45749  0.08
14280  61878  0.1
14300  42137.9  0.06
14320  37492.1  0.06
14340  69283.9  0.1
14360  42272.7  0.06
14380  65063.8  0.1
14400  28030.1  0.04
14420  49163.7  0.08
14440  69397.1  0.1
14460  37160  0.06
14480  84305  0.12
14500  55524.1  0.08
14520  65762.2  0.1
14540  48552.9  0.08
14560  42584.4  0.06
14580  57282.3  0.08
14600  70248.9  0.1
14620  42977.9  0.06
14640  28269.6  0.04
14660  64502.2  0.1
14680  57351.4  0.08
14700  42776.4  0.06
14720  70805.2  0.1
14740  91873.8  0.14
14760  42911  0.06
14780  28408.9  0.04
14800  56872  0.08
14820  65039.8  0.1
14840  59463.2  0.1
14860  56327.3  0.08
14880  56648.1  0.08
14900  80464.7  0.12
14920  49433.6  0.08
14940  71724.7  0.1
14960  56507.2  0.08
14980  91503.3  0.14
