100  4486.44  0.96
120  5434.43  0.96
140  6214.77  0.96
160  7374.31  0.96
180  7966  0.92
200  9402.13  0.96
220  9571.13  0.88
240  11153.8  0.9
260  12901.4  0.96
280  12801  0.88
300  12777.7  0.84
320  13322.4  0.82
340  13683  0.8
360  12802.1  0.7
380  13685.9  0.72
400  14507.5  0.72
420  16647.5  0.8
440  15381.7  0.7
460  18815  0.82
480  18020.4  0.76
500  19399  0.78
520  18937.6  0.74
540  19738.2  0.74
560  20993.3  0.76
580  18948  0.66
600  19202.2  0.64
620  21745  0.7
640  19858.7  0.62
660  20980  0.64
680  19900.3  0.58
700  17606.2  0.5
720  22045.9  0.6
740  15891.8  0.44
760  17460  0.48
780  18828  0.48
800  16602.5  0.42
820  18947.4  0.46
840  19698.4  0.48
860  18625.2  0.44
880  23056.2  0.54
900  20422.2  0.46
920  23643.9  0.52
940  19637.1  0.42
960  19041.2  0.4
980  18654.9  0.4
1000  17737.9  0.36
1020  21451.5  0.42
1040  25924.3  0.5
1060  21371.4  0.4
1080  15259.2  0.3
1100  24192.3  0.44
1120  21703.6  0.4
1140  22882.3  0.4
1160  15898.4  0.28
1180  18811.3  0.32
1200  23593.5  0.4
1220  18714.6  0.32
1240  22482.5  0.38
1260  20970.7  0.34
1280  20139.6  0.32
1300  22978.7  0.36
1320  25997.2  0.4
1340  22547.6  0.34
1360  24707.2  0.36
1380  28627.2  0.42
1400  32361  0.46
1420  33496.5  0.48
1440  28054.7  0.4
1460  30290.9  0.42
1480  24939.4  0.36
1500  29166.2  0.4
1520  25472.7  0.34
1540  20971.7  0.28
1560  31166.1  0.4
1580  16328.1  0.22
1600  26897.7  0.34
1620  13924.1  0.18
1640  16483.6  0.2
1660  24198.8  0.3
1680  20705.2  0.26
1700  13553.7  0.16
1720  36281.3  0.42
1740  23409.4  0.28
1760  28237.1  0.32
1780  18256.9  0.22
1800  16417.1  0.2
1820  18175.6  0.2
1840  29184.8  0.32
1860  23954.6  0.26
1880  28988.4  0.32
1900  32875.4  0.36
1920  21949.5  0.24
1940  33849.5  0.36
1960  27995.7  0.3
1980  22703.9  0.24
2000  37079.5  0.38
2020  33634.4  0.34
2040  22393.6  0.24
2060  36339.8  0.36
2080  20925.2  0.2
2100  30766.6  0.3
2120  31037.4  0.3
2140  23649.5  0.22
2160  26061.7  0.24
2180  19574.1  0.18
2200  28647.4  0.26
2220  29243.4  0.28
2240  23240.2  0.22
2260  18020.8  0.16
2280  22675.5  0.2
2300  34633.6  0.3
2320  22545.9  0.2
2340  30078.8  0.26
2360  23250  0.2
2380  34233.7  0.3
2400  23489.8  0.2
2420  22257.3  0.2
2440  21349.3  0.18
2460  19094  0.16
2480  27923  0.24
2500  33969.6  0.28
2520  20277.4  0.16
2540  22900.4  0.18
2560  24714.9  0.2
2580  17022.5  0.14
2600  22305.3  0.18
2620  25166.3  0.2
2640  26221.3  0.2
2660  21222.3  0.16
2680  21479.7  0.16
2700  23578.9  0.18
2720  23691  0.18
2740  25398.2  0.2
2760  21094.4  0.16
2780  13133.7  0.1
2800  13159.3  0.1
2820  21393.6  0.16
2840  12967.3  0.1
2860  27231.4  0.2
2880  26902.3  0.2
2900  22734.1  0.16
2920  29456.4  0.2
2940  27982.2  0.2
2960  33715.5  0.24
2980  30127.4  0.22
3000  17256.8  0.12
3020  23291.2  0.16
3040  26857.9  0.18
3060  17792.7  0.12
3080  19974.2  0.14
3100  19730.6  0.14
3120  24219.8  0.16
3140  23897.4  0.16
3160  21274.4  0.14
3180  14128  0.1
3200  18531.3  0.12
3220  24690.4  0.16
3240  33069.7  0.22
3260  28788.6  0.18
3280  31474.1  0.2
3300  19786.5  0.12
3320  15392.9  0.1
3340  18002  0.12
3360  16816.5  0.1
3380  18754.5  0.12
3400  22096.9  0.14
3420  29677.4  0.18
3440  17993.5  0.12
3460  33380.1  0.2
3480  10587.9  0.08
3500  21022.3  0.12
3520  45541.5  0.26
3540  25465.4  0.16
3560  14150.7  0.08
3580  40330.5  0.24
3600  28892.4  0.16
3620  15934.4  0.1
3640  33990.1  0.2
3660  21940.3  0.12
3680  52364.2  0.3
3700  34254.4  0.2
3720  13111.7  0.08
3740  34118.2  0.2
3760  31182.9  0.18
3780  13212.7  0.08
3800  46478.5  0.26
3820  13340.6  0.08
3840  17238.8  0.1
3860  8607.08  0.06
3880  43622.5  0.24
3900  43858.2  0.24
3920  33544.7  0.18
3940  23316.8  0.12
3960  15509.9  0.08
3980  35949.3  0.18
4000  37032.6  0.2
4020  15209.1  0.08
4040  15822  0.08
4060  18592.1  0.1
4080  11963.4  0.06
4100  21258.4  0.12
4120  7364.67  0.04
4140  30092.5  0.16
4160  29799.5  0.16
4180  22621.7  0.12
4200  7985.23  0.04
4220  25323.4  0.12
4240  22001.8  0.12
4260  12780.4  0.06
4280  26821.1  0.14
4300  26739.2  0.14
4320  25001.7  0.12
4340  38028.9  0.18
4360  36044.2  0.18
4380  25242.1  0.12
4400  16327.4  0.08
4420  24062.3  0.12
4440  20714  0.1
4460  31699.4  0.16
4480  38934.6  0.18
4500  21016.2  0.1
4520  11648  0.06
4540  16608.1  0.08
4560  32941.3  0.16
4580  16408.6  0.08
4600  23799.3  0.12
4620  28517.5  0.14
4640  13333.2  0.06
4660  20427.7  0.1
4680  16039.2  0.08
4700  17481.4  0.08
4720  35413.6  0.16
4740  31135.9  0.14
4760  30824.5  0.14
4780  31593.5  0.14
4800  29772.7  0.14
4820  24655.5  0.12
4840  7489.87  0.04
4860  26458.5  0.12
4880  26714.4  0.12
4900  8205.66  0.04
4920  32461.6  0.14
4940  25955.3  0.12
4960  8730.76  0.04
4980  13631.7  0.06
5000  31732.6  0.14
5020  22267.4  0.1
5040  32575.6  0.14
5060  27389.5  0.12
5080  18454.6  0.08
5100  23776.1  0.1
5120  8695.37  0.04
5140  36567.3  0.16
5160  17264.7  0.08
5180  37926.2  0.16
5200  28235.4  0.12
5220  33667.1  0.14
5240  36757.7  0.16
5260  28802  0.12
5280  28125.3  0.12
5300  59442.9  0.24
5320  34062.2  0.14
5340  8002  0.04
5360  12938.7  0.06
5380  32647.9  0.14
5400  8632.4  0.04
5420  8626.92  0.04
5440  8621.62  0.04
5460  14009.5  0.06
5480  34998.4  0.14
5500  10196.5  0.04
5520  24371.1  0.1
5540  7638.68  0.04
5560  13248.2  0.06
5580  7678.43  0.04
5600  19861.5  0.08
5620  20340.2  0.08
5640  11618  0.06
5660  7632.42  0.04
5680  11183.8  0.04
5700  22689.3  0.08
5720  19877.2  0.08
5740  31979.4  0.12
5760  19405.2  0.08
5780  25395.6  0.1
5800  23117.1  0.08
5820  25448  0.1
5840  17745.5  0.08
5860  18349  0.08
5880  16020  0.06
5900  20736  0.08
5920  30592.9  0.12
5940  20204.6  0.08
5960  26022.3  0.1
5980  14255.3  0.06
6000  14275.6  0.06
6020  28227.7  0.1
6040  31182.5  0.12
6060  15189.5  0.06
6080  23149.7  0.08
6100  24042.7  0.08
6120  20809.6  0.08
6140  15315.4  0.06
6160  9234.69  0.04
6180  15598.8  0.06
6200  32113.9  0.12
6220  25539.1  0.1
6240  19116.3  0.08
6260  25995.2  0.1
6280  19821.9  0.08
6300  19856.3  0.08
6320  14274  0.06
6340  9868.27  0.04
6360  20224  0.08
6380  26199.8  0.1
6400  20131.8  0.08
6420  7826.16  0.04
6440  15809  0.06
6460  26679.6  0.1
6480  33358.8  0.12
6500  14624.2  0.06
6520  7781.87  0.04
6540  20384.8  0.08
6560  52250.7  0.16
6580  33699.1  0.12
6600  8023.1  0.04
6620  27519.1  0.1
6640  10566.7  0.04
6660  34482.8  0.12
6680  20895  0.08
6700  20631.8  0.08
6720  34568.2  0.12
6740  8509.94  0.04
6760  21218.2  0.08
6780  34258.2  0.12
6800  15283.9  0.06
6820  16826.4  0.06
6840  14367.6  0.06
6860  14432.3  0.06
6880  8546.15  0.04
6900  35141.8  0.12
6920  43092.1  0.14
6940  42281.3  0.14
6960  14623  0.06
6980  36769.5  0.12
7000  21626.4  0.08
7020  35833.8  0.12
7040  24024.8  0.08
7060  43289.8  0.14
7080  20738.2  0.06
7100  36448.3  0.12
7120  22236  0.08
7140  36155.4  0.12
7160  9437.87  0.04
7180  15580.4  0.06
7200  29558.3  0.1
7220  15482  0.06
7240  8033.42  0.04
7260  22707  0.08
7280  15248.3  0.06
7300  30174.6  0.1
7320  25562.9  0.08
7340  28662.7  0.08
7360  15589  0.06
7380  15403.1  0.06
7400  15718.5  0.06
7420  8185.09  0.04
7440  8037.44  0.04
7460  7944.47  0.04
7480  18335.2  0.06
7500  18513.4  0.06
7520  8163  0.04
7540  8038.25  0.04
7560  21657.9  0.06
7580  29239.1  0.08
7600  37022.5  0.1
7620  13028.2  0.04
7640  10783.5  0.04
7660  8309.17  0.04
7680  29697.4  0.08
7700  14280.6  0.04
7720  8062.83  0.04
7740  8305.33  0.04
7760  8167.93  0.04
7780  8058.96  0.04
7800  21887.5  0.06
7820  16100.2  0.06
7840  22207.6  0.06
7860  27961.1  0.08
7880  16039.5  0.06
7900  19493.3  0.06
7920  7919.85  0.02
7940  15844.7  0.04
7960  15864.2  0.04
7980  16210.8  0.06
8000  14310.7  0.04
8020  16197.7  0.04
8040  8056.61  0.04
8060  8049.66  0.02
8080  8049.66  0.02
8100  8049.66  0.02
8120  8049.66  0.02
8140  8049.66  0.02
8160  8049.66  0.02
8180  8049.66  0.02
8200  8049.66  0.02
8220  8049.66  0.02
8240  8049.66  0.02
8260  8049.66  0.02
8280  8049.66  0.02
8300  8049.66  0.02
8320  8049.66  0.02
8340  8049.66  0.02
8360  8049.66  0.02
8380  8049.66  0.02
8400  8049.66  0.02
8420  8049.66  0.02
8440  8049.66  0.02
8460  8049.66  0.02
8480  8049.66  0.02
8500  8049.66  0.02
8520  8049.66  0.02
8540  8049.66  0.02
8560  8049.66  0.02
8580  8049.66  0.02
8600  8049.66  0.02
8620  8049.66  0.02
8640  8049.66  0.02
8660  8049.66  0.02
8680  8049.66  0.02
8700  8049.66  0.02
8720  8049.66  0.02
8740  8049.66  0.02
8760  8049.66  0.02
8780  8049.66  0.02
8800  8049.66  0.02
8820  8049.66  0.02
8840  8049.66  0.02
8860  8049.66  0.02
8880  8049.66  0.02
8900  8049.66  0.02
8920  8049.66  0.02
8940  8049.66  0.02
8960  8049.66  0.02
8980  8049.66  0.02
9000  8049.66  0.02
9020  8049.66  0.02
9040  8049.66  0.02
9060  8049.66  0.02
9080  8049.66  0.02
9100  8049.66  0.02
9120  8049.66  0.02
9140  8049.66  0.02
9160  8049.66  0.02
9180  8049.66  0.02
9200  8049.66  0.02
9220  8049.66  0.02
9240  8049.66  0.02
9260  8049.66  0.02
9280  8049.66  0.02
9300  8049.66  0.02
9320  8049.66  0.02
9340  8049.66  0.02
9360  8049.66  0.02
9380  8049.66  0.02
9400  8049.66  0.02
9420  8049.66  0.02
9440  8049.66  0.02
9460  8049.66  0.02
9480  8049.66  0.02
9500  8049.66  0.02
9520  8049.66  0.02
9540  8049.66  0.02
9560  8049.66  0.02
9580  8049.66  0.02
9600  8049.66  0.02
9620  8049.66  0.02
9640  8049.66  0.02
9660  8049.66  0.02
9680  8049.66  0.02
9700  8049.66  0.02
9720  8049.66  0.02
9740  8049.66  0.02
9760  8049.66  0.02
9780  8049.66  0.02
9800  8049.66  0.02
9820  8049.66  0.02
9840  8049.66  0.02
9860  8049.66  0.02
9880  8049.66  0.02
9900  8049.66  0.02
9920  8049.66  0.02
9940  8049.66  0.02
9960  8049.66  0.02
9980  8049.66  0.02
10000  8049.66  0.02
10020  8049.66  0.02
10040  8049.66  0.02
10060  8049.66  0.02
10080  8049.66  0.02
10100  8049.66  0.02
10120  8049.66  0.02
10140  8049.66  0.02
10160  8049.66  0.02
10180  8049.66  0.02
10200  8049.66  0.02
10220  8049.66  0.02
10240  8049.66  0.02
10260  8049.66  0.02
10280  8049.66  0.02
10300  8049.66  0.02
10320  8049.66  0.02
10340  8049.66  0.02
10360  8049.66  0.02
10380  8049.66  0.02
10400  8049.66  0.02
10420  8049.66  0.02
10440  8049.66  0.02
10460  8049.66  0.02
10480  8049.66  0.02
10500  8049.66  0.02
10520  8049.66  0.02
10540  8049.66  0.02
10560  8049.66  0.02
10580  8049.66  0.02
10600  8049.66  0.02
10620  8049.66  0.02
10640  8049.66  0.02
10660  8049.66  0.02
10680  8049.66  0.02
10700  8049.66  0.02
10720  8049.66  0.02
10740  8049.66  0.02
10760  8049.66  0.02
10780  8049.66  0.02
10800  8049.66  0.02
10820  8049.66  0.02
10840  8049.66  0.02
10860  8049.66  0.02
10880  8049.66  0.02
10900  8049.66  0.02
10920  8049.66  0.02
10940  8049.66  0.02
10960  8049.66  0.02
10980  8049.66  0.02
11000  8049.66  0.02
11020  8049.66  0.02
11040  8049.66  0.02
11060  8049.66  0.02
11080  8049.66  0.02
11100  8049.66  0.02
11120  8049.66  0.02
11140  8049.66  0.02
11160  8049.66  0.02
11180  8049.66  0.02
11200  8049.66  0.02
11220  8049.66  0.02
11240  8049.66  0.02
11260  8049.66  0.02
11280  8049.66  0.02
11300  8049.66  0.02
11320  8049.66  0.02
11340  8049.66  0.02
11360  8049.66  0.02
11380  8049.66  0.02
11400  8049.66  0.02
11420  8049.66  0.02
11440  8049.66  0.02
11460  8049.66  0.02
11480  8049.66  0.02
11500  8049.66  0.02
11520  8049.66  0.02
11540  8049.66  0.02
11560  8049.66  0.02
11580  8049.66  0.02
11600  8049.66  0.02
11620  8049.66  0.02
11640  8049.66  0.02
11660  8049.66  0.02
11680  8049.66  0.02
11700  8049.66  0.02
11720  8049.66  0.02
11740  8049.66  0.02
11760  8049.66  0.02
11780  8049.66  0.02
11800  8049.66  0.02
11820  8049.66  0.02
11840  8049.66  0.02
11860  8049.66  0.02
11880  8049.66  0.02
11900  8049.66  0.02
11920  8049.66  0.02
11940  8049.66  0.02
11960  8049.66  0.02
11980  8049.66  0.02
12000  8049.66  0.02
12020  8049.66  0.02
12040  8049.66  0.02
12060  8049.66  0.02
12080  8049.66  0.02
12100  8049.66  0.02
12120  8049.66  0.02
12140  8049.66  0.02
12160  8049.66  0.02
12180  8049.66  0.02
12200  8049.66  0.02
12220  8049.66  0.02
12240  8049.66  0.02
12260  8049.66  0.02
12280  8049.66  0.02
12300  8049.66  0.02
12320  8049.66  0.02
12340  8049.66  0.02
12360  8049.66  0.02
12380  8049.66  0.02
12400  8049.66  0.02
12420  8049.66  0.02
12440  8049.66  0.02
12460  8049.66  0.02
12480  8049.66  0.02
12500  8049.66  0.02
12520  8049.66  0.02
12540  8049.66  0.02
12560  8049.66  0.02
12580  8049.66  0.02
12600  8049.66  0.02
12620  8049.66  0.02
12640  8049.66  0.02
12660  8049.66  0.02
12680  8049.66  0.02
12700  8049.66  0.02
12720  8049.66  0.02
12740  8049.66  0.02
12760  8049.66  0.02
12780  8049.66  0.02
12800  8049.66  0.02
12820  8049.66  0.02
12840  8049.66  0.02
12860  8049.66  0.02
12880  8049.66  0.02
12900  8049.66  0.02
12920  8049.66  0.02
12940  8049.66  0.02
12960  8049.66  0.02
12980  8049.66  0.02
13000  8049.66  0.02
13020  8049.66  0.02
13040  8049.66  0.02
13060  8049.66  0.02
13080  8049.66  0.02
13100  8049.66  0.02
13120  8049.66  0.02
13140  8049.66  0.02
13160  8049.66  0.02
13180  8049.66  0.02
13200  8049.66  0.02
13220  8049.66  0.02
13240  8049.66  0.02
13260  8049.66  0.02
13280  8049.66  0.02
13300  8049.66  0.02
13320  8049.66  0.02
13340  8049.66  0.02
13360  8049.66  0.02
13380  8049.66  0.02
13400  8049.66  0.02
13420  8049.66  0.02
13440  8049.66  0.02
13460  8049.66  0.02
13480  8049.66  0.02
13500  8049.66  0.02
13520  8049.66  0.02
13540  8049.66  0.02
13560  8049.66  0.02
13580  8049.66  0.02
13600  8049.66  0.02
13620  8049.66  0.02
13640  8049.66  0.02
13660  8049.66  0.02
13680  8049.66  0.02
13700  8049.66  0.02
13720  8049.66  0.02
13740  8049.66  0.02
13760  8049.66  0.02
13780  8049.66  0.02
13800  8049.66  0.02
13820  8049.66  0.02
13840  8049.66  0.02
13860  8049.66  0.02
13880  8049.66  0.02
13900  8049.66  0.02
13920  8049.66  0.02
13940  8049.66  0.02
13960  8049.66  0.02
13980  8049.66  0.02
14000  8049.66  0.02
14020  8049.66  0.02
14040  8049.66  0.02
14060  8049.66  0.02
14080  8049.66  0.02
14100  8049.66  0.02
14120  8049.66  0.02
14140  8049.66  0.02
14160  8049.66  0.02
14180  8049.66  0.02
14200  8049.66  0.02
14220  8049.66  0.02
14240  8049.66  0.02
14260  8049.66  0.02
14280  8049.66  0.02
14300  8049.66  0.02
14320  8049.66  0.02
14340  8049.66  0.02
14360  8049.66  0.02
14380  8049.66  0.02
14400  8049.66  0.02
14420  8049.66  0.02
14440  8049.66  0.02
14460  8049.66  0.02
14480  8049.66  0.02
14500  8049.66  0.02
14520  8049.66  0.02
14540  8049.66  0.02
14560  8049.66  0.02
14580  8049.66  0.02
14600  8049.66  0.02
14620  8049.66  0.02
14640  8049.66  0.02
14660  8049.66  0.02
14680  8049.66  0.02
14700  8049.66  0.02
14720  8049.66  0.02
14740  8049.66  0.02
14760  8049.66  0.02
14780  8049.66  0.02
14800  8049.66  0.02
14820  8049.66  0.02
14840  8049.66  0.02
14860  8049.66  0.02
14880  8049.66  0.02
14900  8049.66  0.02
14920  8049.66  0.02
14940  8049.66  0.02
14960  8049.66  0.02
14980  8049.66  0.02
