100  4416.24  1
120  5691.16  1
140  6437.75  0.96
160  7201.45  0.96
180  7725.59  0.92
200  8266.11  0.9
220  9838.98  0.94
240  11574.9  0.9
260  10401.8  0.76
280  13168.5  0.9
300  12289.4  0.8
320  13906  0.84
340  15127.4  0.86
360  13743.7  0.74
380  15572.9  0.8
400  14618  0.72
420  15704.1  0.74
440  15850.6  0.72
460  16989.1  0.74
480  17541.5  0.74
500  17082.7  0.7
520  17294.8  0.68
540  15163.9  0.58
560  19052.6  0.7
580  19737.7  0.7
600  15424.8  0.54
620  18185.2  0.6
640  20156.6  0.64
660  18596.2  0.58
680  19895.1  0.58
700  19206.9  0.54
720  23083  0.62
740  22571.8  0.6
760  22989.6  0.6
780  20268  0.52
800  22385.7  0.56
820  23643.7  0.58
840  23770.5  0.56
860  24115.5  0.56
880  20225.6  0.46
900  23737.3  0.54
920  23598.6  0.52
940  21217.1  0.46
960  24406.5  0.52
980  18964.3  0.4
1000  21448.7  0.44
1020  20643.3  0.42
1040  20546  0.4
1060  21998.2  0.42
1080  24400.1  0.46
1100  24609.8  0.46
1120  24524  0.46
1140  29517.2  0.52
1160  28108.5  0.48
1180  25115  0.42
1200  29084.8  0.48
1220  27982.4  0.46
1240  27272.7  0.44
1260  28561.6  0.46
1280  23583.5  0.38
1300  30729.9  0.48
1320  27201.8  0.42
1340  24973.4  0.38
1360  27790.8  0.42
1380  29902.6  0.44
1400  30143.2  0.44
1420  32483.8  0.46
1440  31604.9  0.44
1460  34680.5  0.48
1480  27639.4  0.38
1500  28810.3  0.4
1520  31626.2  0.42
1540  32595.3  0.44
1560  33287.7  0.44
1580  28442.3  0.38
1600  30005.9  0.38
1620  25834.5  0.32
1640  30425.5  0.38
1660  29452.4  0.36
1680  33080.8  0.4
1700  30378.8  0.36
1720  33755.2  0.4
1740  35427.3  0.42
1760  38306.8  0.44
1780  26249.3  0.3
1800  26594.8  0.3
1820  31713.1  0.36
1840  32204.8  0.36
1860  30424.3  0.34
1880  30896.6  0.34
1900  31591.8  0.34
1920  24417.5  0.26
1940  33794  0.36
1960  30034.3  0.32
1980  23114  0.24
2000  32304.7  0.34
2020  34777.6  0.36
2040  31135.8  0.32
2060  25657.9  0.26
2080  34366  0.34
2100  30282.1  0.3
2120  25447.7  0.24
2140  31150.7  0.3
2160  50610  0.48
2180  39217.8  0.36
2200  31626.6  0.3
2220  32449  0.3
2240  28178.1  0.26
2260  34918  0.32
2280  41792.6  0.38
2300  35277.7  0.32
2320  25646.9  0.24
2340  26222.6  0.24
2360  45353.7  0.4
2380  53179.2  0.46
2400  46484.7  0.4
2420  39439.3  0.34
2440  29706.4  0.26
2460  30171.8  0.26
2480  26438.4  0.22
2500  38214.3  0.32
2520  50709  0.42
2540  36640  0.3
2560  39301.5  0.32
2580  24380.3  0.2
2600  27213  0.22
2620  24198.6  0.2
2640  53554  0.42
2660  27628.5  0.22
2680  34384.5  0.26
2700  38156.3  0.3
2720  44407.4  0.34
2740  34782.1  0.26
2760  30888.2  0.24
2780  50320.5  0.38
2800  35008.6  0.26
2820  39390  0.28
2840  26427  0.2
2860  40427.5  0.3
2880  35060.8  0.26
2900  27928  0.2
2920  46205  0.32
2940  33071  0.24
2960  44543.9  0.32
2980  59867.2  0.42
3000  36524.3  0.26
3020  42837.1  0.3
3040  40085.4  0.28
3060  47362.7  0.32
3080  27079.8  0.18
3100  38139.6  0.26
3120  40961.2  0.26
3140  33212  0.22
3160  41219.3  0.26
3180  37029.3  0.24
3200  35274.6  0.24
3220  37549.1  0.24
3240  43643.9  0.28
3260  39150.1  0.26
3280  19547.2  0.12
3300  35458  0.22
3320  43601.3  0.28
3340  50012.6  0.32
3360  32967.4  0.2
3380  31704.7  0.2
3400  33149.8  0.2
3420  43969.2  0.26
3440  23454.1  0.14
3460  41516.2  0.24
3480  30801.9  0.18
3500  49093.7  0.28
3520  35346.6  0.2
3540  47188.8  0.28
3560  53456.7  0.3
3580  28287.8  0.16
3600  35465.7  0.2
3620  51749.9  0.3
3640  43310.2  0.24
3660  30511.2  0.18
3680  43596.8  0.24
3700  32495.9  0.18
3720  46662.2  0.26
3740  27461.5  0.16
3760  34541  0.2
3780  42063.7  0.24
3800  36997.1  0.2
3820  31829.4  0.18
3840  51087.5  0.28
3860  38104  0.2
3880  41685.3  0.22
3900  42307.4  0.22
3920  28561.9  0.16
3940  44428.7  0.24
3960  39178.2  0.2
3980  32546.1  0.18
4000  32086.9  0.16
4020  41125  0.22
4040  39695.4  0.2
4060  33550.7  0.18
4080  32658.3  0.18
4100  42165.8  0.22
4120  29851.8  0.16
4140  53727.8  0.26
4160  41491.7  0.22
4180  37631  0.2
4200  34127.5  0.18
4220  43259.2  0.22
4240  31268.5  0.16
4260  29059.1  0.14
4280  51013  0.26
4300  57120.5  0.28
4320  40731.1  0.2
4340  59909.2  0.28
4360  34815.3  0.18
4380  55373.2  0.26
4400  36993.6  0.18
4420  47450.6  0.22
4440  29928.6  0.14
4460  38179.2  0.18
4480  36521.7  0.18
4500  19833.8  0.1
4520  41401.7  0.2
4540  35208  0.16
4560  32648.9  0.16
4580  49725.1  0.22
4600  48177.7  0.22
4620  26213.7  0.12
4640  30915.3  0.14
4660  36497.5  0.16
4680  49438.9  0.22
4700  37356.2  0.16
4720  52566.9  0.24
4740  43488.5  0.2
4760  48587.7  0.22
4780  62775.5  0.28
4800  32150.5  0.14
4820  31545.7  0.14
4840  29925.9  0.14
4860  37221.8  0.16
4880  51431.3  0.22
4900  40380.3  0.18
4920  36434.7  0.16
4940  40427.2  0.18
4960  50688.1  0.22
4980  40459.7  0.18
5000  35593.8  0.16
5020  35943.1  0.16
5040  43358.9  0.18
5060  40609.5  0.18
5080  52120.5  0.22
5100  37479.9  0.16
5120  57030.6  0.24
5140  38437.9  0.16
5160  33716.6  0.14
5180  24354.8  0.1
5200  35325.9  0.14
5220  36610.1  0.14
5240  21407  0.1
5260  53523.4  0.22
5280  68061.7  0.26
5300  45977.1  0.18
5320  32797.6  0.14
5340  42833.9  0.16
5360  37711.7  0.14
5380  37815.2  0.14
5400  32456.7  0.12
5420  39080.8  0.16
5440  43639.7  0.16
5460  24900.4  0.1
5480  34127.8  0.14
5500  39137.5  0.16
5520  31377.5  0.12
5540  50336.3  0.2
5560  47602.4  0.18
5580  34813.5  0.14
5600  47819  0.18
5620  40060.1  0.16
5640  15306.2  0.06
5660  45795.3  0.18
5680  50333.4  0.18
5700  37333.9  0.14
5720  51767.5  0.2
5740  45579.2  0.16
5760  37638.4  0.14
5780  42962.1  0.16
5800  58972  0.22
5820  42253.7  0.16
5840  32442.2  0.12
5860  67957.4  0.24
5880  36949.1  0.14
5900  27078.9  0.1
5920  42432.7  0.16
5940  59702.4  0.2
5960  70516.9  0.24
5980  40033.1  0.14
6000  27588  0.1
6020  42500.7  0.16
6040  33061.9  0.12
6060  61398.3  0.22
6080  43250.1  0.16
6100  52070.4  0.18
6120  48166.6  0.16
6140  80877.8  0.28
6160  68552.3  0.24
6180  52505.1  0.18
6200  46702.6  0.16
6220  42615.9  0.14
6240  37434.7  0.12
6260  40929.3  0.14
6280  54153.3  0.18
6300  42621  0.14
6320  60199.9  0.2
6340  51030.3  0.18
6360  22723.8  0.08
6380  36755.8  0.12
6400  54175.5  0.18
6420  67430  0.22
6440  60596.8  0.2
6460  51643.1  0.16
6480  37879.5  0.12
6500  32309.5  0.1
6520  40766.8  0.14
6540  34063.3  0.12
6560  33954.2  0.12
6580  57239.2  0.18
6600  42847  0.14
6620  27025.1  0.1
6640  47783.8  0.16
6660  35933.8  0.12
6680  54008  0.18
6700  43272.2  0.14
6720  45883.7  0.14
6740  24466.5  0.08
6760  32533.7  0.1
6780  44027.8  0.14
6800  26315.2  0.08
6820  48720.8  0.16
6840  46337.1  0.14
6860  53202  0.16
6880  27060  0.08
6900  46600  0.14
6920  56088.8  0.18
6940  38002.8  0.12
6960  53686.9  0.16
6980  20236.7  0.06
7000  31882.4  0.1
7020  37494.5  0.12
7040  40498.7  0.12
7060  47725.6  0.14
7080  47703.8  0.14
7100  48071.9  0.14
7120  40830.3  0.12
7140  31678.2  0.1
7160  41394.9  0.12
7180  50546.1  0.16
7200  30253.9  0.1
7220  41584.2  0.12
7240  48802.8  0.14
7260  34467.3  0.1
7280  46837.5  0.14
7300  34507.7  0.1
7320  39836.1  0.12
7340  41555.2  0.12
7360  41994.8  0.12
7380  41776.8  0.12
7400  41720.1  0.12
7420  56824.7  0.16
7440  49848.7  0.14
7460  50236  0.14
7480  35335.3  0.1
7500  33794.9  0.1
7520  43066.9  0.12
7540  43108.3  0.12
7560  35481.6  0.1
7580  43214.3  0.12
7600  43213.2  0.12
7620  51310.7  0.14
7640  43803.4  0.12
7660  51479.9  0.14
7680  77672  0.22
7700  43915.2  0.12
7720  51648.7  0.14
7740  34130.2  0.1
7760  43985.6  0.12
7780  44050.1  0.12
7800  59737.6  0.16
7820  52152.9  0.14
7840  44575.3  0.12
7860  47573.4  0.14
7880  36588.7  0.1
7900  52541.7  0.14
7920  60962.7  0.16
7940  40013.4  0.12
7960  53087.6  0.14
7980  45251  0.12
8000  57244.4  0.16
8020  57892.1  0.16
8040  27101.3  0.08
8060  37416.3  0.1
8080  39074.4  0.1
8100  51246.9  0.14
8120  46125.6  0.12
8140  46169  0.12
8160  72985.5  0.18
8180  46307.5  0.12
8200  54368.5  0.14
8220  46493.8  0.12
8240  50433.1  0.14
8260  63287.5  0.16
8280  63320.6  0.16
8300  46688.5  0.12
8320  30395.8  0.08
8340  26545.7  0.08
8360  36849.5  0.1
8380  55731.8  0.14
8400  47397  0.12
8420  47339.3  0.12
8440  56080.6  0.14
8460  39121.2  0.1
8480  47571.9  0.12
8500  39227.1  0.1
8520  38412.5  0.1
8540  65250.3  0.16
8560  56793.7  0.14
8580  56964.3  0.14
8600  65430.9  0.16
8620  48496.3  0.12
8640  48787.8  0.12
8660  39980.5  0.1
8680  40216.1  0.1
8700  48788.3  0.12
8720  35744  0.1
8740  48956.5  0.12
8760  44951.3  0.12
8780  40232.7  0.1
8800  49024.7  0.12
8820  59498.4  0.14
8840  49470.5  0.12
8860  58462.4  0.14
8880  48186.2  0.12
8900  67669.7  0.16
8920  48321.1  0.12
8940  49927.8  0.12
8960  49890  0.12
8980  49908  0.12
9000  45459  0.12
9020  41645  0.1
9040  41677  0.1
9060  50733.6  0.12
9080  59887.1  0.14
9100  53145  0.12
9120  50954.8  0.12
9140  41850.3  0.1
9160  51077  0.12
9180  41937.6  0.1
9200  60384  0.14
9220  54031.3  0.12
9240  51292.5  0.12
9260  49895.4  0.12
9280  40358.1  0.1
9300  42641.3  0.1
9320  35999.7  0.08
9340  70688.3  0.16
9360  42251.4  0.1
9380  42532.8  0.1
9400  18745.4  0.04
9420  52120.1  0.12
9440  52360.5  0.12
9460  52839.2  0.12
9480  52959.4  0.12
9500  43527  0.1
9520  74435.7  0.16
9540  34055.1  0.08
9560  28745  0.08
9580  34161.1  0.08
9600  62971.2  0.14
9620  34267  0.08
9640  37446.7  0.08
9660  63095.1  0.14
9680  43872.3  0.1
9700  63201  0.14
9720  34431.3  0.08
9740  44151.6  0.1
9760  73520.7  0.16
9780  44192  0.1
9800  44209.9  0.1
9820  42487.7  0.1
9840  54734.8  0.12
9860  34701.4  0.08
9880  44664.9  0.1
9900  90170.6  0.2
9920  45220.4  0.1
9940  45273  0.1
9960  65262.1  0.14
9980  45313.4  0.1
10000  55429.8  0.12
10020  65610.9  0.14
10040  65633.3  0.14
10060  55617.5  0.12
10080  65739.3  0.14
10100  45782.2  0.1
10120  75890.6  0.16
10140  28816.5  0.06
10160  56079.3  0.12
10180  45936.9  0.1
10200  46099.9  0.1
10220  56109.8  0.12
10240  46415.7  0.1
10260  85274.3  0.18
10280  46391.7  0.1
10300  54875.3  0.12
10320  29779.1  0.06
10340  23019.8  0.06
10360  29809.9  0.06
10380  50322.5  0.1
10400  83260.7  0.16
10420  40253.1  0.08
10440  93488.1  0.18
10460  29450.6  0.06
10480  97774  0.2
10500  61991.9  0.12
10520  58049.4  0.12
10540  75160.9  0.16
10560  68441.7  0.14
10580  68459.7  0.14
10600  73455.3  0.14
10620  37172.3  0.08
10640  48026.1  0.1
10660  46841.4  0.1
10680  83319  0.16
10700  58990.9  0.12
10720  76133.9  0.16
10740  48260.4  0.1
10760  59070  0.12
10780  89683.3  0.18
10800  48347.2  0.1
10820  35941.2  0.08
10840  75171.7  0.14
10860  59767.8  0.12
10880  48991.9  0.1
10900  38173.5  0.08
10920  70957.6  0.14
10940  51872.8  0.1
10960  77868.1  0.16
10980  38319.8  0.08
11000  43053.8  0.08
11020  93067.2  0.18
11040  26410.6  0.06
11060  54251.9  0.1
11080  60881.7  0.12
11100  43218.8  0.08
11120  58801  0.12
11140  61203.1  0.12
11160  69397.5  0.14
11180  61254.4  0.12
11200  34368.1  0.08
11220  50365.6  0.1
11240  52284.9  0.1
11260  31371.7  0.06
11280  50196.9  0.1
11300  93762  0.18
11320  114971  0.22
11340  55528.5  0.1
11360  31374.4  0.06
11380  20199.8  0.04
11400  91796.3  0.18
11420  31484.5  0.06
11440  51175.2  0.1
11460  74185.3  0.14
11480  103616  0.2
11500  62586.5  0.12
11520  74765.1  0.14
11540  73294.2  0.14
11560  61318.3  0.12
11580  74889  0.14
11600  56129.8  0.1
11620  39276.9  0.08
11640  51900  0.1
11660  63621.1  0.12
11680  54241.3  0.1
11700  33390.4  0.06
11720  20449.8  0.04
11740  66692.9  0.12
11760  55041.1  0.1
11780  33556.9  0.06
11800  67652.4  0.12
11820  92758.2  0.16
11840  42252.7  0.08
11860  53078.9  0.1
11880  33743.8  0.06
11900  85999.9  0.16
11920  57350.2  0.1
11940  41184.7  0.08
11960  105528  0.18
11980  65226.4  0.12
12000  87475.7  0.16
12020  68260.9  0.12
12040  29353.6  0.06
12060  29371.5  0.06
12080  52092.8  0.1
12100  53750.9  0.1
12120  53768.8  0.1
12140  29452.2  0.06
12160  56113.3  0.1
12180  29492.6  0.06
12200  41700.9  0.08
12220  42142.4  0.08
12240  29442.8  0.06
12260  42475.9  0.08
12280  20858.6  0.04
12300  29725.3  0.06
12320  30092.4  0.06
12340  69187  0.12
12360  20921.5  0.04
12380  20932.2  0.04
12400  44807.2  0.08
12420  20964.2  0.04
12440  71034.6  0.12
12460  42333.5  0.08
12480  33616.3  0.06
12500  42796.2  0.08
12520  57770.7  0.1
12540  30395.4  0.06
12560  30180.5  0.06
12580  55593  0.1
12600  55454.2  0.1
12620  97611.7  0.16
12640  43353.8  0.08
12660  55673.7  0.1
12680  59409.4  0.1
12700  33972.8  0.06
12720  43775.9  0.08
12740  25249.1  0.04
12760  30877.4  0.06
12780  102897  0.18
12800  21243.9  0.04
12820  73998.8  0.12
12840  59652.1  0.1
12860  58199.6  0.1
12880  103785  0.18
12900  57063  0.1
12920  37760.9  0.06
12940  74668.7  0.12
12960  58370.1  0.1
12980  44305.8  0.08
13000  44283.5  0.08
13020  31252.8  0.06
13040  21419.1  0.04
13060  57631.1  0.1
13080  31311.1  0.06
13100  44322.4  0.08
13120  58356.3  0.1
13140  48172.3  0.08
13160  44418.7  0.08
13180  45148.6  0.08
13200  21531.9  0.04
13220  74329.1  0.12
13240  25543.8  0.04
13260  70351.4  0.12
13280  48827  0.08
13300  31906.9  0.06
13320  71931.1  0.12
13340  48169.5  0.08
13360  43886.1  0.08
13380  96200.6  0.16
13400  18732  0.04
13420  35122.3  0.06
13440  25671.4  0.04
13460  32153.1  0.06
13480  18812.8  0.04
13500  74167.8  0.12
13520  48707  0.08
13540  45778.7  0.08
13560  32251.8  0.06
13580  32274.2  0.06
13600  57576.1  0.1
13620  49413.7  0.08
13640  44132.4  0.08
13660  49497.5  0.08
13680  19010.1  0.04
13700  19032.5  0.04
13720  32696.3  0.06
13740  19072.9  0.04
13760  32635.7  0.06
13780  57244  0.1
13800  70932.8  0.12
13820  88976.2  0.14
13840  63885.8  0.1
13860  19189.5  0.04
13880  25936  0.04
13900  33256.7  0.06
13920  22065.1  0.04
13940  79763.3  0.12
13960  57156.1  0.1
13980  65466.4  0.1
14000  45697.2  0.08
14020  58177.3  0.1
14040  33372  0.06
14060  44671.5  0.08
14080  85246.8  0.14
14100  71158.8  0.12
14120  38206.7  0.06
14140  92893  0.14
14160  62684.1  0.1
14180  49614.3  0.08
14200  37480  0.06
14220  118776  0.18
14240  87153.1  0.14
14260  22315.2  0.04
14280  65907.8  0.1
14300  39173.7  0.06
14320  53096.9  0.08
14340  38726.7  0.06
14360  67481.3  0.1
14380  68976.9  0.1
14400  62900.8  0.1
14420  40643.6  0.06
14440  38880  0.06
14460  59853.4  0.1
14480  36884.8  0.06
14500  24489.7  0.04
14520  24512.2  0.04
14540  53723.1  0.08
14560  22529.9  0.04
14580  50017.1  0.08
14600  53659.8  0.08
14620  34256.5  0.06
14640  39077.3  0.06
14660  84869.2  0.12
14680  26418  0.04
14700  68701.2  0.1
14720  54297.2  0.08
14740  54430.2  0.08
14760  39649.2  0.06
14780  73356.5  0.1
14800  37514.5  0.06
14820  24808.2  0.04
14840  24830.6  0.04
14860  92371.6  0.14
14880  54644.3  0.08
14900  84468.7  0.12
14920  52340.4  0.08
14940  65829.5  0.1
14960  92627.3  0.14
14980  39868.9  0.06
