100  4842.7  1
120  5462.93  0.94
140  6647.19  0.96
160  7448.01  0.96
180  8682.19  0.98
200  9912.01  0.94
220  11389  1
240  11105.4  0.9
260  11608  0.88
280  13511  0.94
300  14079.1  0.92
320  13899.1  0.86
340  14969.5  0.88
360  16900.4  0.94
380  16659.2  0.88
400  16178.9  0.82
420  16236.3  0.78
440  17390.8  0.8
460  19711.1  0.86
480  20091.9  0.86
500  19640.5  0.8
520  19649.9  0.76
540  21906.7  0.82
560  21100  0.76
580  21146.4  0.74
600  19971.6  0.66
620  21717.4  0.7
640  23019.5  0.72
660  22206.3  0.68
680  26197  0.78
700  23289.2  0.66
720  23701.8  0.66
740  21119.2  0.58
760  24625.5  0.66
780  22742.4  0.6
800  23131.6  0.6
820  23865.5  0.6
840  25439.3  0.62
860  28831.4  0.68
880  30185.9  0.7
900  22699.7  0.52
920  26191.1  0.58
940  23689.6  0.52
960  25065.9  0.54
980  27219.4  0.56
1000  29557.3  0.6
1020  28251  0.56
1040  30478.2  0.6
1060  18064.5  0.34
1080  28677  0.54
1100  31356.5  0.58
1120  25799.3  0.46
1140  19715.9  0.36
1160  24478.8  0.44
1180  29335.1  0.52
1200  31343.4  0.54
1220  24373.2  0.42
1240  21225.4  0.36
1260  31347.6  0.5
1280  29658  0.46
1300  32943.1  0.5
1320  34579.6  0.52
1340  26946.7  0.4
1360  25208.3  0.38
1380  29272.5  0.44
1400  30982.4  0.46
1420  32501.7  0.46
1440  35961.1  0.52
1460  22801.5  0.32
1480  37051.7  0.52
1500  36243.2  0.5
1520  29607.3  0.4
1540  22689  0.3
1560  29812.4  0.38
1580  32158.8  0.42
1600  36937.7  0.46
1620  24074.1  0.32
1640  28865.1  0.36
1660  26604.2  0.32
1680  33512.3  0.4
1700  35444.1  0.42
1720  29880.5  0.36
1740  38038.4  0.46
1760  39905.4  0.46
1780  32929.7  0.38
1800  32178.5  0.36
1820  34584.2  0.4
1840  31908.8  0.36
1860  31267.2  0.34
1880  36242  0.4
1900  20926  0.22
1920  30365  0.32
1940  27664.2  0.3
1960  24073  0.26
1980  35396.7  0.36
2000  26123.4  0.26
2020  34380.5  0.34
2040  22310.1  0.22
2060  19969.9  0.2
2080  27034.2  0.26
2100  37895.4  0.36
2120  38125.5  0.36
2140  31426.2  0.3
2160  28433.1  0.28
2180  38994.3  0.36
2200  25887.9  0.24
2220  22241.7  0.22
2240  31961.9  0.3
2260  34564.9  0.32
2280  18386.6  0.18
2300  32182.4  0.3
2320  23244  0.2
2340  25524.6  0.24
2360  30912.6  0.28
2380  28557.9  0.24
2400  28914.4  0.24
2420  26431.4  0.22
2440  33855.2  0.28
2460  43971.3  0.36
2480  27310.5  0.22
2500  24922.9  0.2
2520  27021  0.22
2540  32811.7  0.26
2560  28005.2  0.22
2580  30613.3  0.24
2600  22998.4  0.18
2620  20515.2  0.16
2640  31595  0.24
2660  31778.3  0.24
2680  31739.9  0.24
2700  23893.2  0.18
2720  38244.4  0.28
2740  35530.4  0.26
2760  35347.7  0.26
2780  30223.8  0.22
2800  30303.7  0.22
2820  41911.7  0.3
2840  30617.3  0.22
2860  31030  0.22
2880  28512.2  0.2
2900  34117.9  0.24
2920  35138.2  0.26
2940  20118.8  0.14
2960  19970  0.14
2980  28448.7  0.2
3000  26327.3  0.18
3020  29379.5  0.2
3040  29874.3  0.2
3060  35718.6  0.24
3080  30059.1  0.2
3100  24141.1  0.16
3120  18074.6  0.12
3140  21306.1  0.14
3160  19955.3  0.14
3180  34266.1  0.22
3200  28112.7  0.18
3220  31139.4  0.2
3240  25150.6  0.16
3260  15413.2  0.1
3280  22095.5  0.14
3300  31514  0.2
3320  34970.2  0.22
3340  22261.9  0.14
3360  41887.2  0.26
3380  25902.8  0.16
3400  32609.3  0.2
3420  28889.1  0.18
3440  37010.8  0.22
3460  26068  0.16
3480  30336.9  0.18
3500  16383.1  0.1
3520  19902  0.12
3540  27267.1  0.16
3560  37631.4  0.22
3580  44957.6  0.26
3600  23927.3  0.14
3620  34333.9  0.2
3640  31593.5  0.18
3660  24435.6  0.14
3680  33023.7  0.18
3700  23950  0.14
3720  32092  0.18
3740  24708.9  0.14
3760  28717.4  0.16
3780  33650.6  0.18
3800  32617.4  0.18
3820  33099.4  0.18
3840  25330.6  0.14
3860  25539  0.14
3880  51138.4  0.28
3900  25889  0.14
3920  41724.5  0.22
3940  22072.8  0.12
3960  22141.9  0.12
3980  22223.7  0.12
4000  43318.3  0.22
4020  26420.9  0.14
4040  31356.2  0.16
4060  30638.6  0.16
4080  34663.5  0.18
4100  34962.6  0.18
4120  18901.9  0.1
4140  18776.2  0.1
4160  33448.5  0.16
4180  32837.4  0.16
4200  23417.9  0.12
4220  31976.9  0.16
4240  31944.6  0.16
4260  23586.8  0.12
4280  29602.1  0.14
4300  31860.7  0.16
4320  53809  0.26
4340  41658  0.2
4360  32933.6  0.16
4380  17408.3  0.08
4400  31935.6  0.16
4420  32835.5  0.16
4440  42339.3  0.2
4460  37979.6  0.18
4480  33580.9  0.16
4500  42806.5  0.2
4520  39424.6  0.18
4540  20228.1  0.1
4560  20454  0.1
4580  34455.9  0.16
4600  66120.6  0.3
4620  16317.7  0.08
4640  30211.9  0.14
4660  49206.5  0.22
4680  57110.7  0.26
4700  32144  0.14
4720  40038.6  0.18
4740  25986.5  0.12
4760  29128.8  0.14
4780  25889.4  0.12
4800  50282.9  0.22
4820  41036  0.18
4840  41088.9  0.18
4860  60216  0.26
4880  36768.1  0.16
4900  27944.8  0.12
4920  51772.1  0.22
4940  22129.1  0.1
4960  37253.5  0.16
4980  27234  0.12
5000  46996.7  0.2
5020  57689.2  0.24
5040  52626.3  0.22
5060  66753.6  0.28
5080  37041.1  0.16
5100  42623.8  0.18
5120  51632.9  0.22
5140  27964.6  0.12
5160  22248.8  0.1
5180  24733  0.1
5200  20865.5  0.08
5220  38866.1  0.16
5240  31528.3  0.12
5260  47682.6  0.2
5280  33620.2  0.14
5300  23796.7  0.1
5320  61963.4  0.24
5340  39805.6  0.16
5360  60976.5  0.24
5380  42566.1  0.16
5400  43759.9  0.18
5420  40142.5  0.16
5440  40360.5  0.16
5460  56963.6  0.22
5480  29826.9  0.12
5500  50673  0.2
5520  42404.8  0.16
5540  22327.4  0.1
5560  41152.3  0.16
5580  37220.7  0.14
5600  41613.4  0.16
5620  44975.9  0.16
5640  36225.8  0.14
5660  41440.8  0.16
5680  30275.3  0.12
5700  19084.2  0.08
5720  30845.2  0.12
5740  24949.8  0.1
5760  38564.6  0.14
5780  44539.4  0.16
5800  37182.6  0.14
5820  26398.8  0.1
5840  38826  0.14
5860  60161.7  0.22
5880  38905.9  0.14
5900  25215.2  0.1
5920  26128.9  0.1
5940  71355.1  0.26
5960  55762.4  0.2
5980  25565.1  0.1
6000  25891.3  0.1
6020  42787.2  0.16
6040  38690.5  0.14
6060  42193.9  0.14
6080  50420.4  0.18
6100  26740.6  0.1
6120  43592.1  0.16
6140  51443.5  0.18
6160  20887.2  0.08
6180  33465.4  0.12
6200  40312.5  0.14
6220  27297.2  0.1
6240  49894.2  0.16
6260  63770.1  0.22
6280  45128.3  0.16
6300  20323.1  0.08
6320  21354.2  0.08
6340  19541.7  0.08
6360  48349.4  0.16
6380  54472.3  0.18
6400  33293.4  0.12
6420  40834.2  0.14
6440  46154.3  0.16
6460  27910.6  0.1
6480  36546.2  0.12
6500  34050  0.12
6520  26501.8  0.1
6540  21964.7  0.08
6560  23190.2  0.08
6580  40735.8  0.14
6600  26444.2  0.08
6620  57763.2  0.18
6640  14930.2  0.06
6660  33974.7  0.12
6680  57433.3  0.18
6700  33959.8  0.12
6720  17451.2  0.06
6740  49014.7  0.16
6760  17489.9  0.06
6780  42721.2  0.14
6800  55088.5  0.18
6820  34338  0.12
6840  56485.8  0.18
6860  56664.8  0.18
6880  68369.2  0.2
6900  16143.8  0.06
6920  72169  0.22
6940  36578.4  0.12
6960  55247  0.16
6980  58458.2  0.18
7000  36625.9  0.12
7020  27576.7  0.08
7040  43923.1  0.14
7060  47739.7  0.14
7080  51247.7  0.16
7100  59222.9  0.18
7120  29888.6  0.1
7140  34886.4  0.1
7160  44751.4  0.14
7180  95571.2  0.28
7200  44997  0.14
7220  32466.1  0.1
7240  38069.1  0.12
7260  23177.2  0.08
7280  16613  0.06
7300  52866  0.16
7320  60475.6  0.18
7340  31061  0.1
7360  70665.7  0.2
7380  24571.8  0.08
7400  55947  0.16
7420  25826.5  0.08
7440  63582.6  0.18
7460  29746.8  0.08
7480  46715.5  0.14
7500  68770  0.2
7520  41524.8  0.12
7540  39488.8  0.12
7560  32022.8  0.1
7580  45279.7  0.12
7600  44942.8  0.12
7620  32311.2  0.1
7640  39961.6  0.12
7660  46480.9  0.14
7680  65393.1  0.18
7700  40379.7  0.12
7720  47800.7  0.14
7740  56088.9  0.16
7760  25163.8  0.08
7780  26673.1  0.08
7800  57932.1  0.16
7820  57807.2  0.16
7840  25292  0.08
7860  55782.1  0.16
7880  48412.1  0.14
7900  70168.6  0.18
7920  23758.2  0.06
7940  33814.7  0.1
7960  51641.6  0.14
7980  53575.5  0.14
8000  80755.7  0.22
8020  19629.6  0.06
8040  23904.5  0.06
8060  46523.1  0.12
8080  14026.8  0.04
8100  75029.5  0.2
8120  23985.5  0.06
8140  75805.8  0.2
8160  83571.7  0.22
8180  14072  0.04
8200  51107.4  0.14
8220  57362.5  0.14
8240  47367.2  0.12
8260  40181.8  0.1
8280  53427.1  0.14
8300  52015.3  0.14
8320  69959.8  0.18
8340  60236.8  0.16
8360  60441.8  0.16
8380  16125.1  0.04
8400  51975.4  0.14
8420  15446.2  0.04
8440  48121.3  0.12
8460  34581.6  0.1
8480  65741.3  0.16
8500  61895.7  0.16
8520  36480.7  0.1
8540  44572.1  0.12
8560  28035.9  0.08
8580  53212.3  0.14
8600  36790.3  0.1
8620  54168.3  0.14
8640  27722.4  0.08
8660  27880  0.08
8680  55343.3  0.14
8700  36736  0.1
8720  54686.4  0.14
8740  63069.6  0.16
8760  45586.8  0.12
8780  19790.7  0.06
8800  36929.6  0.1
8820  37136.8  0.1
8840  45961.2  0.12
8860  37209.3  0.1
8880  55463.4  0.14
8900  57284.3  0.14
8920  23277.5  0.06
8940  29146.6  0.08
8960  20264.5  0.06
8980  47335.6  0.12
9000  37806  0.1
9020  60628.8  0.14
9040  38138.3  0.1
9060  29570.9  0.08
9080  25248.1  0.06
9100  47169.2  0.12
9120  48958.3  0.12
9140  39009.5  0.1
9160  60652.9  0.14
9180  75407.7  0.18
9200  39158.3  0.1
9220  20087.5  0.06
9240  32957.1  0.08
9260  57737.7  0.14
9280  48810.3  0.12
9300  19040.2  0.06
9320  67782  0.16
9340  25106.9  0.06
9360  16388.7  0.04
9380  76791.6  0.18
9400  48668.5  0.12
9420  15780.8  0.04
9440  40039  0.1
9460  76045.6  0.18
9480  24079.1  0.06
9500  40384.9  0.1
9520  40516  0.1
9540  40521.5  0.1
9560  40626  0.1
9580  34747.5  0.08
9600  59314.4  0.14
9620  69035.9  0.16
9640  21494.5  0.06
9660  31217.7  0.08
9680  24504.6  0.06
9700  14761.9  0.04
9720  31601.4  0.08
9740  54467.1  0.12
9760  50657.9  0.12
9780  54580.9  0.12
9800  24470.7  0.06
9820  31837.5  0.08
9840  19356.3  0.04
9860  31861.6  0.08
9880  41661.9  0.1
9900  41931.7  0.1
9920  63423.1  0.14
9940  33689.8  0.08
9960  22308.1  0.06
9980  12365.7  0.04
10000  52047.8  0.12
10020  22383.2  0.06
10040  32506  0.08
10060  12446.1  0.04
10080  32537  0.08
10100  42830.4  0.1
10120  61311.8  0.14
10140  23868.2  0.06
10160  32784.5  0.08
10180  32855.2  0.08
10200  22757.8  0.06
10220  12606.8  0.04
10240  15007  0.04
10260  43502.1  0.1
10280  22769.3  0.06
10300  15033.7  0.04
10320  43805.6  0.1
10340  52357  0.12
10360  65638.4  0.14
10380  25212.6  0.06
10400  31028.2  0.06
10420  33620.9  0.08
10440  12826.8  0.04
10460  23399.6  0.06
10480  38839.2  0.08
10500  33971  0.08
10520  23371.2  0.06
10540  23461.4  0.06
10560  15152.1  0.04
10580  34030.4  0.08
10600  34148.9  0.08
10620  13006.6  0.04
10640  13025.8  0.04
10660  34380.7  0.08
10680  34387.6  0.08
10700  46974.6  0.1
10720  23836.1  0.06
10740  34671.9  0.08
10760  52102.5  0.1
10780  25852.7  0.06
10800  13186.5  0.04
10820  54011.1  0.1
10840  45152.2  0.1
10860  28252.8  0.06
10880  13266.8  0.04
10900  13286  0.04
10920  45921.5  0.1
10940  13326.1  0.04
10960  30663.9  0.06
10980  16822.1  0.04
11000  34415.4  0.08
11020  38785.9  0.08
11040  24611.4  0.06
11060  32020.4  0.06
11080  13465.8  0.04
11100  13486.9  0.04
11120  19647.5  0.04
11140  24666.6  0.06
11160  22331.3  0.06
11180  35957.8  0.08
11200  24805.6  0.06
11220  36053.8  0.08
11240  19297.9  0.04
11260  46973.6  0.1
11280  33436.6  0.06
11300  45520.3  0.1
11320  13706.9  0.04
11340  36308.6  0.08
11360  17726.3  0.04
11380  30527.4  0.06
11400  25257.9  0.06
11420  28238.3  0.06
11440  47245  0.1
11460  20907.7  0.04
11480  13865.7  0.04
11500  16959.4  0.04
11520  47319.7  0.1
11540  41072.6  0.08
11560  25537.3  0.06
11580  20874.1  0.04
11600  13986.2  0.04
11620  25656.4  0.06
11640  39361.1  0.08
11660  19282.5  0.04
11680  25663.5  0.06
11700  50137.3  0.1
11720  29196.5  0.06
11740  16557.4  0.04
11760  62439.8  0.12
11780  44917.3  0.08
11800  14187.1  0.04
11820  50553.9  0.1
11840  47710.3  0.1
11860  16595.1  0.04
11880  27091.5  0.06
11900  35922.1  0.08
11920  74346.8  0.14
11940  39166.7  0.08
11960  36704.4  0.08
11980  29431.3  0.06
12000  35358.8  0.06
12020  48244.7  0.1
12040  36762.9  0.08
12060  49051.7  0.1
12080  24991.2  0.06
12100  19561.6  0.04
12120  71453.5  0.12
12140  49211  0.1
12160  45502.3  0.08
12180  49730.9  0.1
12200  27894.4  0.06
12220  20721.3  0.04
12240  19256.2  0.04
12260  58120.1  0.1
12280  28629.1  0.06
12300  37358.2  0.08
12320  31332.6  0.06
12340  47319.4  0.08
12360  43486.6  0.08
12380  36317.9  0.06
12400  50754.8  0.1
12420  18951.2  0.04
12440  76991.9  0.14
12460  47240.8  0.08
12480  31372.8  0.06
12500  19029.6  0.04
12520  32583.6  0.06
12540  27475  0.06
12560  31656.8  0.06
12580  58439.6  0.1
12600  24899.5  0.04
12620  21733.1  0.04
12640  19241.5  0.04
12660  31939.2  0.06
12680  20595  0.04
12700  31859.6  0.06
12720  19249.7  0.04
12740  44665.8  0.08
12760  21672.6  0.04
12780  29174.1  0.06
12800  27050.6  0.06
12820  17317.5  0.04
12840  66037.8  0.12
12860  29330.8  0.06
12880  74646.1  0.12
12900  78962.7  0.14
12920  38395.1  0.06
12940  29317.3  0.06
12960  79255.8  0.14
12980  53609.6  0.1
13000  53841.4  0.1
13020  20512.5  0.04
13040  80156.5  0.14
13060  67040.6  0.12
13080  54121.3  0.1
13100  37551.9  0.06
13120  29561.4  0.06
13140  54262.8  0.1
13160  46569  0.08
13180  21484.7  0.04
13200  80012.5  0.14
13220  21470  0.04
13240  41486.4  0.08
13260  28322.5  0.06
13280  15198.3  0.04
13300  41665.8  0.08
13320  32583.7  0.06
13340  41759.9  0.08
13360  55232.1  0.1
13380  36739.4  0.06
13400  55449.9  0.1
13420  69199.1  0.12
13440  42069.4  0.08
13460  59992.4  0.1
13480  37556.4  0.06
13500  47890.8  0.08
13520  55656.4  0.1
13540  20375.8  0.04
13560  17165.7  0.04
13580  16797.9  0.04
13600  29003.2  0.06
13620  29024.3  0.06
13640  56576  0.1
13660  42833  0.08
13680  61397.1  0.1
13700  29161.7  0.06
13720  17562.3  0.04
13740  56751.2  0.1
13760  19192.9  0.04
13780  24796.8  0.04
13800  15575.6  0.04
13820  19304.1  0.04
13840  30698.5  0.06
13860  29547.4  0.06
13880  61991.4  0.1
13900  42801.5  0.08
13920  15696.2  0.04
13940  15715.3  0.04
13960  50252  0.08
13980  30232.5  0.06
14000  29606.9  0.06
14020  30200.1  0.06
14040  30433.3  0.06
14060  44506.4  0.08
14080  15728.1  0.04
14100  30450.1  0.06
14120  44010.1  0.08
14140  35764  0.06
14160  54355.5  0.08
14180  15956.4  0.04
14200  49549.4  0.08
14220  54601.8  0.08
14240  30840.9  0.06
14260  16510.3  0.04
14280  17405.6  0.04
14300  18208.4  0.04
14320  49514.6  0.08
14340  39996.9  0.06
14360  35720  0.06
14380  26432.9  0.04
14400  59409.7  0.1
14420  15953.3  0.04
14440  21812.1  0.04
14460  21833.1  0.04
14480  59726.2  0.1
14500  36105.7  0.06
14520  36361  0.06
14540  31392.6  0.06
14560  16966.3  0.04
14580  21953.6  0.04
14600  16944.8  0.04
14620  16965.9  0.04
14640  31779.1  0.06
14660  31803.7  0.06
14680  19245.5  0.04
14700  31756.3  0.06
14720  17065.4  0.04
14740  46452.2  0.08
14760  17105.6  0.04
14780  33575.4  0.06
14800  17145.7  0.04
14820  31990.9  0.06
14840  32009.6  0.06
14860  47337.8  0.08
14880  17872.9  0.04
14900  46890.6  0.08
14920  34073.4  0.06
14940  32208.7  0.06
14960  34929.4  0.06
14980  16323.9  0.04
