100  4349.02  1
120  5122.6  1
140  6115.98  0.98
160  7908  0.98
180  8926.05  1
200  9952.46  0.98
220  10808.2  0.98
240  10833.7  0.92
260  12470.9  0.9
280  13787.8  0.94
300  13334.3  0.86
320  15004.8  0.92
340  14140.1  0.82
360  15993.9  0.88
380  15598.6  0.82
400  15427  0.78
420  16571  0.8
440  17532.5  0.8
460  16704.8  0.74
480  18910.7  0.78
500  17994.7  0.72
520  19345.5  0.74
540  21850.3  0.82
560  18396.2  0.66
580  16799.8  0.6
600  19825.9  0.66
620  20410.3  0.68
640  19476.8  0.62
660  21607.7  0.68
680  22057.5  0.68
700  23360.7  0.7
720  22356.8  0.66
740  19982.8  0.56
760  24152.6  0.62
780  25779.8  0.66
800  27745.1  0.68
820  21582.9  0.52
840  25190.2  0.6
860  23074.8  0.54
880  24448.3  0.56
900  26491.9  0.6
920  27405.2  0.6
940  25937.4  0.56
960  26324.7  0.56
980  25233.5  0.54
1000  27162.1  0.56
1020  25586.7  0.52
1040  29072.2  0.56
1060  28718.7  0.54
1080  27167.9  0.52
1100  27303.6  0.5
1120  25076.7  0.46
1140  30252.1  0.54
1160  27184.2  0.48
1180  25663.4  0.44
1200  30245  0.52
1220  31520.4  0.54
1240  33721.2  0.54
1260  27222.5  0.44
1280  28612.5  0.46
1300  28274.9  0.44
1320  36784.6  0.56
1340  28869.9  0.44
1360  43945.4  0.66
1380  39064.4  0.58
1400  37180.7  0.54
1420  30078.6  0.42
1440  37037.4  0.52
1460  38827.3  0.54
1480  38991.4  0.54
1500  33944.6  0.46
1520  36658  0.5
1540  40253.6  0.54
1560  43940.7  0.58
1580  34799.9  0.46
1600  28895.5  0.38
1620  39247.5  0.5
1640  39262.7  0.5
1660  36288.3  0.46
1680  40873.8  0.5
1700  42740  0.52
1720  44452.7  0.54
1740  49852.3  0.58
1760  35945.1  0.42
1780  38092.5  0.44
1800  36617.9  0.42
1820  40525.2  0.46
1840  42920.6  0.48
1860  48252  0.52
1880  38111.7  0.42
1900  32939  0.36
1920  41012.5  0.44
1940  45203.5  0.48
1960  42631.8  0.44
1980  41046.7  0.42
2000  51418.3  0.52
2020  50626.2  0.52
2040  43314  0.44
2060  47880.4  0.48
2080  42354.6  0.42
2100  48827.6  0.48
2120  28678.2  0.28
2140  45227.6  0.44
2160  51069.2  0.48
2180  37230.3  0.36
2200  43660.1  0.4
2220  48970.9  0.46
2240  37723.7  0.34
2260  42709.9  0.38
2280  54415.2  0.48
2300  45624  0.4
2320  50234.7  0.44
2340  46261.4  0.4
2360  38159.9  0.32
2380  48352.3  0.42
2400  60400  0.52
2420  39968.6  0.34
2440  43470.6  0.36
2460  29481.4  0.24
2480  49240.7  0.4
2500  52366.3  0.42
2520  47808.6  0.38
2540  54088.4  0.44
2560  52162.3  0.42
2580  46478.2  0.36
2600  62857.5  0.5
2620  45186.3  0.36
2640  43771.4  0.34
2660  37643.6  0.3
2680  45857.9  0.36
2700  36283.2  0.28
2720  48564.9  0.36
2740  45593.2  0.34
2760  52858.4  0.4
2780  36345.3  0.26
2800  45534.2  0.34
2820  48414.2  0.36
2840  53980  0.38
2860  55881  0.4
2880  57452.3  0.4
2900  53415.1  0.38
2920  49502.9  0.34
2940  47198.5  0.34
2960  57450.9  0.4
2980  27638.7  0.2
3000  31906.1  0.22
3020  58213.7  0.4
3040  47117.2  0.32
3060  61340.2  0.42
3080  48836.3  0.32
3100  47389  0.32
3120  46267.9  0.3
3140  63263.6  0.42
3160  51754.6  0.34
3180  48245.7  0.32
3200  66306.6  0.42
3220  49086.4  0.32
3240  37258  0.24
3260  49568.6  0.32
3280  38880.6  0.24
3300  38169.8  0.24
3320  40451.8  0.26
3340  40630.1  0.24
3360  42248.1  0.26
3380  61314  0.38
3400  58284.2  0.36
3420  56085.2  0.34
3440  64159.1  0.38
3460  55609.6  0.34
3480  40261.4  0.24
3500  59897  0.36
3520  49465.3  0.3
3540  50633.3  0.3
3560  59121.3  0.34
3580  57185.2  0.34
3600  56704.9  0.32
3620  46201.6  0.26
3640  30378.8  0.18
3660  67280.2  0.38
3680  54835.8  0.3
3700  48280.4  0.28
3720  74800  0.42
3740  52953.7  0.3
3760  41469.5  0.22
3780  61295.9  0.34
3800  49656.5  0.26
3820  42127.9  0.24
3840  62067  0.34
3860  44888.9  0.24
3880  69616.2  0.36
3900  65717.8  0.34
3920  57813.2  0.3
3940  55651.6  0.3
3960  50363.8  0.26
3980  57363.6  0.3
4000  42534.7  0.22
4020  59246  0.3
4040  32179.2  0.16
4060  47087  0.24
4080  39559.9  0.2
4100  37277.5  0.2
4120  49165.6  0.24
4140  74512  0.36
4160  54654.7  0.28
4180  37093.3  0.18
4200  52597  0.26
4220  51947.5  0.26
4240  64730.6  0.32
4260  65434.6  0.32
4280  41511.7  0.2
4300  71685.6  0.34
4320  62290  0.3
4340  46707.4  0.22
4360  47434  0.22
4380  57253.5  0.28
4400  69282.6  0.32
4420  26854.5  0.14
4440  53399.1  0.24
4460  68391.7  0.32
4480  52999.1  0.24
4500  71949  0.34
4520  43733.5  0.2
4540  59783.1  0.28
4560  45218.3  0.2
4580  32376.5  0.16
4600  64780.1  0.3
4620  62909  0.28
4640  55581.6  0.26
4660  45288  0.2
4680  55294.4  0.24
4700  52079.5  0.24
4720  27487.6  0.12
4740  47896.3  0.22
4760  57316.5  0.26
4780  28059.6  0.12
4800  58216.2  0.26
4820  47751.5  0.2
4840  70455.6  0.3
4860  38204.9  0.16
4880  68726.7  0.3
4900  51808.6  0.22
4920  48772.8  0.2
4940  44673.8  0.2
4960  45101.4  0.2
4980  29095.9  0.12
5000  55293.8  0.24
5020  77818.7  0.32
5040  65836.5  0.28
5060  54433.8  0.22
5080  58633.6  0.24
5100  51865.7  0.22
5120  56998.4  0.24
5140  48622.1  0.2
5160  69195.1  0.28
5180  46679.7  0.2
5200  54610.7  0.22
5220  43720.1  0.18
5240  42194.8  0.16
5260  63311.1  0.26
5280  63080.7  0.24
5300  48125.7  0.2
5320  61471.7  0.24
5340  56279.7  0.22
5360  30600.6  0.12
5380  24134.5  0.1
5400  36122.4  0.14
5420  29831.3  0.12
5440  50714.8  0.2
5460  42142.3  0.16
5480  53263.4  0.2
5500  62382.1  0.24
5520  49693.6  0.18
5540  52303.5  0.2
5560  41627.2  0.16
5580  19225.8  0.08
5600  35398  0.14
5620  63913.8  0.24
5640  50198.7  0.18
5660  73402.8  0.26
5680  74482.7  0.28
5700  28891.6  0.12
5720  31440.6  0.12
5740  80795  0.28
5760  35459.7  0.14
5780  69944.3  0.26
5800  49123.1  0.18
5820  40368.6  0.14
5840  19900.7  0.08
5860  19142.5  0.08
5880  60481.5  0.22
5900  33915.8  0.12
5920  44214  0.16
5940  48102  0.18
5960  49654.5  0.18
5980  47311.2  0.16
6000  33405.9  0.12
6020  56676.5  0.2
6040  40153.3  0.14
6060  76297.4  0.26
6080  64162.6  0.22
6100  62873.6  0.22
6120  51463.7  0.18
6140  30612.5  0.1
6160  40881.5  0.14
6180  52035  0.18
6200  36415.8  0.12
6220  42682.2  0.14
6240  68936.4  0.24
6260  53453  0.18
6280  23330.9  0.08
6300  53171.5  0.18
6320  37052.5  0.12
6340  54457.5  0.18
6360  69971.7  0.24
6380  52408.5  0.18
6400  84161.4  0.28
6420  48542.3  0.16
6440  54847.7  0.18
6460  29759.1  0.1
6480  49148.3  0.16
6500  41532.5  0.14
6520  53664.5  0.18
6540  49824.3  0.16
6560  56490  0.18
6580  29323.4  0.1
6600  21699.1  0.08
6620  25642.5  0.08
6640  63349.8  0.2
6660  21705.4  0.08
6680  43918  0.14
6700  57042.1  0.18
6720  51126.8  0.16
6740  44544.1  0.14
6760  56920.7  0.18
6780  51159  0.16
6800  60660.4  0.18
6820  46864.3  0.14
6840  45986.8  0.14
6860  51720.1  0.16
6880  48662.2  0.16
6900  33922.4  0.1
6920  27176.1  0.08
6940  37436.7  0.12
6960  30623  0.1
6980  58433.4  0.18
7000  54388  0.16
7020  62047  0.18
7040  48036.6  0.14
7060  30665  0.1
7080  41292.3  0.12
7100  30866.6  0.1
7120  50947.8  0.16
7140  49152.5  0.14
7160  43569.4  0.14
7180  13979.9  0.04
7200  55308  0.16
7220  78743.9  0.22
7240  41848.3  0.12
7260  51529.1  0.16
7280  58833.4  0.18
7300  46466.7  0.14
7320  75804  0.22
7340  64554.2  0.18
7360  28938.8  0.08
7380  35020.3  0.1
7400  44923.3  0.14
7420  74804.2  0.22
7440  40278.5  0.12
7460  47885.1  0.14
7480  56387.6  0.16
7500  32473.6  0.1
7520  40009.5  0.12
7540  47755.6  0.14
7560  48265.4  0.14
7580  46775.3  0.14
7600  39431.9  0.12
7620  66663  0.18
7640  48211.6  0.14
7660  47897.4  0.14
7680  48834.5  0.14
7700  41680.8  0.12
7720  14376.7  0.04
7740  61348.7  0.16
7760  22019.3  0.06
7780  33997.5  0.1
7800  49539.9  0.14
7820  60062.5  0.16
7840  22189  0.06
7860  65580.9  0.18
7880  57623.7  0.16
7900  42071.2  0.12
7920  42226.5  0.12
7940  57499.5  0.16
7960  26506.3  0.08
7980  79991.9  0.22
8000  70512.3  0.18
8020  41303.8  0.12
8040  66845.4  0.18
8060  55495.6  0.14
8080  35698.5  0.1
8100  41757.4  0.12
8120  65113.9  0.18
8140  14687.1  0.04
8160  48502.8  0.12
8180  66083.8  0.18
8200  64512.1  0.16
8220  35433.5  0.1
8240  58163.3  0.16
8260  21245.4  0.06
8280  23823  0.06
8300  68029.8  0.18
8320  90563.2  0.22
8340  35882  0.1
8360  99132.3  0.24
8380  43945.2  0.12
8400  79123.6  0.2
8420  52994.4  0.14
8440  65878.8  0.16
8460  59466.7  0.16
8480  63215.8  0.16
8500  43709.2  0.12
8520  50634.8  0.12
8540  54767  0.14
8560  59988.1  0.16
8580  66858.3  0.16
8600  28429.6  0.08
8620  64395.1  0.16
8640  39103.8  0.1
8660  47726.4  0.12
8680  57937.9  0.14
8700  32075.9  0.08
8720  39194.2  0.1
8740  70478.6  0.18
8760  72354  0.18
8780  45441.6  0.12
8800  90858.2  0.22
8820  43662.3  0.1
8840  106560  0.26
8860  28114.8  0.08
8880  51315.1  0.12
8900  57664.3  0.14
8920  28425.9  0.08
8940  33694.4  0.08
8960  108272  0.26
8980  44240  0.1
9000  28587.4  0.08
9020  29523.1  0.08
9040  49110.2  0.12
9060  50485.2  0.12
9080  44751.8  0.1
9100  56105  0.14
9120  28818.6  0.08
9140  44931  0.1
9160  28795.3  0.08
9180  19921.9  0.06
9200  89669.2  0.2
9220  76410.4  0.18
9240  35268.4  0.08
9260  53702.7  0.12
9280  58435.8  0.14
9300  86767.7  0.2
9320  38919  0.1
9340  39426.1  0.1
9360  61655.4  0.14
9380  53365.8  0.12
9400  43754.8  0.1
9420  39120.4  0.1
9440  20390.4  0.06
9460  49741.1  0.12
9480  44650.4  0.1
9500  32659.6  0.08
9520  35160  0.08
9540  36912.7  0.08
9560  53646.5  0.12
9580  109785  0.24
9600  30385  0.08
9620  71348.2  0.16
9640  46988.6  0.1
9660  41423.8  0.1
9680  48772.6  0.12
9700  37548.1  0.08
9720  45847.5  0.1
9740  37633.6  0.08
9760  65291.1  0.14
9780  47521.9  0.1
9800  57338.5  0.12
9820  52896.3  0.12
9840  47644.7  0.1
9860  42104  0.1
9880  38223.7  0.08
9900  39940.4  0.1
9920  26705.3  0.06
9940  34480  0.08
9960  48432.8  0.1
9980  36846.5  0.08
10000  104857  0.22
10020  50796.4  0.12
10040  61053.4  0.14
10060  69640  0.14
10080  57110.5  0.12
10100  30782.9  0.08
10120  38703.5  0.08
10140  30786.5  0.08
10160  61340  0.14
10180  25123.1  0.06
10200  25826  0.06
10220  84045.9  0.18
10240  16235.8  0.04
10260  51746.9  0.12
10280  45827.7  0.1
10300  72125.9  0.16
10320  39365.4  0.08
10340  39399.7  0.08
10360  39519.4  0.08
10380  47351.5  0.1
10400  29248.7  0.06
10420  83339.5  0.16
10440  121860  0.24
10460  42215.1  0.1
10480  26009.2  0.06
10500  94712.2  0.2
10520  45850  0.1
10540  46906.2  0.1
10560  53936.7  0.12
10580  29466.8  0.06
10600  99626.3  0.2
10620  22178.6  0.06
10640  75149  0.16
10660  40435.1  0.08
10680  27804.6  0.06
10700  36972.6  0.08
10720  29848.7  0.06
10740  38715.2  0.08
10760  29733.2  0.06
10780  33861.6  0.08
10800  28037.4  0.06
10820  22006.7  0.06
10840  83672  0.16
10860  46091.6  0.1
10880  39059.2  0.08
10900  46991.1  0.1
10920  127009  0.24
10940  58982.4  0.12
10960  19404  0.04
10980  30321.6  0.06
11000  58089.4  0.12
11020  30520.5  0.06
11040  132948  0.26
11060  27800.1  0.06
11080  78916  0.16
11100  30606.8  0.06
11120  82762.9  0.16
11140  16902.8  0.04
11160  101235  0.2
11180  99317.6  0.18
11200  19644.8  0.04
11220  39914.4  0.08
11240  30491.3  0.06
11260  30943.1  0.06
11280  30811.4  0.06
11300  19741.8  0.04
11320  19761.9  0.04
11340  30611.4  0.06
11360  19802  0.04
11380  40490.1  0.08
11400  42448.5  0.08
11420  29065  0.06
11440  31323.2  0.06
11460  42333.3  0.08
11480  19922.4  0.04
11500  31507.7  0.06
11520  19962.6  0.04
11540  33528.2  0.06
11560  41127.9  0.08
11580  140965  0.26
11600  94593.9  0.18
11620  33014.7  0.06
11640  29579.9  0.06
11660  98501.6  0.18
11680  31701.8  0.06
11700  33647  0.06
11720  31979.9  0.06
11740  103916  0.18
11760  20203.4  0.04
11780  20223.5  0.04
11800  61688.3  0.12
11820  107590  0.2
11840  20283.7  0.04
11860  32000.2  0.06
11880  125379  0.22
11900  31494.2  0.06
11920  20364  0.04
11940  30130.4  0.06
11960  18405.6  0.04
11980  18425.6  0.04
12000  22275.3  0.04
12020  30430.8  0.06
12040  89694.5  0.16
12060  71569.7  0.12
12080  76252.2  0.14
12100  22325.4  0.04
12120  32336  0.06
12140  134802  0.24
12160  30819.3  0.06
12180  30836  0.06
12200  22755.3  0.04
12220  46775.2  0.08
12240  18683.2  0.04
12260  54358.2  0.1
12280  32752.6  0.06
12300  80639.6  0.14
12320  113390  0.2
12340  22831.8  0.04
12360  31016.6  0.06
12380  30094.2  0.06
12400  61986.5  0.1
12420  18863.8  0.04
12440  18883.9  0.04
12460  22508  0.04
12480  31316.8  0.06
12500  17906.5  0.04
12520  41447.1  0.08
12540  18984.2  0.04
12560  22559.7  0.04
12580  65324.1  0.12
12600  126097  0.22
12620  31442.9  0.06
12640  63347.2  0.12
12660  67337.5  0.12
12680  99290.6  0.16
12700  89854.5  0.16
12720  52454.1  0.1
12740  81376.9  0.14
12760  92894  0.16
12780  63943  0.12
12800  56347.2  0.1
12820  81003.6  0.14
12840  89720.1  0.14
12860  93275.3  0.16
12880  116404  0.2
12900  54270.9  0.1
12920  71691.1  0.12
12940  54294.3  0.1
12960  82601  0.14
12980  19300.1  0.04
13000  81933.5  0.14
13020  94733.8  0.16
13040  36025.1  0.06
13060  19353.2  0.04
13080  89455.9  0.14
13100  18349.4  0.04
13120  68964.5  0.12
13140  50455.8  0.08
13160  96008.4  0.16
13180  83294.5  0.14
13200  96278.7  0.16
13220  27999.2  0.06
13240  134209  0.22
13260  118885  0.18
13280  21191.1  0.04
13300  86285.9  0.14
13320  57350.1  0.1
13340  70662.3  0.12
13360  58558.4  0.1
13380  96866.2  0.16
13400  135403  0.22
13420  68477.8  0.12
13440  71311.2  0.12
13460  77788.4  0.12
13480  84068.8  0.14
13500  42055.9  0.08
13520  58034.1  0.1
13540  47918.6  0.08
13560  47718.4  0.08
13580  84905.7  0.14
13600  33142.8  0.06
13620  44892.8  0.08
13640  32021.8  0.06
13660  59278.5  0.1
13680  85034.3  0.14
13700  65800.2  0.1
13720  21459.6  0.04
13740  96178.1  0.14
13760  33659.5  0.06
13780  70470  0.12
13800  32606.8  0.06
13820  77858.7  0.12
13840  83635.7  0.14
13860  82563.3  0.12
13880  47186.9  0.08
13900  67557.9  0.1
13920  110532  0.16
13940  89995  0.14
13960  67281.3  0.1
13980  112547  0.18
14000  39368.2  0.06
14020  81231.3  0.12
14040  62718.6  0.1
14060  56763.1  0.1
14080  70697.9  0.12
14100  74196.5  0.12
14120  33108.8  0.06
14140  61619.2  0.1
14160  56903.8  0.1
14180  34710.5  0.06
14200  117871  0.18
14220  28806.2  0.06
14240  34236.3  0.06
14260  20178.1  0.04
14280  92484  0.14
14300  89153.7  0.14
14320  59749.8  0.1
14340  65428.6  0.1
14360  38155.6  0.06
14380  46368.3  0.08
14400  87658.4  0.14
14420  60168.9  0.1
14440  45179.8  0.08
14460  50749.7  0.08
14480  84436  0.12
14500  23561.6  0.04
14520  131004  0.2
14540  69128  0.1
14560  46263  0.08
14580  20397.6  0.04
14600  59485.3  0.1
14620  63530.5  0.1
14640  34018  0.06
14660  37861.1  0.06
14680  122567  0.18
14700  55284.2  0.08
14720  86250.3  0.12
14740  48443.5  0.08
14760  77052.2  0.12
14780  60891.4  0.1
14800  60893  0.1
14820  48475.3  0.08
14840  47232.4  0.08
14860  104335  0.16
14880  30929.2  0.06
14900  22172  0.04
14920  81184.5  0.12
14940  46605  0.08
14960  101052  0.14
14980  76071.3  0.12
