100  3942.36  0.96
120  5271.48  0.94
140  6253.09  0.92
160  7931.84  0.9
180  8171.05  0.84
200  8753.3  0.82
220  9735.08  0.86
240  9104.91  0.74
260  10623.9  0.82
280  11142.2  0.8
300  11805.7  0.8
320  11869  0.76
340  12260.4  0.72
360  12372.2  0.7
380  13851.7  0.74
400  14914.1  0.76
420  15560.1  0.76
440  15568.7  0.72
460  15095.2  0.64
480  18197.7  0.76
500  17062.8  0.68
520  15971.7  0.62
540  17705.3  0.66
560  18900.6  0.68
580  18508.3  0.64
600  17229.3  0.58
620  16689.1  0.54
640  20119.8  0.64
660  18092.4  0.56
680  20284.7  0.62
700  18194.6  0.54
720  21394.9  0.62
740  22040.5  0.62
760  19472.1  0.52
780  22658.5  0.58
800  19878  0.5
820  23645.8  0.58
840  20616.6  0.5
860  24676.5  0.58
880  21610.3  0.5
900  21087.1  0.48
920  25842.7  0.58
940  24447.5  0.54
960  27867.3  0.6
980  18676.7  0.4
1000  20073.7  0.42
1020  28047.6  0.56
1040  25979.4  0.52
1060  28487.8  0.54
1080  18886.1  0.36
1100  22608.4  0.42
1120  16021.4  0.3
1140  24351.6  0.44
1160  24697.2  0.44
1180  25086.8  0.44
1200  18246.8  0.32
1220  29206.8  0.48
1240  26183.2  0.44
1260  20362.5  0.34
1280  29201  0.46
1300  19281.4  0.3
1320  29449.6  0.46
1340  28440.9  0.44
1360  24974.7  0.38
1380  19622.7  0.3
1400  25716.7  0.38
1420  21604.3  0.32
1440  20574.9  0.3
1460  25302.3  0.36
1480  22515.7  0.32
1500  31915.5  0.44
1520  18264.3  0.24
1540  21718.2  0.3
1560  26235.2  0.34
1580  23733.3  0.32
1600  32195.8  0.4
1620  31252  0.4
1640  31477.4  0.4
1660  14380.7  0.18
1680  31432.2  0.38
1700  32858.3  0.4
1720  28032.1  0.34
1740  37031.5  0.44
1760  21363.9  0.26
1780  24657.7  0.28
1800  32189.1  0.36
1820  23898.7  0.28
1840  29234.9  0.32
1860  23883.8  0.26
1880  27050.3  0.3
1900  36326.3  0.4
1920  31013.2  0.34
1940  41014.5  0.44
1960  33833.7  0.36
1980  37816  0.38
2000  24148.1  0.26
2020  43048.9  0.44
2040  37031.2  0.38
2060  19358.8  0.2
2080  43754.8  0.42
2100  39764.3  0.38
2120  36074.2  0.36
2140  26741.6  0.26
2160  30494  0.3
2180  33831.9  0.32
2200  28912.2  0.28
2220  27884.4  0.26
2240  20322.8  0.18
2260  32270.8  0.3
2280  21698.4  0.2
2300  24129.7  0.22
2320  25798.8  0.24
2340  28451.2  0.26
2360  22580.6  0.2
2380  33139.5  0.28
2400  30921  0.26
2420  33370.9  0.28
2440  29284.6  0.26
2460  37157.6  0.32
2480  19792.8  0.16
2500  35301.2  0.3
2520  25935.3  0.22
2540  27509.2  0.22
2560  44102.6  0.36
2580  31318.6  0.26
2600  31726.3  0.26
2620  22048.5  0.18
2640  32065.2  0.26
2660  34560.9  0.26
2680  24732.1  0.2
2700  25110.1  0.2
2720  23246.6  0.18
2740  22511.1  0.18
2760  27575.9  0.2
2780  24166.3  0.18
2800  25627.5  0.2
2820  23888.8  0.18
2840  19426.6  0.14
2860  24962  0.18
2880  15828.2  0.12
2900  19392  0.14
2920  14913.4  0.12
2940  31366.8  0.22
2960  11327.5  0.08
2980  17336.1  0.12
3000  14462.1  0.1
3020  17253.5  0.12
3040  11488  0.08
3060  38639.9  0.26
3080  52727.6  0.36
3100  27869.3  0.18
3120  37553.6  0.26
3140  43766.4  0.28
3160  51121.1  0.34
3180  45034  0.3
3200  41713.2  0.26
3220  15655.4  0.1
3240  45136.2  0.28
3260  36083.7  0.24
3280  56114  0.36
3300  16293  0.1
3320  21595.4  0.14
3340  33779  0.22
3360  26793.7  0.16
3380  36212.6  0.22
3400  23805.8  0.16
3420  51710.9  0.32
3440  29162.1  0.18
3460  44796.7  0.26
3480  22374.3  0.14
3500  37050.6  0.22
3520  26407.1  0.16
3540  33561.7  0.2
3560  35806  0.22
3580  50541.2  0.3
3600  30620.1  0.18
3620  31045.9  0.18
3640  54355.1  0.3
3660  12860.1  0.08
3680  35554.9  0.2
3700  27438.7  0.16
3720  55394.4  0.3
3740  16785.3  0.1
3760  51211  0.28
3780  62602.1  0.34
3800  22931.4  0.14
3820  10435.7  0.06
3840  25829  0.14
3860  23454.4  0.14
3880  34414.1  0.18
3900  52317.4  0.28
3920  48562.3  0.26
3940  54631.3  0.28
3960  39352.9  0.2
3980  9698.22  0.06
4000  25170.3  0.14
4020  28085.9  0.14
4040  47486.4  0.24
4060  56244.9  0.28
4080  34883.1  0.18
4100  24551.5  0.12
4120  48684  0.24
4140  18345.7  0.1
4160  66228.4  0.32
4180  20998.7  0.12
4200  36988.4  0.18
4220  54272.1  0.26
4240  18696.5  0.1
4260  20234.3  0.1
4280  50797.5  0.24
4300  18872.2  0.1
4320  52753.4  0.26
4340  46018.6  0.22
4360  45521.5  0.22
4380  47088  0.22
4400  17204.6  0.08
4420  38340.2  0.18
4440  18588.2  0.1
4460  35010.6  0.16
4480  44658.2  0.2
4500  67026  0.3
4520  37850.5  0.18
4540  24396.7  0.12
4560  29414.1  0.14
4580  25721.1  0.12
4600  54571.3  0.24
4620  37052.5  0.18
4640  36065.2  0.16
4660  46578.1  0.2
4680  27526.2  0.12
4700  33084.1  0.16
4720  26310.6  0.12
4740  51126.3  0.22
4760  51171.3  0.22
4780  42086.5  0.18
4800  46986.3  0.2
4820  33986.3  0.16
4840  32534.1  0.14
4860  34033.5  0.16
4880  46075.7  0.2
4900  32802.2  0.14
4920  43130  0.18
4940  51494  0.22
4960  43330.2  0.18
4980  27113.1  0.12
5000  43382.1  0.18
5020  48928.7  0.2
5040  25810.2  0.12
5060  44359.2  0.18
5080  64928.1  0.26
5100  54660.7  0.22
5120  66475.4  0.26
5140  55201.7  0.22
5160  49799.9  0.2
5180  27318.9  0.12
5200  50418.4  0.2
5220  60972.5  0.24
5240  56162.3  0.22
5260  31160.3  0.12
5280  62111.9  0.24
5300  34035.7  0.14
5320  40381.8  0.16
5340  41179  0.16
5360  25501.9  0.1
5380  41512.7  0.16
5400  37471.5  0.14
5420  47188.5  0.18
5440  47400.1  0.18
5460  13224.6  0.06
5480  53019.3  0.2
5500  37416.3  0.14
5520  31372.4  0.12
5540  48070.5  0.18
5560  27361.1  0.1
5580  31607.3  0.12
5600  30384.6  0.12
5620  43237.2  0.16
5640  60318.4  0.22
5660  39525  0.14
5680  27328.7  0.1
5700  33759.7  0.12
5720  43982.5  0.16
5740  38147.4  0.14
5760  28379.5  0.1
5780  16605.4  0.06
5800  34326.5  0.12
5820  40354.6  0.14
5840  23825.9  0.1
5860  31579.2  0.12
5880  45036.6  0.16
5900  40062.8  0.14
5920  50940.4  0.18
5940  67968.9  0.24
5960  45379.2  0.16
5980  32159.8  0.12
6000  27754.4  0.1
6020  28966.8  0.1
6040  21455.7  0.08
6060  36343.1  0.12
6080  46331.2  0.16
6100  77856.4  0.26
6120  46395.1  0.16
6140  55170.5  0.18
6160  46700  0.16
6180  42862.8  0.14
6200  86573.6  0.3
6220  23895.6  0.08
6240  62309.8  0.2
6260  23908.3  0.08
6280  17249.7  0.06
6300  35224.1  0.12
6320  17318  0.06
6340  41802.6  0.14
6360  29023.7  0.1
6380  19032.3  0.06
6400  50742.4  0.16
6420  42297.9  0.14
6440  42622.9  0.14
6460  12825.9  0.04
6480  38537.3  0.12
6500  42126.7  0.14
6520  36461.7  0.12
6540  49603  0.16
6560  31287.4  0.1
6580  30021.6  0.1
6600  36751.7  0.12
6620  32241  0.1
6640  30341.6  0.1
6660  30465.8  0.1
6680  39465.6  0.12
6700  30688.2  0.1
6720  31855.4  0.1
6740  13075.2  0.04
6760  31838.2  0.1
6780  33079.3  0.1
6800  30925.2  0.1
6820  71512.1  0.22
6840  31022.6  0.1
6860  36658.4  0.12
6880  17536.1  0.06
6900  36861  0.12
6920  26272.5  0.08
6940  46140.2  0.14
6960  61714.6  0.18
6980  20212.7  0.06
7000  51714.7  0.16
7020  33627.6  0.1
7040  37501.5  0.12
7060  41177.7  0.12
7080  62715.6  0.18
7100  45098.8  0.14
7120  32960.4  0.1
7140  41564.1  0.12
7160  41839.5  0.12
7180  13476.6  0.04
7200  49287.5  0.14
7220  56460.7  0.16
7240  24072.9  0.08
7260  45906.9  0.14
7280  27847.7  0.08
7300  13582.5  0.04
7320  28188  0.08
7340  31624.9  0.1
7360  42862.9  0.12
7380  21149.9  0.06
7400  21051  0.06
7420  42896.8  0.12
7440  54692.6  0.16
7460  21076.1  0.06
7480  17326.6  0.06
7500  72473.3  0.2
7520  13779.2  0.04
7540  17444.5  0.06
7560  32617.8  0.1
7580  48403  0.14
7600  28601.6  0.08
7620  36469.3  0.1
7640  44146.7  0.12
7660  13910.8  0.04
7680  13924.6  0.04
7700  36705  0.1
7720  74224.8  0.2
7740  104629  0.28
7760  42179.3  0.12
7780  58530.7  0.16
7800  34280.8  0.1
7820  45121.6  0.12
7840  53004.7  0.14
7860  14088.4  0.04
7880  45302  0.12
7900  26880.2  0.08
7920  53387  0.14
7940  26781.3  0.08
7960  37871.9  0.1
7980  35121.7  0.1
8000  61771.3  0.16
8020  35105.2  0.1
8040  43323  0.12
8060  62324.9  0.16
8080  43483.4  0.12
8100  38351.4  0.1
8120  54775.1  0.14
8140  62850.1  0.16
8160  77067.2  0.2
8180  38755.9  0.1
8200  14398.3  0.04
8220  41427  0.12
8240  47363.5  0.12
8260  47370.3  0.12
8280  21717.8  0.06
8300  53572.9  0.14
8320  47521.1  0.12
8340  30585.5  0.08
8360  22729.6  0.06
8380  39454.6  0.1
8400  39748.2  0.1
8420  14595.7  0.04
8440  71214.3  0.18
8460  48289.1  0.12
8480  14648.3  0.04
8500  39926.9  0.1
8520  88766.3  0.22
8540  36144.8  0.1
8560  89057.6  0.22
8580  57466.1  0.14
8600  14760.1  0.04
8620  72803.3  0.18
8640  55598.1  0.14
8660  81866  0.2
8680  32058.5  0.08
8700  56016.7  0.14
8720  49606.4  0.12
8740  31849.8  0.08
8760  63622.6  0.16
8780  65237.6  0.16
8800  73784  0.18
8820  40942.5  0.1
8840  38397.1  0.1
8860  32178.8  0.08
8880  41020.9  0.1
8900  23816.6  0.06
8920  23835.6  0.06
8940  46930.7  0.12
8960  116048  0.26
8980  75553.6  0.18
9000  75695.5  0.18
9020  83343.2  0.2
9040  69114.9  0.16
9060  15173.9  0.04
9080  33011.4  0.08
9100  33402.3  0.08
9120  33375.1  0.08
9140  39733.5  0.1
9160  42406  0.1
9180  92748.4  0.22
9200  70320.7  0.16
9220  59010.3  0.14
9240  77521.8  0.18
9260  49262.8  0.12
9280  33612.5  0.08
9300  33957.9  0.08
9320  43248.6  0.1
9340  33835.9  0.08
9360  24563.3  0.06
9380  15462.7  0.04
9400  69618.2  0.16
9420  60416.4  0.14
9440  62293.3  0.14
9460  59608  0.14
9480  62748.3  0.14
9500  34376.9  0.08
9520  33522.9  0.08
9540  15608.1  0.04
9560  34520.7  0.08
9580  34726.8  0.08
9600  44174.5  0.1
9620  53773  0.12
9640  71190.7  0.16
9660  54069.7  0.12
9680  25346.6  0.06
9700  52379.5  0.12
9720  33872.9  0.08
9740  44657  0.1
9760  44883.9  0.1
9780  60974.1  0.14
9800  23031.2  0.06
9820  45072.7  0.1
9840  63691.1  0.14
9860  100962  0.22
9880  35376.4  0.08
9900  15930.5  0.04
9920  45681.9  0.1
9940  125050  0.26
9960  45547.5  0.1
9980  45684.3  0.1
10000  42605.3  0.1
10020  36001.8  0.08
10040  92667.9  0.2
10060  25890.7  0.06
10080  34448.2  0.08
10100  103411  0.22
10120  36365.6  0.08
10140  16147.6  0.04
10160  83695.4  0.18
10180  46396  0.1
10200  54764  0.12
10220  84363.2  0.18
10240  54893  0.12
10260  35036.2  0.08
10280  26302  0.06
10300  16293  0.04
10320  36889.1  0.08
10340  78429.4  0.16
10360  65899  0.14
10380  76607.2  0.16
10400  36849.2  0.08
10420  68642.3  0.14
10440  47429.2  0.1
10460  36547.1  0.08
10480  47938.2  0.1
10500  47893.3  0.1
10520  90191.8  0.18
10540  16509.4  0.04
10560  98671.5  0.2
10580  47992.6  0.1
10600  87411.4  0.18
10620  55429.9  0.12
10640  48633  0.1
10660  76876.6  0.16
10680  79731  0.16
10700  46536.1  0.1
10720  34486.4  0.08
10740  80167.8  0.16
10760  34371.7  0.08
10780  70508.3  0.14
10800  100817  0.2
10820  56664.4  0.12
10840  90884.3  0.18
10860  38630.7  0.08
10880  38635.9  0.08
10900  38687.1  0.08
10920  98484.2  0.2
10940  38537.1  0.08
10960  16891  0.04
10980  27629.1  0.06
11000  48542.6  0.1
11020  16944.3  0.04
11040  38627.1  0.08
11060  58836.6  0.12
11080  36625.9  0.08
11100  27852.4  0.06
11120  39338.6  0.08
11140  104087  0.2
11160  70691.5  0.14
11180  58238.9  0.12
11200  50782.4  0.1
11220  96715.8  0.18
11240  36083.2  0.08
11260  62308.8  0.12
11280  48889.8  0.1
11300  39820.8  0.08
11320  51267.9  0.1
11340  39636.1  0.08
11360  81830.3  0.16
11380  28747.6  0.06
11400  51609.2  0.1
11420  51893  0.1
11440  63175  0.12
11460  40426.4  0.08
11480  62783.1  0.12
11500  17378.5  0.04
11520  40476.1  0.08
11540  106137  0.2
11560  52386.2  0.1
11580  52351  0.1
11600  106950  0.2
11620  26273  0.06
11640  40804.1  0.08
11660  29147.5  0.06
11680  29432.1  0.06
11700  41108.9  0.08
11720  52764.4  0.1
11740  53083.7  0.1
11760  50713  0.1
11780  29111.6  0.06
11800  41366.3  0.08
11820  41388.1  0.08
11840  100540  0.18
11860  85368.1  0.16
11880  29846.6  0.06
11900  41755  0.08
11920  29890.4  0.06
11940  29904.9  0.06
11960  52734.1  0.1
11980  128494  0.22
12000  29970.5  0.06
12020  29985  0.06
12040  30006.9  0.06
12060  76172.7  0.14
12080  29974.1  0.06
12100  54438.2  0.1
12120  66686.2  0.12
12140  102010  0.18
12160  66828.6  0.12
12180  42550.3  0.08
12200  42653.2  0.08
12220  67040.5  0.12
12240  30421.5  0.06
12260  30443.3  0.06
12280  51052.2  0.1
12300  42789.4  0.08
12320  55322.7  0.1
12340  55348.5  0.1
12360  41868.3  0.08
12380  113869  0.2
12400  42244.2  0.08
12420  49698.2  0.1
12440  43308.5  0.08
12460  30865.1  0.06
12480  42863.7  0.08
12500  77246.2  0.14
12520  30923.4  0.06
12540  90284.4  0.16
12560  67261.4  0.12
12580  31199.6  0.06
12600  81688.6  0.14
12620  56432.9  0.1
12640  55856.9  0.1
12660  31247.1  0.06
12680  31349.3  0.06
12700  78537.4  0.14
12720  43461.4  0.08
12740  66946.5  0.12
12760  44362.8  0.08
12780  31621.4  0.06
12800  31636  0.06
12820  41232.1  0.08
12840  18589.1  0.04
12860  44421.1  0.08
12880  105863  0.18
12900  44634.1  0.08
12920  31759.8  0.06
12940  97597.9  0.16
12960  31796.2  0.06
12980  57947.4  0.1
13000  45042.6  0.08
13020  31574.8  0.06
13040  33232.2  0.06
13060  58052.9  0.1
13080  45291.7  0.08
13100  32159.8  0.06
13120  45182.3  0.08
13140  32196.2  0.06
13160  45515.8  0.08
13180  32239.9  0.06
13200  44441.5  0.08
13220  59024.2  0.1
13240  28665.7  0.06
13260  45788.7  0.08
13280  32375.6  0.06
13300  32574.4  0.06
13320  19022.6  0.04
13340  114895  0.18
13360  72583.6  0.12
13380  32654.5  0.06
13400  32676.4  0.06
13420  32916.1  0.06
13440  86658.9  0.14
13460  31858.8  0.06
13480  41228.6  0.08
13500  46575.8  0.08
13520  59952.4  0.1
13540  114183  0.18
13560  46641.3  0.08
13580  33069.1  0.06
13600  46628.3  0.08
13620  33330.7  0.06
13640  46889.9  0.08
13660  46953.9  0.08
13680  47137.8  0.08
13700  60853.5  0.1
13720  125868  0.2
13740  47323.1  0.08
13760  72741  0.12
13780  88578.9  0.14
13800  33598.9  0.06
13820  79873.9  0.12
13840  33647.8  0.06
13860  33788.9  0.06
13880  33465.9  0.06
13900  33825.4  0.06
13920  89490.4  0.14
13940  57446.8  0.1
13960  61827.4  0.1
13980  47865.2  0.08
14000  47594.2  0.08
14020  48078.4  0.08
14040  48001.1  0.08
14060  74138.8  0.12
14080  34225.4  0.06
14100  60129.5  0.1
14120  34243.1  0.06
14140  34283.6  0.06
14160  30185.5  0.06
14180  60950.6  0.1
14200  62643.4  0.1
14220  47622.8  0.08
14240  34385.6  0.06
14260  60102.9  0.1
14280  48812.2  0.08
14300  48826.8  0.08
14320  34683.6  0.06
14340  49159.5  0.08
14360  49181.4  0.08
14380  34741.9  0.06
14400  34784.8  0.06
14420  34785.6  0.06
14440  76994.4  0.12
14460  34822  0.06
14480  34843.9  0.06
14500  61546.7  0.1
14520  49641.4  0.08
14540  64213.6  0.1
14560  44604.7  0.08
14580  64338.9  0.1
14600  64523.7  0.1
14620  64440.9  0.1
14640  35144.8  0.06
14660  49838.8  0.08
14680  64670.4  0.1
14700  49875.2  0.08
14720  65128.6  0.1
14740  35547.6  0.06
14760  138722  0.2
14780  65127.9  0.1
14800  65149.8  0.1
14820  65167.2  0.1
14840  50482.7  0.08
14860  35778  0.06
14880  35680.3  0.06
14900  80348.1  0.12
14920  50743  0.08
14940  47170.8  0.08
14960  80970.1  0.12
14980  65997.2  0.1
