100  4332.56  1
120  5663.01  0.96
140  6564.68  0.94
160  8028.46  0.96
180  8721.58  0.96
200  9853.39  0.98
220  10511.5  0.96
240  11085.3  0.92
260  11427.7  0.88
280  12612.8  0.92
300  13337.2  0.92
320  14886.9  0.92
340  13827.8  0.82
360  16049  0.9
380  15199.1  0.82
400  16624.8  0.86
420  18754.1  0.92
440  18759.1  0.86
460  21159.9  0.92
480  18436.1  0.78
500  20005.2  0.82
520  22032.8  0.86
540  19627.8  0.74
560  19703.9  0.72
580  19687.3  0.7
600  22736.8  0.78
620  21581  0.72
640  20868.5  0.68
660  21921.6  0.7
680  23346.2  0.7
700  25239.3  0.74
720  20984.2  0.6
740  24177.4  0.66
760  21899.4  0.58
780  24805.4  0.64
800  25374  0.64
820  22480.8  0.56
840  27904  0.68
860  25070.5  0.6
880  22936.3  0.54
900  24062.3  0.56
920  25691  0.58
940  24361.9  0.54
960  25125.3  0.54
980  30440.1  0.64
1000  29858.4  0.62
1020  27522.1  0.56
1040  29179  0.58
1060  30924.1  0.6
1080  25836  0.5
1100  26329.6  0.5
1120  28337.1  0.52
1140  30590.5  0.54
1160  25685.6  0.44
1180  31040.4  0.54
1200  22968.3  0.4
1220  35672.9  0.6
1240  27343.6  0.46
1260  30225.7  0.5
1280  28147.2  0.46
1300  28664  0.44
1320  27953.8  0.44
1340  31149.8  0.46
1360  31467  0.48
1380  30460.7  0.44
1400  39342.9  0.56
1420  29846  0.44
1440  31802.6  0.46
1460  39225.5  0.56
1480  31776.1  0.44
1500  34225.2  0.48
1520  30235.6  0.4
1540  29115.2  0.38
1560  34434.6  0.44
1580  26623.6  0.34
1600  30618.6  0.38
1620  29195.1  0.36
1640  34761.1  0.42
1660  26620.9  0.32
1680  32024.1  0.38
1700  33758.2  0.4
1720  30878.6  0.36
1740  34544.5  0.4
1760  29588  0.34
1780  35814.8  0.42
1800  35835.7  0.4
1820  28723  0.32
1840  36314  0.4
1860  32815.3  0.36
1880  33393.2  0.36
1900  32274.3  0.36
1920  35865.8  0.38
1940  33264  0.36
1960  46263.4  0.48
1980  34826.2  0.36
2000  29407.6  0.3
2020  26521.4  0.28
2040  34722.9  0.34
2060  28626.5  0.28
2080  32802  0.32
2100  26075.9  0.26
2120  25550.4  0.26
2140  30153.7  0.3
2160  36143.2  0.34
2180  38512.4  0.36
2200  15552.1  0.16
2220  30467.6  0.28
2240  38253.1  0.36
2260  49886.2  0.46
2280  43497.4  0.4
2300  22051  0.2
2320  26969  0.24
2340  32792.9  0.3
2360  33064.4  0.3
2380  50144.1  0.44
2400  43058.7  0.38
2420  36309.3  0.32
2440  33699.6  0.3
2460  41260.5  0.34
2480  32461.2  0.28
2500  38701.7  0.32
2520  35209.6  0.28
2540  31928.9  0.26
2560  30659.4  0.24
2580  25936.8  0.22
2600  27801.2  0.22
2620  34352.9  0.28
2640  39481.7  0.3
2660  18763.3  0.16
2680  26869.8  0.22
2700  37560.6  0.28
2720  30019.4  0.24
2740  38330.7  0.3
2760  36113.9  0.28
2780  19584.3  0.16
2800  36350.3  0.28
2820  36063.8  0.26
2840  37098.7  0.26
2860  11383.4  0.08
2880  31989.4  0.24
2900  32104.2  0.24
2920  35500.7  0.26
2940  39662.8  0.28
2960  27781  0.2
2980  25277.2  0.18
3000  21117  0.14
3020  34515.3  0.24
3040  45640.2  0.32
3060  24416.5  0.16
3080  43164  0.28
3100  55065.6  0.36
3120  28206.7  0.18
3140  37868.8  0.26
3160  23671.2  0.16
3180  35170.6  0.24
3200  41001.4  0.26
3220  46221  0.3
3240  45333.9  0.28
3260  34002.8  0.22
3280  30749.6  0.2
3300  36348.6  0.24
3320  47712.2  0.3
3340  33765.5  0.22
3360  28661.7  0.18
3380  22787  0.14
3400  58321.2  0.36
3420  37982.4  0.24
3440  16735.6  0.1
3460  40798.8  0.24
3480  50018.3  0.3
3500  24495.8  0.14
3520  32600.1  0.2
3540  17588.9  0.1
3560  20939.6  0.12
3580  17570.2  0.1
3600  31140.6  0.18
3620  23543  0.14
3640  27760.3  0.16
3660  35491.1  0.2
3680  23732.9  0.14
3700  32935.3  0.18
3720  43391.4  0.24
3740  56597.3  0.32
3760  51605.7  0.28
3780  33564.4  0.18
3800  30030.3  0.16
3820  25399.3  0.14
3840  33772  0.18
3860  37082.5  0.2
3880  26629.2  0.14
3900  34206.5  0.18
3920  57588.3  0.3
3940  66108.4  0.34
3960  23117.1  0.12
3980  27254  0.14
4000  35247.1  0.18
4020  21264.1  0.12
4040  42958.8  0.22
4060  41954.3  0.22
4080  39995.5  0.2
4100  35198.6  0.18
4120  44358.1  0.22
4140  34864.8  0.18
4160  28432.8  0.14
4180  56543.8  0.28
4200  24155.6  0.12
4220  24225.7  0.12
4240  44991.4  0.22
4260  47362.4  0.24
4280  41197  0.2
4300  39007.6  0.2
4320  19960.2  0.1
4340  65430.5  0.32
4360  66993.2  0.32
4380  50697.6  0.24
4400  36623.7  0.18
4420  34337.2  0.16
4440  21106.9  0.1
4460  25650.4  0.12
4480  25814.5  0.12
4500  17947.2  0.08
4520  54224.4  0.26
4540  37406  0.18
4560  57235.1  0.26
4580  47849.5  0.22
4600  42803.5  0.2
4620  66794.8  0.3
4640  39548.4  0.18
4660  70097.7  0.32
4680  56181.3  0.26
4700  52301.4  0.24
4720  49293.3  0.22
4740  40225.2  0.18
4760  72833.9  0.32
4780  45725.2  0.2
4800  53105.8  0.24
4820  36267.3  0.16
4840  37136.1  0.16
4860  9551.9  0.04
4880  37373.3  0.16
4900  17839.2  0.08
4920  65522.9  0.28
4940  45432.7  0.2
4960  14565.1  0.06
4980  26138.7  0.12
5000  37278.3  0.16
5020  50320.2  0.22
5040  47960.9  0.2
5060  45982.3  0.2
5080  40896.5  0.18
5100  37866.1  0.16
5120  48590  0.2
5140  48697.5  0.2
5160  13529.8  0.06
5180  17969.9  0.08
5200  23982  0.1
5220  57477.7  0.24
5240  18793.6  0.08
5260  14412.5  0.06
5280  34228.3  0.14
5300  48047.3  0.2
5320  13819.5  0.06
5340  71684.5  0.28
5360  34844.1  0.14
5380  13926.8  0.06
5400  19362.5  0.08
5420  17249.8  0.08
5440  43701.9  0.18
5460  35239.1  0.14
5480  65745.3  0.26
5500  44010.6  0.18
5520  14544.5  0.06
5540  12646.6  0.06
5560  61036.3  0.24
5580  27915.9  0.12
5600  56147.2  0.22
5620  30809.1  0.12
5640  47758.5  0.18
5660  30419  0.12
5680  30618.7  0.12
5700  22946.9  0.1
5720  58258  0.22
5740  58028.3  0.22
5760  16243  0.06
5780  20773.8  0.08
5800  38065.9  0.14
5820  10325.1  0.04
5840  38440.7  0.14
5860  38623.3  0.14
5880  41310.7  0.16
5900  29686.8  0.12
5920  38748.8  0.14
5940  20275.6  0.08
5960  38824.7  0.14
5980  32611  0.12
6000  42225.2  0.16
6020  27405.9  0.1
6040  33506.8  0.12
6060  13169.8  0.06
6080  21620.5  0.08
6100  22585.4  0.08
6120  46298  0.16
6140  21471.4  0.08
6160  34112.9  0.12
6180  24876.9  0.1
6200  31229.4  0.12
6220  24880.4  0.08
6240  50238.8  0.18
6260  28868.4  0.1
6280  15485.2  0.06
6300  39975.4  0.14
6320  33817.2  0.12
6340  46496.8  0.16
6360  16233.4  0.06
6380  34743.9  0.12
6400  66217.6  0.22
6420  40893.9  0.14
6440  40923.5  0.14
6460  39061.1  0.14
6480  14547.7  0.06
6500  32978.3  0.12
6520  40008.1  0.14
6540  11135.3  0.04
6560  35170  0.12
6580  28016.5  0.1
6600  72679.3  0.24
6620  9256.56  0.04
6640  11051.9  0.04
6660  47615.3  0.16
6680  46936.8  0.16
6700  47104.6  0.14
6720  42589.3  0.14
6740  12460.9  0.04
6760  12432.4  0.04
6780  9719.35  0.04
6800  34420.1  0.12
6820  47789.3  0.16
6840  21854.9  0.08
6860  32589.2  0.1
6880  9372.29  0.04
6900  48413.3  0.16
6920  20761.3  0.08
6940  19146.4  0.06
6960  12614.4  0.04
6980  48703.2  0.14
7000  42243  0.14
7020  12508.8  0.04
7040  36089.5  0.12
7060  22988.8  0.08
7080  9240.7  0.04
7100  33419.3  0.1
7120  30518.1  0.1
7140  26471  0.08
7160  28803.4  0.1
7180  12268.8  0.04
7200  16115.4  0.06
7220  19443.4  0.06
7240  23435.6  0.08
7260  16735.5  0.06
7280  15984.6  0.06
7300  16491.1  0.06
7320  43323  0.12
7340  29453.5  0.1
7360  16413.4  0.06
7380  16368.9  0.06
7400  16396.7  0.06
7420  22816.2  0.08
7440  17445.1  0.06
7460  52415.9  0.16
7480  52509.2  0.16
7500  30127.7  0.1
7520  37588.9  0.1
7540  26193  0.08
7560  9223.21  0.04
7580  22814.5  0.08
7600  24706.8  0.08
7620  30459.9  0.1
7640  23535.9  0.08
7660  24498.1  0.08
7680  24395.8  0.08
7700  9507.34  0.04
7720  32545.3  0.1
7740  11398.6  0.04
7760  40162.4  0.12
7780  33535.7  0.1
7800  40705.4  0.12
7820  39244.7  0.12
7840  54975.8  0.16
7860  39360.6  0.12
7880  32065.8  0.1
7900  13059.8  0.04
7920  39996.8  0.12
7940  40508.5  0.12
7960  39617.5  0.1
7980  32141  0.1
8000  14363.1  0.04
8020  48459.3  0.14
8040  42641.8  0.12
8060  48463.4  0.12
8080  32389.6  0.1
8100  40566.5  0.12
8120  23279.2  0.06
8140  17310  0.06
8160  17946.3  0.06
8180  9768.43  0.04
8200  24891.6  0.08
8220  16591  0.06
8240  27021.6  0.08
8260  14480.9  0.04
8280  21732.9  0.06
8300  19750.4  0.06
8320  33452.3  0.1
8340  17434.9  0.06
8360  25199.8  0.08
8380  18765.3  0.06
8400  27580.9  0.08
8420  17671.4  0.06
8440  18572.1  0.06
8460  19297.8  0.06
8480  19318.1  0.06
8500  19649  0.06
8520  19496.2  0.06
8540  19673.3  0.06
8560  19616.5  0.06
8580  18652  0.06
8600  20591  0.06
8620  8771.72  0.04
8640  9562.33  0.04
8660  17461.9  0.06
8680  8831.81  0.04
8700  9846.3  0.04
8720  17679.8  0.06
8740  10484.7  0.04
8760  13784.5  0.04
8780  17731.7  0.06
8800  17858.2  0.06
8820  9197.73  0.04
8840  28349.1  0.08
8860  9012.08  0.04
8880  24653  0.06
8900  9051.83  0.04
8920  19082.6  0.06
8940  20231.2  0.06
8960  10092.5  0.04
8980  18010.7  0.06
9000  18071.1  0.06
9020  26861.4  0.06
9040  27318  0.08
9060  18144.7  0.04
9080  18253.4  0.04
9100  18185.4  0.04
9120  9344.6  0.04
9140  18368.7  0.04
9160  9421.75  0.04
9180  9172.46  0.02
9200  9172.46  0.02
9220  9172.46  0.02
9240  9172.46  0.02
9260  9172.46  0.02
9280  9172.46  0.02
9300  9172.46  0.02
9320  9172.46  0.02
9340  9172.46  0.02
9360  9172.46  0.02
9380  9172.46  0.02
9400  9172.46  0.02
9420  9172.46  0.02
9440  9172.46  0.02
9460  9172.46  0.02
9480  9172.46  0.02
9500  9172.46  0.02
9520  9172.46  0.02
9540  9172.46  0.02
9560  9172.46  0.02
9580  9172.46  0.02
9600  9172.46  0.02
9620  9172.46  0.02
9640  9172.46  0.02
9660  9172.46  0.02
9680  9172.46  0.02
9700  9172.46  0.02
9720  9172.46  0.02
9740  9172.46  0.02
9760  9172.46  0.02
9780  9172.46  0.02
9800  9172.46  0.02
9820  9172.46  0.02
9840  9172.46  0.02
9860  9172.46  0.02
9880  9172.46  0.02
9900  9172.46  0.02
9920  9172.46  0.02
9940  9172.46  0.02
9960  9172.46  0.02
9980  9172.46  0.02
10000  9172.46  0.02
10020  9172.46  0.02
10040  9172.46  0.02
10060  9172.46  0.02
10080  9172.46  0.02
10100  9172.46  0.02
10120  9172.46  0.02
10140  9172.46  0.02
10160  9172.46  0.02
10180  9172.46  0.02
10200  9172.46  0.02
10220  9172.46  0.02
10240  9172.46  0.02
10260  9172.46  0.02
10280  9172.46  0.02
10300  9172.46  0.02
10320  9172.46  0.02
10340  9172.46  0.02
10360  9172.46  0.02
10380  9172.46  0.02
10400  9172.46  0.02
10420  9172.46  0.02
10440  9172.46  0.02
10460  9172.46  0.02
10480  9172.46  0.02
10500  9172.46  0.02
10520  9172.46  0.02
10540  9172.46  0.02
10560  9172.46  0.02
10580  9172.46  0.02
10600  9172.46  0.02
10620  9172.46  0.02
10640  9172.46  0.02
10660  9172.46  0.02
10680  9172.46  0.02
10700  9172.46  0.02
10720  9172.46  0.02
10740  9172.46  0.02
10760  9172.46  0.02
10780  9172.46  0.02
10800  9172.46  0.02
10820  9172.46  0.02
10840  9172.46  0.02
10860  9172.46  0.02
10880  9172.46  0.02
10900  9172.46  0.02
10920  9172.46  0.02
10940  9172.46  0.02
10960  9172.46  0.02
10980  9172.46  0.02
11000  9172.46  0.02
11020  9172.46  0.02
11040  9172.46  0.02
11060  9172.46  0.02
11080  9172.46  0.02
11100  9172.46  0.02
11120  9172.46  0.02
11140  9172.46  0.02
11160  9172.46  0.02
11180  9172.46  0.02
11200  9172.46  0.02
11220  9172.46  0.02
11240  9172.46  0.02
11260  9172.46  0.02
11280  9172.46  0.02
11300  9172.46  0.02
11320  9172.46  0.02
11340  9172.46  0.02
11360  9172.46  0.02
11380  9172.46  0.02
11400  9172.46  0.02
11420  9172.46  0.02
11440  9172.46  0.02
11460  9172.46  0.02
11480  9172.46  0.02
11500  9172.46  0.02
11520  9172.46  0.02
11540  9172.46  0.02
11560  9172.46  0.02
11580  9172.46  0.02
11600  9172.46  0.02
11620  9172.46  0.02
11640  9172.46  0.02
11660  9172.46  0.02
11680  9172.46  0.02
11700  9172.46  0.02
11720  9172.46  0.02
11740  9172.46  0.02
11760  9172.46  0.02
11780  9172.46  0.02
11800  9172.46  0.02
11820  9172.46  0.02
11840  9172.46  0.02
11860  9172.46  0.02
11880  9172.46  0.02
11900  9172.46  0.02
11920  9172.46  0.02
11940  9172.46  0.02
11960  9172.46  0.02
11980  9172.46  0.02
12000  9172.46  0.02
12020  9172.46  0.02
12040  9172.46  0.02
12060  9172.46  0.02
12080  9172.46  0.02
12100  9172.46  0.02
12120  9172.46  0.02
12140  9172.46  0.02
12160  9172.46  0.02
12180  9172.46  0.02
12200  9172.46  0.02
12220  9172.46  0.02
12240  9172.46  0.02
12260  9172.46  0.02
12280  9172.46  0.02
12300  9172.46  0.02
12320  9172.46  0.02
12340  9172.46  0.02
12360  9172.46  0.02
12380  9172.46  0.02
12400  9172.46  0.02
12420  9172.46  0.02
12440  9172.46  0.02
12460  9172.46  0.02
12480  9172.46  0.02
12500  9172.46  0.02
12520  9172.46  0.02
12540  9172.46  0.02
12560  9172.46  0.02
12580  9172.46  0.02
12600  9172.46  0.02
12620  9172.46  0.02
12640  9172.46  0.02
12660  9172.46  0.02
12680  9172.46  0.02
12700  9172.46  0.02
12720  9172.46  0.02
12740  9172.46  0.02
12760  9172.46  0.02
12780  9172.46  0.02
12800  9172.46  0.02
12820  9172.46  0.02
12840  9172.46  0.02
12860  9172.46  0.02
12880  9172.46  0.02
12900  9172.46  0.02
12920  9172.46  0.02
12940  9172.46  0.02
12960  9172.46  0.02
12980  9172.46  0.02
13000  9172.46  0.02
13020  9172.46  0.02
13040  9172.46  0.02
13060  9172.46  0.02
13080  9172.46  0.02
13100  9172.46  0.02
13120  9172.46  0.02
13140  9172.46  0.02
13160  9172.46  0.02
13180  9172.46  0.02
13200  9172.46  0.02
13220  9172.46  0.02
13240  9172.46  0.02
13260  9172.46  0.02
13280  9172.46  0.02
13300  9172.46  0.02
13320  9172.46  0.02
13340  9172.46  0.02
13360  9172.46  0.02
13380  9172.46  0.02
13400  9172.46  0.02
13420  9172.46  0.02
13440  9172.46  0.02
13460  9172.46  0.02
13480  9172.46  0.02
13500  9172.46  0.02
13520  9172.46  0.02
13540  9172.46  0.02
13560  9172.46  0.02
13580  9172.46  0.02
13600  9172.46  0.02
13620  9172.46  0.02
13640  9172.46  0.02
13660  9172.46  0.02
13680  9172.46  0.02
13700  9172.46  0.02
13720  9172.46  0.02
13740  9172.46  0.02
13760  9172.46  0.02
13780  9172.46  0.02
13800  9172.46  0.02
13820  9172.46  0.02
13840  9172.46  0.02
13860  9172.46  0.02
13880  9172.46  0.02
13900  9172.46  0.02
13920  9172.46  0.02
13940  9172.46  0.02
13960  9172.46  0.02
13980  9172.46  0.02
14000  9172.46  0.02
14020  9172.46  0.02
14040  9172.46  0.02
14060  9172.46  0.02
14080  9172.46  0.02
14100  9172.46  0.02
14120  9172.46  0.02
14140  9172.46  0.02
14160  9172.46  0.02
14180  9172.46  0.02
14200  9172.46  0.02
14220  9172.46  0.02
14240  9172.46  0.02
14260  9172.46  0.02
14280  9172.46  0.02
14300  9172.46  0.02
14320  9172.46  0.02
14340  9172.46  0.02
14360  9172.46  0.02
14380  9172.46  0.02
14400  9172.46  0.02
14420  9172.46  0.02
14440  9172.46  0.02
14460  9172.46  0.02
14480  9172.46  0.02
14500  9172.46  0.02
14520  9172.46  0.02
14540  9172.46  0.02
14560  9172.46  0.02
14580  9172.46  0.02
14600  9172.46  0.02
14620  9172.46  0.02
14640  9172.46  0.02
14660  9172.46  0.02
14680  9172.46  0.02
14700  9172.46  0.02
14720  9172.46  0.02
14740  9172.46  0.02
14760  9172.46  0.02
14780  9172.46  0.02
14800  9172.46  0.02
14820  9172.46  0.02
14840  9172.46  0.02
14860  9172.46  0.02
14880  9172.46  0.02
14900  9172.46  0.02
14920  9172.46  0.02
14940  9172.46  0.02
14960  9172.46  0.02
14980  9172.46  0.02
