100  4557.65  1
120  5682.07  1
140  6387.53  1
160  7526.12  0.96
180  9416.21  0.96
200  10171.7  0.96
220  10580.1  0.94
240  11172.2  0.92
260  12169.8  0.92
280  13091  0.92
300  13032.3  0.86
320  14075.4  0.88
340  15387.7  0.92
360  15139.6  0.86
380  16038.1  0.86
400  18438  0.94
420  17638.4  0.86
440  20131.5  0.92
460  19995.3  0.88
480  21891.9  0.92
500  22955.9  0.9
520  22737.4  0.86
540  23075.6  0.84
560  25350.7  0.9
580  24171.3  0.82
600  23686.5  0.78
620  26701.9  0.86
640  27339.4  0.86
660  26129.8  0.8
680  29702.7  0.88
700  27747.5  0.8
720  29011.8  0.82
740  25660.2  0.7
760  26401.4  0.7
780  31594.5  0.82
800  30862.8  0.78
820  32464.6  0.78
840  31679.5  0.74
860  34065.1  0.78
880  33652.1  0.76
900  34555.4  0.76
920  33171.9  0.72
940  36529.3  0.78
960  35482.7  0.74
980  36106.6  0.74
1000  37761.5  0.76
1020  39709  0.78
1040  36394.7  0.7
1060  37183.4  0.7
1080  35419  0.66
1100  40548.6  0.74
1120  37742.6  0.68
1140  36141.2  0.64
1160  40916.7  0.7
1180  35679.1  0.6
1200  37234.1  0.62
1220  36698.4  0.6
1240  40844.6  0.66
1260  40451.9  0.64
1280  33453.7  0.52
1300  37837.6  0.58
1320  39818.4  0.6
1340  44410.3  0.66
1360  43413.4  0.64
1380  38518.9  0.56
1400  37565.1  0.54
1420  35097.6  0.5
1440  38600.6  0.54
1460  39212.5  0.54
1480  38848.2  0.52
1500  42252.5  0.56
1520  36681.4  0.48
1540  47883.9  0.62
1560  35978.5  0.46
1580  41069.7  0.52
1600  38366.7  0.48
1620  50348.8  0.62
1640  44298.3  0.54
1660  44086.1  0.54
1680  38401.2  0.46
1700  35447.5  0.42
1720  47802.4  0.56
1740  39911.2  0.46
1760  36263  0.42
1780  40866.5  0.46
1800  50816.2  0.56
1820  34901.1  0.38
1840  46102.3  0.5
1860  43025.3  0.46
1880  51020.8  0.54
1900  56984.2  0.6
1920  53878.3  0.56
1940  42788.1  0.44
1960  51170.1  0.52
1980  31720.5  0.32
2000  43947.1  0.44
2020  40334  0.4
2040  54799.5  0.54
2060  38830.1  0.38
2080  48397.4  0.48
2100  56285.2  0.54
2120  60805.8  0.58
2140  57503.8  0.54
2160  43258.7  0.4
2180  59087.4  0.54
2200  33004.8  0.3
2220  46265.2  0.42
2240  40196.4  0.36
2260  35863.9  0.32
2280  47548.5  0.42
2300  36476.5  0.32
2320  54935.6  0.48
2340  36844.6  0.32
2360  51258.2  0.44
2380  54100.2  0.46
2400  48861.1  0.42
2420  45284.4  0.38
2440  33442.2  0.28
2460  36462.1  0.3
2480  67588  0.56
2500  44410.4  0.36
2520  62169.7  0.5
2540  31190.2  0.26
2560  42966  0.34
2580  40556.9  0.32
2600  51282.3  0.4
2620  43744.4  0.34
2640  59659.2  0.46
2660  65477.9  0.5
2680  49918.7  0.38
2700  45015.4  0.34
2720  42611.5  0.32
2740  54053.8  0.4
2760  43035.7  0.32
2780  76850.3  0.56
2800  29944.2  0.22
2820  55290  0.4
2840  59096.6  0.42
2860  42120.7  0.3
2880  71240.4  0.5
2900  74625.3  0.52
2920  57465  0.4
2940  58605.8  0.4
2960  36716  0.26
2980  39143.9  0.28
3000  31865.8  0.22
3020  47924.1  0.32
3040  41086.8  0.28
3060  50714.2  0.34
3080  56829.5  0.38
3100  33044.4  0.22
3120  42826.4  0.28
3140  33501.8  0.22
3160  33372.6  0.22
3180  56172.5  0.36
3200  40408.3  0.26
3220  44049.7  0.28
3240  40730.7  0.26
3260  44270.4  0.28
3280  60824  0.38
3300  44797.5  0.28
3320  51571.2  0.32
3340  40643.8  0.26
3360  35810.4  0.22
3380  49473.5  0.3
3400  36731.3  0.22
3420  41819.3  0.26
3440  39199.9  0.24
3460  44916.5  0.26
3480  37417.9  0.22
3500  40454  0.24
3520  54961.7  0.32
3540  33546.8  0.2
3560  13271.1  0.08
3580  38997.3  0.22
3600  36416.8  0.22
3620  52490.2  0.3
3640  38253.2  0.22
3660  42273.8  0.24
3680  77253.5  0.42
3700  69964.5  0.38
3720  72559.7  0.4
3740  28299.8  0.16
3760  53182.3  0.3
3780  74069  0.4
3800  64757.4  0.34
3820  43125.9  0.24
3840  33864.8  0.18
3860  72624.2  0.38
3880  72752.5  0.38
3900  56025.6  0.3
3920  41152.7  0.22
3940  76556.6  0.4
3960  61920.9  0.32
3980  58383.9  0.3
4000  17527.6  0.1
4020  37047.8  0.2
4040  63079.3  0.32
4060  26343.4  0.14
4080  50826.1  0.26
4100  41714.6  0.22
4120  68273.2  0.34
4140  43645  0.22
4160  68797  0.34
4180  39431.8  0.2
4200  70279.4  0.34
4220  73848.3  0.36
4240  43634.2  0.22
4260  36788.5  0.18
4280  28414.2  0.14
4300  27855.8  0.14
4320  56013.5  0.26
4340  58225.9  0.28
4360  50233.2  0.24
4380  63115.1  0.3
4400  41367.2  0.2
4420  58863.2  0.28
4440  68817  0.32
4460  64691.2  0.3
4480  31391.6  0.14
4500  65008.6  0.3
4520  44772.9  0.2
4540  52660.5  0.24
4560  58559.5  0.26
4580  47813.3  0.22
4600  17434  0.08
4620  63361.4  0.28
4640  62325.6  0.28
4660  46597.9  0.2
4680  13296.7  0.06
4700  62163.2  0.28
4720  63091  0.28
4740  47451.7  0.2
4760  47889.1  0.22
4780  53210  0.24
4800  54903.1  0.24
4820  38600.4  0.16
4840  55282.5  0.24
4860  60327.2  0.26
4880  50997.5  0.22
4900  39266.9  0.16
4920  29060.5  0.12
4940  39539.8  0.18
4960  26766.3  0.12
4980  42345.8  0.18
5000  56858.9  0.24
5020  30795.8  0.14
5040  52209.6  0.22
5060  40243.9  0.18
5080  47576.3  0.2
5100  44152.9  0.18
5120  25320.1  0.1
5140  44123.8  0.18
5160  38748.1  0.16
5180  54069.6  0.22
5200  25089.8  0.1
5220  38479  0.16
5240  64528.2  0.26
5260  49227.6  0.2
5280  59401.1  0.24
5300  28416.9  0.12
5320  38372  0.16
5340  39235.1  0.16
5360  42412.4  0.16
5380  55207.9  0.22
5400  48681.9  0.18
5420  28487.7  0.12
5440  48940.3  0.18
5460  40783.8  0.16
5480  41431.1  0.16
5500  43605  0.16
5520  14252.6  0.06
5540  47225.9  0.18
5560  8830.94  0.04
5580  33114.3  0.12
5600  68099  0.26
5620  62491.7  0.24
5640  24474.1  0.1
5660  41452.1  0.16
5680  49629.8  0.18
5700  37172  0.14
5720  42962.1  0.16
5740  59588.5  0.22
5760  22998.8  0.1
5780  42457.8  0.16
5800  71720  0.26
5820  54175.3  0.2
5840  34386.2  0.12
5860  48816.5  0.18
5880  8902.2  0.04
5900  8905.22  0.04
5920  34772  0.12
5940  40308  0.14
5960  55755.5  0.2
5980  31768.3  0.12
6000  52465.6  0.18
6020  42063.7  0.14
6040  29520.6  0.1
6060  53956.1  0.18
6080  32945.8  0.12
6100  33025.7  0.12
6120  41928.5  0.14
6140  36011.6  0.12
6160  10938.3  0.04
6180  51328.5  0.18
6200  29997.5  0.1
6220  54551.5  0.18
6240  24445.4  0.08
6260  58380.4  0.2
6280  15252.9  0.06
6300  26771.7  0.1
6320  18463.5  0.06
6340  40084.9  0.14
6360  16456.1  0.06
6380  25468.3  0.08
6400  50127.7  0.16
6420  34023.7  0.12
6440  50081.3  0.16
6460  40605.8  0.14
6480  40838.6  0.14
6500  30996.1  0.1
6520  9041.11  0.04
6540  50892.8  0.16
6560  36823.2  0.12
6580  33387.9  0.12
6600  21817.3  0.08
6620  22679.8  0.08
6640  19297.5  0.06
6660  33287.7  0.12
6680  27100.3  0.1
6700  42574.2  0.14
6720  17716.3  0.06
6740  21783.6  0.08
6760  28962.5  0.1
6780  32714.6  0.1
6800  25635.5  0.08
6820  29578.8  0.1
6840  10711  0.04
6860  27322.3  0.08
6880  18671.3  0.06
6900  27431.5  0.08
6920  35617.2  0.12
6940  43260.1  0.14
6960  29861.2  0.1
6980  44124.8  0.14
7000  44123.4  0.14
7020  40650.2  0.12
7040  27783.9  0.08
7060  40445.2  0.12
7080  32932.7  0.1
7100  38030.9  0.12
7120  51230.8  0.16
7140  51866.9  0.16
7160  44846.2  0.14
7180  37976.5  0.12
7200  30072.4  0.1
7220  48534.1  0.14
7240  55840.6  0.16
7260  10919.4  0.04
7280  60307.6  0.18
7300  19268.7  0.06
7320  13838.6  0.04
7340  66281.1  0.2
7360  17286.9  0.06
7380  18248.7  0.06
7400  28489.8  0.08
7420  27484  0.08
7440  45983.8  0.14
7460  9250.02  0.04
7480  10504.4  0.04
7500  22003.2  0.06
7520  24490.9  0.08
7540  32065.6  0.1
7560  24760.1  0.08
7580  24843.5  0.08
7600  23976  0.08
7620  32653.1  0.1
7640  16857.7  0.06
7660  24840.8  0.08
7680  20867.4  0.06
7700  49903  0.14
7720  17136.8  0.06
7740  32428.9  0.1
7760  50328.3  0.14
7780  10738.1  0.04
7800  47947.9  0.14
7820  25350.3  0.08
7840  25615.4  0.08
7860  49158.9  0.14
7880  23411.9  0.06
7900  40495.1  0.12
7920  59061.5  0.16
7940  25020.7  0.08
7960  40682.9  0.12
7980  12418.2  0.04
8000  24790.8  0.08
8020  32858.2  0.1
8040  19594.4  0.06
8060  37475.9  0.1
8080  26324.4  0.08
8100  13715.1  0.04
8120  23077.2  0.06
8140  42259  0.12
8160  9403.48  0.04
8180  37884.5  0.1
8200  9413.9  0.04
8220  34778.6  0.1
8240  21602.2  0.06
8260  35547.1  0.1
8280  29892.6  0.08
8300  12574.8  0.04
8320  13505.4  0.04
8340  12132.2  0.04
8360  13086  0.04
8380  27144.4  0.08
8400  11498.2  0.04
8420  37259.4  0.1
8440  21954.5  0.06
8460  19729.7  0.06
8480  25176.7  0.06
8500  30596.1  0.08
8520  13705.1  0.04
8540  13725.8  0.04
8560  22302.1  0.06
8580  9894.95  0.04
8600  22257.8  0.06
8620  32624.7  0.08
8640  15744.1  0.04
8660  15764.7  0.04
8680  45349.5  0.12
8700  48857.3  0.12
8720  19490.2  0.06
8740  11720.7  0.04
8760  27510.6  0.08
8780  18508.2  0.06
8800  18097.9  0.06
8820  27569.6  0.08
8840  11290.7  0.04
8860  9557.16  0.04
8880  29195.9  0.08
8900  26467.8  0.06
8920  17462.9  0.04
8940  17482.5  0.04
8960  41174.4  0.1
8980  40639.2  0.1
9000  17542.5  0.04
9020  38118.9  0.1
9040  47297.2  0.12
9060  12161.1  0.04
9080  12084.2  0.04
9100  29335.5  0.08
9120  20286.5  0.06
9140  15529.7  0.04
9160  11156.4  0.04
9180  20345.3  0.06
9200  9632.76  0.04
9220  10018.2  0.04
9240  28900.3  0.08
9260  19747.2  0.06
9280  20552.2  0.06
9300  13365.9  0.04
9320  11315.8  0.04
9340  11336.4  0.04
9360  20671.8  0.06
9380  17694.8  0.04
9400  11396.4  0.04
9420  10257.9  0.04
9440  16966.2  0.04
9460  11456.4  0.04
9480  29007.4  0.08
9500  28546  0.06
9520  19006.9  0.04
9540  11536.1  0.04
9560  11555.8  0.04
9580  20229.8  0.06
9600  11069.9  0.04
9620  9619.57  0.02
9640  10230  0.04
9660  29078.5  0.06
9680  18468.5  0.04
9700  10398.2  0.04
9720  19426.7  0.04
9740  11009  0.04
9760  9760.23  0.02
9780  9760.23  0.02
9800  9760.23  0.02
9820  9760.23  0.02
9840  9760.23  0.02
9860  9760.23  0.02
9880  9760.23  0.02
9900  9760.23  0.02
9920  9760.23  0.02
9940  9760.23  0.02
9960  9760.23  0.02
9980  9760.23  0.02
10000  9760.23  0.02
10020  9760.23  0.02
10040  9760.23  0.02
10060  9760.23  0.02
10080  9760.23  0.02
10100  9760.23  0.02
10120  9760.23  0.02
10140  9760.23  0.02
10160  9760.23  0.02
10180  9760.23  0.02
10200  9760.23  0.02
10220  9760.23  0.02
10240  9760.23  0.02
10260  9760.23  0.02
10280  9760.23  0.02
10300  9760.23  0.02
10320  9760.23  0.02
10340  9760.23  0.02
10360  9760.23  0.02
10380  9760.23  0.02
10400  9760.23  0.02
10420  9760.23  0.02
10440  9760.23  0.02
10460  9760.23  0.02
10480  9760.23  0.02
10500  9760.23  0.02
10520  9760.23  0.02
10540  9760.23  0.02
10560  9760.23  0.02
10580  9760.23  0.02
10600  9760.23  0.02
10620  9760.23  0.02
10640  9760.23  0.02
10660  9760.23  0.02
10680  9760.23  0.02
10700  9760.23  0.02
10720  9760.23  0.02
10740  9760.23  0.02
10760  9760.23  0.02
10780  9760.23  0.02
10800  9760.23  0.02
10820  9760.23  0.02
10840  9760.23  0.02
10860  9760.23  0.02
10880  9760.23  0.02
10900  9760.23  0.02
10920  9760.23  0.02
10940  9760.23  0.02
10960  9760.23  0.02
10980  9760.23  0.02
11000  9760.23  0.02
11020  9760.23  0.02
11040  9760.23  0.02
11060  9760.23  0.02
11080  9760.23  0.02
11100  9760.23  0.02
11120  9760.23  0.02
11140  9760.23  0.02
11160  9760.23  0.02
11180  9760.23  0.02
11200  9760.23  0.02
11220  9760.23  0.02
11240  9760.23  0.02
11260  9760.23  0.02
11280  9760.23  0.02
11300  9760.23  0.02
11320  9760.23  0.02
11340  9760.23  0.02
11360  9760.23  0.02
11380  9760.23  0.02
11400  9760.23  0.02
11420  9760.23  0.02
11440  9760.23  0.02
11460  9760.23  0.02
11480  9760.23  0.02
11500  9760.23  0.02
11520  9760.23  0.02
11540  9760.23  0.02
11560  9760.23  0.02
11580  9760.23  0.02
11600  9760.23  0.02
11620  9760.23  0.02
11640  9760.23  0.02
11660  9760.23  0.02
11680  9760.23  0.02
11700  9760.23  0.02
11720  9760.23  0.02
11740  9760.23  0.02
11760  9760.23  0.02
11780  9760.23  0.02
11800  9760.23  0.02
11820  9760.23  0.02
11840  9760.23  0.02
11860  9760.23  0.02
11880  9760.23  0.02
11900  9760.23  0.02
11920  9760.23  0.02
11940  9760.23  0.02
11960  9760.23  0.02
11980  9760.23  0.02
12000  9760.23  0.02
12020  9760.23  0.02
12040  9760.23  0.02
12060  9760.23  0.02
12080  9760.23  0.02
12100  9760.23  0.02
12120  9760.23  0.02
12140  9760.23  0.02
12160  9760.23  0.02
12180  9760.23  0.02
12200  9760.23  0.02
12220  9760.23  0.02
12240  9760.23  0.02
12260  9760.23  0.02
12280  9760.23  0.02
12300  9760.23  0.02
12320  9760.23  0.02
12340  9760.23  0.02
12360  9760.23  0.02
12380  9760.23  0.02
12400  9760.23  0.02
12420  9760.23  0.02
12440  9760.23  0.02
12460  9760.23  0.02
12480  9760.23  0.02
12500  9760.23  0.02
12520  9760.23  0.02
12540  9760.23  0.02
12560  9760.23  0.02
12580  9760.23  0.02
12600  9760.23  0.02
12620  9760.23  0.02
12640  9760.23  0.02
12660  9760.23  0.02
12680  9760.23  0.02
12700  9760.23  0.02
12720  9760.23  0.02
12740  9760.23  0.02
12760  9760.23  0.02
12780  9760.23  0.02
12800  9760.23  0.02
12820  9760.23  0.02
12840  9760.23  0.02
12860  9760.23  0.02
12880  9760.23  0.02
12900  9760.23  0.02
12920  9760.23  0.02
12940  9760.23  0.02
12960  9760.23  0.02
12980  9760.23  0.02
13000  9760.23  0.02
13020  9760.23  0.02
13040  9760.23  0.02
13060  9760.23  0.02
13080  9760.23  0.02
13100  9760.23  0.02
13120  9760.23  0.02
13140  9760.23  0.02
13160  9760.23  0.02
13180  9760.23  0.02
13200  9760.23  0.02
13220  9760.23  0.02
13240  9760.23  0.02
13260  9760.23  0.02
13280  9760.23  0.02
13300  9760.23  0.02
13320  9760.23  0.02
13340  9760.23  0.02
13360  9760.23  0.02
13380  9760.23  0.02
13400  9760.23  0.02
13420  9760.23  0.02
13440  9760.23  0.02
13460  9760.23  0.02
13480  9760.23  0.02
13500  9760.23  0.02
13520  9760.23  0.02
13540  9760.23  0.02
13560  9760.23  0.02
13580  9760.23  0.02
13600  9760.23  0.02
13620  9760.23  0.02
13640  9760.23  0.02
13660  9760.23  0.02
13680  9760.23  0.02
13700  9760.23  0.02
13720  9760.23  0.02
13740  9760.23  0.02
13760  9760.23  0.02
13780  9760.23  0.02
13800  9760.23  0.02
13820  9760.23  0.02
13840  9760.23  0.02
13860  9760.23  0.02
13880  9760.23  0.02
13900  9760.23  0.02
13920  9760.23  0.02
13940  9760.23  0.02
13960  9760.23  0.02
13980  9760.23  0.02
14000  9760.23  0.02
14020  9760.23  0.02
14040  9760.23  0.02
14060  9760.23  0.02
14080  9760.23  0.02
14100  9760.23  0.02
14120  9760.23  0.02
14140  9760.23  0.02
14160  9760.23  0.02
14180  9760.23  0.02
14200  9760.23  0.02
14220  9760.23  0.02
14240  9760.23  0.02
14260  9760.23  0.02
14280  9760.23  0.02
14300  9760.23  0.02
14320  9760.23  0.02
14340  9760.23  0.02
14360  9760.23  0.02
14380  9760.23  0.02
14400  9760.23  0.02
14420  9760.23  0.02
14440  9760.23  0.02
14460  9760.23  0.02
14480  9760.23  0.02
14500  9760.23  0.02
14520  9760.23  0.02
14540  9760.23  0.02
14560  9760.23  0.02
14580  9760.23  0.02
14600  9760.23  0.02
14620  9760.23  0.02
14640  9760.23  0.02
14660  9760.23  0.02
14680  9760.23  0.02
14700  9760.23  0.02
14720  9760.23  0.02
14740  9760.23  0.02
14760  9760.23  0.02
14780  9760.23  0.02
14800  9760.23  0.02
14820  9760.23  0.02
14840  9760.23  0.02
14860  9760.23  0.02
14880  9760.23  0.02
14900  9760.23  0.02
14920  9760.23  0.02
14940  9760.23  0.02
14960  9760.23  0.02
14980  9760.23  0.02
