100  4064.66  0.96
120  5224.35  0.98
140  6192.93  0.92
160  7819.66  0.94
180  9070.98  0.96
200  9463.65  0.88
220  9849.42  0.86
240  11016.2  0.9
260  10619.2  0.82
280  11818.7  0.84
300  12708.1  0.86
320  12697.4  0.82
340  13688.5  0.84
360  13492.6  0.78
380  14071.7  0.78
400  16321.6  0.84
420  14884.2  0.74
440  16372.5  0.74
460  14734.3  0.64
480  15583  0.66
500  16598  0.68
520  17962.3  0.7
540  17326.8  0.66
560  17022.7  0.62
580  16898  0.6
600  22422.3  0.76
620  21803.3  0.72
640  18339.2  0.6
660  19904.3  0.62
680  20025.6  0.6
700  22379.5  0.66
720  19350.9  0.56
740  21057.8  0.58
760  22393.1  0.6
780  20475  0.54
800  23403.5  0.6
820  20581  0.52
840  27369.7  0.66
860  24247  0.58
880  20277.5  0.48
900  22359.5  0.52
920  22943.6  0.52
940  22623  0.48
960  21872  0.46
980  23514  0.48
1000  18375.4  0.38
1020  25013.8  0.48
1040  25370.2  0.5
1060  23501.7  0.44
1080  20428.8  0.38
1100  25095.2  0.46
1120  21059.4  0.38
1140  27063.7  0.48
1160  26269.7  0.46
1180  29179.6  0.5
1200  25107.3  0.42
1220  31780.3  0.52
1240  29613.3  0.48
1260  28800.1  0.46
1280  21466.1  0.34
1300  22905.8  0.36
1320  29173.7  0.44
1340  24061.4  0.36
1360  22909.1  0.34
1380  24444.2  0.36
1400  36508.5  0.54
1420  35187.5  0.5
1440  31223.8  0.44
1460  28546.4  0.4
1480  29095.3  0.4
1500  26319.9  0.36
1520  20822.1  0.28
1540  36218.9  0.48
1560  33620.1  0.44
1580  26262.8  0.34
1600  23639.4  0.3
1620  27248  0.34
1640  29066  0.36
1660  25811.7  0.32
1680  25677.3  0.32
1700  37343.2  0.44
1720  25219  0.3
1740  38457.9  0.46
1760  23948.9  0.28
1780  29490.3  0.34
1800  31451.9  0.36
1820  35251.7  0.4
1840  38398  0.44
1860  21210.8  0.24
1880  18004.4  0.2
1900  23916.1  0.26
1920  29742.1  0.32
1940  42013.9  0.44
1960  24711.4  0.26
1980  25024.3  0.26
2000  30523.1  0.32
2020  31361.3  0.32
2040  29737.8  0.3
2060  29961.9  0.3
2080  12941.5  0.14
2100  34429  0.34
2120  28461.8  0.28
2140  26433.1  0.26
2160  25658.3  0.26
2180  24887.6  0.24
2200  45408.9  0.42
2220  25572.3  0.24
2240  21377  0.2
2260  41890.5  0.38
2280  20617.9  0.18
2300  33237.2  0.3
2320  12652.5  0.12
2340  36120.6  0.32
2360  42498.6  0.38
2380  22088.9  0.2
2400  26584  0.24
2420  32402.1  0.28
2440  27497.4  0.24
2460  38096  0.32
2480  40842.8  0.34
2500  45171  0.38
2520  16257.5  0.14
2540  36636.8  0.3
2560  40182.3  0.32
2580  23449.4  0.2
2600  27296  0.22
2620  27375.8  0.22
2640  27409.2  0.22
2660  30209.1  0.24
2680  26714.3  0.22
2700  40419.7  0.32
2720  24678.6  0.2
2740  34999.2  0.26
2760  45374.8  0.34
2780  56954.5  0.42
2800  25111.2  0.18
2820  18892.2  0.14
2840  25048.1  0.18
2860  29942.8  0.22
2880  32773.1  0.24
2900  31761.3  0.22
2920  33697.1  0.24
2940  30512.9  0.22
2960  47373.1  0.34
2980  33645.9  0.24
3000  31008.7  0.22
3020  34181.4  0.24
3040  36678  0.26
3060  40259.2  0.28
3080  47500  0.32
3100  11617.9  0.08
3120  35431.7  0.24
3140  32502.7  0.22
3160  34782.3  0.24
3180  50197.5  0.32
3200  23251.7  0.16
3220  57968.6  0.38
3240  42854.8  0.28
3260  19640.3  0.14
3280  32630.2  0.2
3300  44021.1  0.28
3320  22772  0.14
3340  53553.5  0.32
3360  28030.9  0.18
3380  48605.9  0.3
3400  34440.1  0.22
3420  51442.1  0.32
3440  36965  0.22
3460  17358.8  0.1
3480  29262.7  0.18
3500  24304.6  0.14
3520  45966.6  0.28
3540  43266.1  0.26
3560  40223.2  0.24
3580  22619.1  0.14
3600  36887.1  0.22
3620  22784.1  0.14
3640  63519.1  0.36
3660  29831.2  0.18
3680  48201.6  0.28
3700  40458.5  0.22
3720  33564  0.2
3740  9989.24  0.06
3760  27406.5  0.16
3780  16268.4  0.1
3800  25889.2  0.14
3820  21789.9  0.12
3840  43218.5  0.24
3860  17864.6  0.1
3880  19061  0.1
3900  43546.4  0.24
3920  33797.9  0.18
3940  23523.6  0.12
3960  36804.7  0.2
3980  31624.3  0.16
4000  61984.9  0.32
4020  23713.4  0.12
4040  48104.2  0.24
4060  23910.7  0.12
4080  28381.6  0.14
4100  37782.3  0.2
4120  20377.6  0.1
4140  28205.4  0.14
4160  37582.4  0.2
4180  50228.9  0.26
4200  43221.7  0.22
4220  25024.5  0.12
4240  29753.1  0.16
4260  30049.5  0.16
4280  35481.3  0.18
4300  35754.1  0.18
4320  38893.9  0.18
4340  25760.8  0.12
4360  43790.2  0.22
4380  20993.2  0.1
4400  26140.2  0.12
4420  36442.7  0.18
4440  20458.8  0.1
4460  61134.2  0.28
4480  44562.6  0.2
4500  53692.1  0.26
4520  26678.7  0.12
4540  22091.2  0.1
4560  33019.9  0.16
4580  26762.7  0.12
4600  46087.5  0.22
4620  30133.8  0.14
4640  27225.2  0.12
4660  37450.1  0.18
4680  10198.5  0.06
4700  21529.5  0.1
4720  18021.9  0.08
4740  27935.4  0.12
4760  33243  0.16
4780  47309.9  0.2
4800  18781.7  0.08
4820  39632.3  0.18
4840  34948.9  0.16
4860  26746.5  0.12
4880  15609.5  0.08
4900  43573.4  0.18
4920  74096.7  0.32
4940  18011.5  0.08
4960  19903.6  0.1
4980  28366.9  0.12
5000  30863.9  0.14
5020  21261.4  0.1
5040  59947.2  0.24
5060  37873.3  0.16
5080  10048.3  0.04
5100  28888  0.12
5120  15122.8  0.06
5140  25737  0.12
5160  51456.6  0.22
5180  47482.9  0.2
5200  62393.6  0.26
5220  48072.1  0.2
5240  51251.7  0.2
5260  58779.5  0.24
5280  67132.9  0.26
5300  38196.3  0.16
5320  77652.6  0.3
5340  10271.7  0.04
5360  52672  0.2
5380  41351.4  0.16
5400  40169.5  0.16
5420  15821.7  0.06
5440  31850.4  0.12
5460  47773.6  0.18
5480  10390.2  0.04
5500  63776.5  0.24
5520  25776.1  0.1
5540  21871.3  0.08
5560  21888  0.08
5580  22079.5  0.08
5600  28964.9  0.12
5620  59734.8  0.22
5640  57451.1  0.22
5660  63616.5  0.24
5680  35229.5  0.14
5700  44300.7  0.16
5720  66580.9  0.24
5740  40220.4  0.14
5760  36024.8  0.14
5780  53035  0.2
5800  40804.4  0.16
5820  39406.6  0.14
5840  50413.1  0.18
5860  44786.1  0.16
5880  43154.5  0.16
5900  43515.7  0.16
5920  71848.7  0.26
5940  33725.4  0.12
5960  56841  0.2
5980  30919.2  0.12
6000  10833  0.04
6020  67222.1  0.24
6040  22956  0.08
6060  10883.8  0.04
6080  68054.9  0.24
6100  37747.3  0.14
6120  37757.7  0.14
6140  11350.9  0.04
6160  35835.9  0.12
6180  32739.6  0.12
6200  11399.7  0.04
6220  50957.4  0.18
6240  17142  0.06
6260  33373.7  0.12
6280  57849.7  0.2
6300  17458.1  0.06
6320  25564.2  0.1
6340  35607.5  0.12
6360  71330.4  0.24
6380  11551.8  0.04
6400  29314.2  0.1
6420  39566.2  0.14
6440  45028.9  0.16
6460  31319.5  0.1
6480  17354.5  0.06
6500  21161.9  0.08
6520  11277  0.04
6540  19654.8  0.08
6560  32889.5  0.12
6580  34015.8  0.12
6600  17986.5  0.06
6620  92565.5  0.3
6640  70218.6  0.22
6660  12899.1  0.04
6680  27653.1  0.1
6700  47867.3  0.16
6720  48233.8  0.16
6740  59041.5  0.18
6760  51823.8  0.16
6780  12995.9  0.04
6800  47960.8  0.16
6820  57904.8  0.18
6840  33188.4  0.1
6860  62965.1  0.2
6880  35517.1  0.12
6900  14445.5  0.06
6920  45383.9  0.14
6940  56423.3  0.18
6960  52164  0.16
6980  11672.4  0.04
7000  11689.9  0.04
7020  15854.6  0.06
7040  27957.1  0.08
7060  45157.9  0.14
7080  19067.8  0.06
7100  69229.8  0.2
7120  20430.3  0.06
7140  62759.4  0.18
7160  50203.3  0.14
7180  28968  0.1
7200  25577.5  0.08
7220  36065.6  0.1
7240  49736.2  0.14
7260  46022.5  0.14
7280  35992  0.1
7300  13415.5  0.04
7320  39153.3  0.12
7340  49100.6  0.14
7360  40734.2  0.12
7380  82238.9  0.24
7400  51698.9  0.14
7420  44488.7  0.14
7440  19838.3  0.06
7460  34601.2  0.1
7480  14821.3  0.04
7500  65567.7  0.18
7520  13594.8  0.04
7540  25258.3  0.08
7560  21125.5  0.06
7580  27892.7  0.08
7600  45645.9  0.14
7620  92145.2  0.26
7640  37886.3  0.1
7660  46851.6  0.14
7680  62282  0.18
7700  29833.9  0.08
7720  72936.1  0.2
7740  52212.5  0.14
7760  38060  0.1
7780  30156.2  0.08
7800  22800.3  0.06
7820  36836.5  0.1
7840  24507.1  0.08
7860  36943.9  0.1
7880  12815.4  0.04
7900  38810.3  0.1
7920  29969.5  0.08
7940  90834.1  0.24
7960  20468.3  0.06
7980  54679.4  0.14
8000  65053.4  0.18
8020  33119.6  0.1
8040  29702.5  0.08
8060  97607.7  0.26
8080  22122.8  0.06
8100  47906.9  0.12
8120  44886.8  0.12
8140  22171.7  0.06
8160  23417.9  0.06
8180  38176.6  0.1
8200  13086.4  0.04
8220  14160.9  0.04
8240  58832.6  0.16
8260  31796.5  0.08
8280  30842.4  0.08
8300  42599.4  0.12
8320  47992  0.12
8340  21719  0.06
8360  76062.2  0.2
8380  25626.5  0.08
8400  39596  0.1
8420  74963.5  0.18
8440  43438.9  0.12
8460  16810.9  0.04
8480  42425.6  0.12
8500  25317.2  0.06
8520  12988.5  0.04
8540  14421.1  0.04
8560  32998.3  0.08
8580  21699.4  0.06
8600  25520.1  0.06
8620  44093.6  0.12
8640  13456.8  0.04
8660  35797.4  0.1
8680  43404  0.1
8700  30111.7  0.08
8720  61521.5  0.16
8740  81673.7  0.2
8760  32683.9  0.08
8780  59883.8  0.14
8800  56492.3  0.14
8820  49732.6  0.12
8840  98135.1  0.24
8860  13641  0.04
8880  75798.5  0.18
8900  26497.1  0.06
8920  68762.5  0.16
8940  17790.8  0.04
8960  63915.9  0.16
8980  52126.7  0.12
9000  75362.3  0.18
9020  102359  0.24
9040  31433.8  0.08
9060  31418.2  0.08
9080  22487.5  0.06
9100  46484.3  0.12
9120  51939.6  0.12
9140  54118.1  0.12
9160  29051.6  0.08
9180  33397.7  0.08
9200  108474  0.24
9220  36205.2  0.08
9240  27218.3  0.06
9260  99941.5  0.22
9280  24247  0.06
9300  36018.8  0.08
9320  66180.7  0.16
9340  13690.3  0.04
9360  23039  0.06
9380  33798.6  0.08
9400  23027  0.06
9420  27430.1  0.06
9440  43533.1  0.1
9460  24680.5  0.06
9480  15180.1  0.04
9500  24740.6  0.06
9520  23721.7  0.06
9540  89338.5  0.2
9560  34652.2  0.08
9580  31819.9  0.08
9600  42494.4  0.1
9620  45879  0.1
9640  24826.9  0.06
9660  14315.2  0.04
9680  89918  0.2
9700  27515.6  0.06
9720  61476.2  0.14
9740  36928  0.08
9760  53997.8  0.12
9780  79214.8  0.18
9800  51423.6  0.12
9820  25304.3  0.06
9840  61950.7  0.14
9860  37465.9  0.08
9880  70207.9  0.16
9900  26524.5  0.06
9920  64098.3  0.14
9940  17892.7  0.04
9960  14218.3  0.04
9980  53379.2  0.12
10000  53469.9  0.12
10020  53534.8  0.12
10040  73349.5  0.16
10060  75607.7  0.16
10080  71254.2  0.16
10100  25777.8  0.06
10120  57780.6  0.12
10140  16868.9  0.04
10160  18052.2  0.04
10180  71691  0.16
10200  51721.9  0.12
10220  44149.4  0.1
10240  15792.7  0.04
10260  28803.9  0.06
10280  40769.4  0.08
10300  18752.9  0.04
10320  77297.4  0.16
10340  42398.6  0.1
10360  28569  0.06
10380  41087.3  0.08
10400  49469  0.1
10420  28695.1  0.06
10440  49508.6  0.1
10460  49528.4  0.1
10480  29251.4  0.06
10500  48528.7  0.1
10520  28908  0.06
10540  53672  0.12
10560  18936.9  0.04
10580  14749.7  0.04
10600  18374.7  0.04
10620  17237.5  0.04
10640  50442.4  0.1
10660  29160.6  0.06
10680  31802.9  0.06
10700  29200.2  0.06
10720  16182.5  0.04
10740  15225.6  0.04
10760  50737.8  0.1
10780  40652.2  0.08
10800  29565.1  0.06
10820  68256.4  0.14
10840  29604.7  0.06
10860  29499.3  0.06
10880  29736.9  0.06
10900  29719.5  0.06
10920  29739.3  0.06
10940  29508.9  0.06
10960  29727.5  0.06
10980  29798.7  0.06
11000  51711.2  0.1
11020  29786.9  0.06
11040  76796.1  0.14
11060  30054.6  0.06
11080  78629.9  0.16
11100  52252.8  0.1
11120  26303.4  0.06
11140  52581.6  0.1
11160  21458.8  0.04
11180  16553.2  0.04
11200  28752.9  0.06
11220  30362.7  0.06
11240  32614.5  0.06
11260  28970.2  0.06
11280  26823.4  0.06
11300  30445.9  0.06
11320  41524.7  0.08
11340  62261  0.12
11360  106514  0.2
11380  125326  0.24
11400  30544.9  0.06
11420  30768.3  0.06
11440  52151.4  0.1
11460  39694.2  0.08
11480  19344.2  0.04
11500  30797.8  0.06
11520  38782.7  0.08
11540  28278.9  0.06
11560  27383.6  0.06
11580  42619.2  0.08
11600  54278.6  0.1
11620  31182.5  0.06
11640  31131  0.06
11660  27587.7  0.06
11680  31106.2  0.06
11700  29495.4  0.06
11720  29606.3  0.06
11740  64094.9  0.12
11760  15755.5  0.04
11780  19645.1  0.04
11800  21865.3  0.04
11820  31588.3  0.06
11840  40699.1  0.08
11860  29943.1  0.06
11880  53725.1  0.1
11900  27484.6  0.06
11920  33833.7  0.06
11940  33863.7  0.06
11960  30042.1  0.06
11980  51604.7  0.1
12000  54789.3  0.1
12020  27952.2  0.06
12040  18262.9  0.04
12060  18286.7  0.04
12080  30311.8  0.06
12100  17299.4  0.04
12120  18346.1  0.04
12140  18407  0.04
12160  30548.4  0.06
12180  17361.9  0.04
12200  30561  0.06
12220  31363.7  0.06
12240  34230.5  0.06
12260  32175.5  0.06
12280  32189.7  0.06
12300  19612  0.04
12320  16235.1  0.04
12340  32481.1  0.06
12360  73854.1  0.12
12380  32469  0.06
12400  29943.8  0.06
12420  36230.8  0.06
12440  17567.8  0.04
12460  18652.8  0.04
12480  28977.7  0.06
12500  31949  0.06
12520  29195.1  0.06
12540  31978.3  0.06
12560  18728  0.04
12580  74862  0.12
12600  50130.1  0.08
12620  49967.4  0.08
12640  119730  0.2
12660  32263.9  0.06
12680  31539.8  0.06
12700  29295.2  0.06
12720  16895  0.04
12740  92413.6  0.16
12760  32337  0.06
12780  30539  0.06
12800  29632.1  0.06
12820  76008.1  0.12
12840  29532.7  0.06
12860  37665.4  0.06
12880  35498.9  0.06
12900  134433  0.22
12920  51097.6  0.08
12940  20078.6  0.04
12960  31865.8  0.06
12980  147084  0.24
13000  32865.7  0.06
13020  77285.4  0.12
13040  33541.4  0.06
13060  51236.2  0.08
13080  22677.3  0.04
13100  46156.2  0.08
13120  77384.4  0.12
13140  51315.4  0.08
13160  51379.5  0.08
13180  32384.8  0.06
13200  22749.7  0.04
13220  45678.6  0.08
13240  52033.2  0.08
13260  77927.1  0.12
13280  52076.7  0.08
13300  42457  0.08
13320  57143.8  0.1
13340  52126.8  0.08
13360  52155.9  0.08
13380  38871.3  0.06
13400  33668.5  0.06
13420  52206  0.08
13440  47682.3  0.08
13460  52544.2  0.08
13480  38970.3  0.06
13500  52583.8  0.08
13520  34571.6  0.06
13540  21046.2  0.04
13560  34073.2  0.06
13580  80171.1  0.12
13600  53036.2  0.08
13620  53056  0.08
13640  34620.1  0.06
13660  17688  0.04
13680  53119.3  0.08
13700  34160.6  0.06
13720  53335.6  0.08
13740  34116.2  0.06
13760  53375.2  0.08
13780  20446  0.04
13800  39634.6  0.06
13820  34548.7  0.06
13840  45354.3  0.08
13860  20747.2  0.04
13880  20520.1  0.04
13900  66885.1  0.1
13920  34321.5  0.06
13940  46625.8  0.08
13960  40136.5  0.06
13980  54113.2  0.08
14000  54269  0.08
14020  54288.8  0.08
14040  40219.7  0.06
14060  40325.5  0.06
14080  54392.8  0.08
14100  49597.7  0.08
14120  34748.2  0.06
14140  65901.8  0.1
14160  35527.7  0.06
14180  26272.2  0.04
14200  54597.7  0.08
14220  31922.3  0.06
14240  23411.1  0.04
14260  26351.4  0.04
14280  55111.1  0.08
14300  55179.4  0.08
14320  40872.2  0.06
14340  19108.1  0.04
14360  19124.8  0.04
14380  40899.9  0.06
14400  26490  0.04
14420  19172.1  0.04
14440  34485.1  0.06
14460  20190  0.04
14480  78692.4  0.12
14500  32693.1  0.06
14520  55466.5  0.08
14540  23601.8  0.04
14560  36197  0.06
14580  35419.9  0.06
14600  34880.6  0.06
14620  35046.7  0.06
14640  47017.7  0.08
14660  48536.6  0.08
14680  20358.4  0.04
14700  36306.5  0.06
14720  26810.7  0.04
14740  89438.9  0.14
14760  35256.9  0.06
14780  21794.7  0.04
14800  65049.5  0.1
14820  59282.5  0.1
14840  41733.7  0.06
14860  54019.8  0.08
14880  94250.3  0.14
14900  38541.1  0.06
14920  93467.4  0.14
14940  27008.9  0.04
14960  44907.3  0.08
14980  60724.5  0.1
