100  4607.38  0.96
120  5717.08  1
140  6545.63  0.94
160  7305.37  0.96
180  8479.52  0.92
200  9542.81  0.92
220  9366.45  0.84
240  10682.9  0.86
260  11560.7  0.88
280  12194  0.88
300  13033.4  0.86
320  13270.7  0.84
340  15392.4  0.92
360  14486.3  0.8
380  16308.8  0.88
400  17112.7  0.88
420  16742.1  0.82
440  15733.6  0.72
460  17311.9  0.76
480  18234.9  0.78
500  20071.8  0.82
520  17770  0.7
540  20884.2  0.78
560  21510.3  0.78
580  21719  0.76
600  22624.8  0.74
620  22651.2  0.72
640  23003.1  0.72
660  21704.5  0.66
680  23594.8  0.7
700  23702.3  0.68
720  23625.7  0.66
740  25508.8  0.7
760  23952.8  0.64
780  25343.4  0.66
800  25076  0.64
820  23062.3  0.58
840  24478.5  0.6
860  25200.1  0.6
880  26145.5  0.6
900  26695.6  0.6
920  26150.6  0.58
940  29350.2  0.64
960  28197.3  0.6
980  30758.9  0.64
1000  29813  0.6
1020  26263.5  0.52
1040  28773.6  0.56
1060  27056.6  0.52
1080  25348.2  0.48
1100  21438.8  0.4
1120  25150  0.46
1140  24226.5  0.44
1160  31646.6  0.56
1180  28709.4  0.5
1200  27844.2  0.48
1220  29827.5  0.5
1240  27731.9  0.46
1260  37005.9  0.6
1280  31304.3  0.5
1300  29178.5  0.46
1320  30827.7  0.48
1340  33816.8  0.52
1360  31857.2  0.48
1380  28136.8  0.42
1400  39738.2  0.58
1420  37344.7  0.54
1440  34876.8  0.5
1460  31113.8  0.44
1480  36115.9  0.5
1500  28867.8  0.4
1520  32254  0.44
1540  32723.2  0.44
1560  29936  0.4
1580  35309.7  0.46
1600  45454.5  0.58
1620  32883.8  0.42
1640  39803.5  0.5
1660  27028.4  0.34
1680  32335.2  0.4
1700  29181.1  0.36
1720  41476.9  0.5
1740  31584.9  0.38
1760  28585.9  0.34
1780  39501.6  0.46
1800  34657.5  0.4
1820  29432.8  0.34
1840  31687.8  0.36
1860  35840  0.4
1880  38159  0.42
1900  32768.5  0.36
1920  32918.9  0.36
1940  31558.6  0.34
1960  31561.6  0.34
1980  39735.2  0.42
2000  42176.8  0.44
2020  28338.9  0.3
2040  33104.8  0.34
2060  27187.7  0.28
2080  23061.9  0.24
2100  25334.2  0.26
2120  27979.9  0.28
2140  23883.2  0.24
2160  21971.3  0.22
2180  35264.7  0.34
2200  26747  0.26
2220  40183  0.38
2240  33770  0.32
2260  38767.3  0.36
2280  25712.6  0.24
2300  44145.1  0.4
2320  28421  0.26
2340  23909.6  0.22
2360  31280.8  0.28
2380  26667  0.24
2400  31320.1  0.28
2420  26919.1  0.24
2440  51589.8  0.44
2460  32152.5  0.28
2480  42179.3  0.36
2500  37891.4  0.32
2520  33048.1  0.28
2540  18143.1  0.16
2560  38536  0.32
2580  28696.1  0.24
2600  31455.7  0.26
2620  42422.3  0.34
2640  32336.9  0.26
2660  40376.2  0.32
2680  27299.8  0.22
2700  32788.8  0.26
2720  43959.5  0.34
2740  38845.6  0.3
2760  30550.1  0.24
2780  36533.3  0.28
2800  36814.1  0.28
2820  39504.7  0.3
2840  34371.4  0.26
2860  37569.1  0.28
2880  40260  0.3
2900  29148.3  0.22
2920  38155.9  0.28
2940  32615.6  0.24
2960  26958.2  0.2
2980  21207.9  0.16
3000  48739.9  0.34
3020  33215.3  0.22
3040  36917  0.26
3060  25064.5  0.18
3080  46461  0.32
3100  28396  0.2
3120  34403.9  0.24
3140  37657.6  0.26
3160  35156.1  0.24
3180  28840.4  0.2
3200  38829.5  0.26
3220  32247  0.22
3240  16044.3  0.1
3260  29591.7  0.2
3280  36481.8  0.24
3300  30020.8  0.2
3320  36776.2  0.24
3340  27252  0.18
3360  37201.2  0.24
3380  13060.6  0.08
3400  34244.7  0.22
3420  41309.1  0.26
3440  24116.2  0.16
3460  31634.5  0.2
3480  16825.2  0.1
3500  31943.6  0.2
3520  35464  0.22
3540  32050  0.2
3560  24857.3  0.14
3580  28993.2  0.18
3600  39513.6  0.24
3620  22138.7  0.14
3640  36165.4  0.22
3660  18874.7  0.12
3680  26376.5  0.16
3700  30180.5  0.18
3720  17398.8  0.1
3740  37667.2  0.22
3760  23507.3  0.14
3780  38355.2  0.22
3800  34725.2  0.2
3820  42334.3  0.24
3840  42644.4  0.24
3860  42787.9  0.24
3880  43132.7  0.24
3900  50706.2  0.28
3920  35239.3  0.2
3940  39378.9  0.22
3960  14228.6  0.08
3980  43844.2  0.24
4000  67682.5  0.36
4020  40689.6  0.22
4040  44633.2  0.24
4060  56694  0.3
4080  45217.2  0.24
4100  49328.2  0.26
4120  46455.3  0.24
4140  45977.8  0.24
4160  37682  0.2
4180  75458.3  0.38
4200  29842.1  0.16
4220  45344.6  0.22
4240  42569.4  0.22
4260  63887.1  0.32
4280  30170  0.16
4300  47649.3  0.24
4320  34784.4  0.18
4340  20716.7  0.1
4360  26179.1  0.14
4380  43982.5  0.2
4400  66094.1  0.32
4420  45815.5  0.22
4440  20207.1  0.1
4460  31365.6  0.16
4480  33174.7  0.16
4500  58466.9  0.26
4520  32045.5  0.16
4540  34292  0.16
4560  41175  0.2
4580  64561.5  0.3
4600  32544.6  0.16
4620  46401.1  0.22
4640  65168.6  0.3
4660  65396.4  0.3
4680  25502.1  0.12
4700  32990.9  0.16
4720  66724.3  0.3
4740  47689  0.22
4760  42941  0.2
4780  38311.9  0.18
4800  48169.5  0.22
4820  38643.4  0.18
4840  29159.1  0.14
4860  16975.9  0.08
4880  36871.7  0.16
4900  38256.9  0.16
4920  83847.7  0.36
4940  44382.3  0.2
4960  42533.3  0.18
4980  27092.4  0.12
5000  40100.8  0.18
5020  17739.8  0.08
5040  24877.5  0.1
5060  36527.3  0.16
5080  35772.3  0.16
5100  66517.8  0.28
5120  58228.4  0.24
5140  60638.8  0.24
5160  61758.7  0.24
5180  52162.4  0.22
5200  17875.8  0.08
5220  61442.9  0.24
5240  35858.2  0.14
5260  42099.8  0.18
5280  52724.1  0.22
5300  51555.5  0.2
5320  63552.5  0.24
5340  53524.4  0.22
5360  31974.2  0.14
5380  59802.3  0.24
5400  59679  0.24
5420  43663.2  0.18
5440  71128.9  0.28
5460  22788.8  0.1
5480  23255.7  0.1
5500  60154  0.22
5520  17743.2  0.08
5540  33700.6  0.14
5560  25264.8  0.1
5580  29007  0.12
5600  26791.7  0.1
5620  44753.7  0.16
5640  22296.9  0.08
5660  78683  0.3
5680  43630  0.16
5700  64941.7  0.24
5720  31128.1  0.12
5740  45349.5  0.16
5760  48685.6  0.18
5780  29183.1  0.12
5800  29176.5  0.12
5820  63865.3  0.22
5840  81701.8  0.28
5860  94319.5  0.34
5880  43705  0.16
5900  46748.9  0.16
5920  24256  0.1
5940  46939.4  0.16
5960  29862.5  0.12
5980  19798.6  0.08
6000  19217.2  0.08
6020  27080  0.1
6040  30189  0.12
6060  30206.1  0.1
6080  19029.1  0.08
6100  48086.2  0.16
6120  82838.7  0.28
6140  24509.7  0.08
6160  18436.6  0.06
6180  18561.9  0.06
6200  61342.4  0.2
6220  18588.1  0.06
6240  24840  0.08
6260  79277.4  0.26
6280  60532.8  0.2
6300  49539.2  0.16
6320  18790.7  0.06
6340  54844.7  0.18
6360  101745  0.34
6380  25294.9  0.08
6400  50090.5  0.16
6420  31682.1  0.1
6440  58122.6  0.2
6460  57148.5  0.18
6480  19144.7  0.06
6500  61919.1  0.2
6520  19193.9  0.06
6540  50948.4  0.16
6560  19221.5  0.06
6580  86035.2  0.28
6600  53001.4  0.16
6620  19372.3  0.06
6640  19398.5  0.06
6660  58353.3  0.18
6680  19549.9  0.06
6700  57444.6  0.18
6720  26309.6  0.08
6740  52682.4  0.16
6760  19626.7  0.06
6780  52963.3  0.16
6800  19751.9  0.06
6820  39538.5  0.12
6840  51182.6  0.16
6860  60137.4  0.18
6880  53396.8  0.16
6900  19954.5  0.06
6920  56709.7  0.18
6940  20005.6  0.06
6960  52702.3  0.16
6980  41506.7  0.12
7000  40458  0.12
7020  54524.7  0.16
7040  39346.5  0.12
7060  56826.5  0.18
7080  46572.9  0.14
7100  61986.5  0.18
7120  20359  0.06
7140  27514  0.08
7160  34655.5  0.1
7180  122172  0.36
7200  55807.3  0.16
7220  20561.6  0.06
7240  34959.6  0.1
7260  41765  0.12
7280  20738  0.06
7300  45042.1  0.14
7320  20765.6  0.06
7340  35557.6  0.1
7360  20815.4  0.06
7380  61717.3  0.18
7400  42595.4  0.12
7420  42639.9  0.12
7440  20993.7  0.06
7460  89459.4  0.24
7480  21119.6  0.06
7500  43019  0.12
7520  43063.5  0.12
7540  21169.4  0.06
7560  120207  0.32
7580  60676  0.18
7600  21347.1  0.06
7620  21372  0.06
7640  58941.3  0.16
7660  76515.5  0.2
7680  68703.9  0.18
7700  84448.9  0.22
7720  66681.9  0.18
7740  29327.3  0.08
7760  108568  0.28
7780  70259  0.18
7800  60106.1  0.16
7820  46508.2  0.12
7840  29529.9  0.08
7860  60719.8  0.16
7880  21904.4  0.06
7900  21930  0.06
7920  47976.4  0.14
7940  21979.9  0.06
7960  59421.1  0.16
7980  53085.5  0.14
8000  72410.6  0.2
8020  53283.5  0.14
8040  61533.8  0.16
8060  45562.9  0.12
8080  61819.3  0.16
8100  57934.8  0.16
8120  22360.8  0.06
8140  22360.8  0.06
8160  41790.3  0.12
8180  96688.2  0.24
8200  63040.6  0.16
8220  46599.3  0.12
8240  116904  0.3
8260  46651.2  0.12
8280  64766.2  0.16
8300  83057.7  0.22
8320  46976.7  0.12
8340  63898.3  0.16
8360  55446.3  0.14
8380  22891.9  0.06
8400  48624.8  0.12
8420  31647.8  0.08
8440  47517.5  0.12
8460  47718  0.12
8480  48852.4  0.12
8500  76649.4  0.2
8520  23145.6  0.06
8540  65271.7  0.16
8560  111521  0.26
8580  48509.8  0.12
8600  39674.3  0.1
8620  66904.7  0.16
8640  39936.9  0.1
8660  82021.4  0.2
8680  48761.6  0.12
8700  41360.6  0.1
8720  65066.6  0.16
8740  23550.8  0.06
8760  49227.9  0.12
8780  23700.3  0.06
8800  65620.1  0.16
8820  49654.4  0.12
8840  96277  0.22
8860  52678.9  0.12
8880  49803.9  0.12
8900  87748.2  0.2
8920  23929.8  0.06
8940  41164.5  0.1
8960  33089.2  0.08
8980  50251  0.12
9000  72973  0.18
9020  50501.6  0.12
9040  85539.8  0.2
9060  89945.8  0.2
9080  64032.4  0.16
9100  68589.9  0.16
9120  33747.8  0.08
9140  109684  0.26
9160  73441.2  0.18
9180  41928.4  0.1
9200  33077.9  0.08
9220  54488.9  0.12
9240  71199.4  0.16
9260  34281.5  0.08
9280  46432.8  0.1
9300  51630.8  0.12
9320  43244.9  0.1
9340  99427.2  0.22
9360  50843.3  0.12
9380  65742.8  0.14
9400  72444  0.16
9420  47061.6  0.1
9440  52725.5  0.12
9460  80581.5  0.18
9480  55869.2  0.12
9500  84305.4  0.18
9520  33959.8  0.08
9540  64467.5  0.14
9560  72347.7  0.16
9580  72487.8  0.16
9600  72541.6  0.16
9620  84724.2  0.18
9640  53464.5  0.12
9660  25347.3  0.06
9680  111309  0.24
9700  62189.9  0.14
9720  65807.2  0.14
9740  73901.3  0.16
9760  34687.7  0.08
9780  45372.4  0.1
9800  38827.7  0.08
9820  25702.7  0.06
9840  55348  0.12
9860  25752.5  0.06
9880  58759.4  0.12
9900  97493  0.2
9920  74843.8  0.16
9940  53698.1  0.12
9960  117556  0.24
9980  59157.4  0.12
10000  64180.4  0.14
10020  79125.3  0.16
10040  46072.7  0.1
10060  78726.8  0.16
10080  79063.8  0.16
10100  97133.4  0.2
10120  45903.6  0.1
10140  78229.2  0.16
10160  38788.5  0.08
10180  79593.9  0.16
10200  56608.5  0.12
10220  56655.3  0.12
10240  56719.9  0.12
10260  56766.7  0.12
10280  93035  0.2
10300  36986.6  0.08
10320  81422.9  0.16
10340  57145.7  0.12
10360  57156.5  0.12
10380  61005.8  0.12
10400  61123.2  0.12
10420  57398.3  0.12
10440  37214.7  0.08
10460  71077.1  0.14
10480  51146  0.1
10500  72052.9  0.14
10520  93436.7  0.18
10540  79413.8  0.16
10560  79581.3  0.16
10580  79601.8  0.16
10600  68619.7  0.14
10620  79795.7  0.16
10640  61488.7  0.12
10660  51854.3  0.1
10680  58949.4  0.12
10700  27473  0.06
10720  27499.2  0.06
10740  61756.8  0.12
10760  62891.8  0.12
10780  84465.7  0.16
10800  27675.6  0.06
10820  81122.6  0.16
10840  84745.7  0.16
10860  62133.7  0.12
10880  27753  0.06
10900  62335.6  0.12
10920  47704.6  0.1
10940  73885.6  0.14
10960  82352  0.16
10980  82426  0.16
11000  82546.9  0.16
11020  70852  0.14
11040  60652.4  0.12
11060  121947  0.24
11080  53464.5  0.1
11100  86099  0.16
11120  87039.3  0.16
11140  71517.3  0.14
11160  83556.7  0.16
11180  39425  0.08
11200  65084.6  0.12
11220  42835.6  0.08
11240  39602.1  0.08
11260  98076.1  0.18
11280  50810.2  0.1
11300  84304.1  0.16
11320  51484.1  0.1
11340  60756.1  0.12
11360  87987.3  0.16
11380  63193.9  0.12
11400  66331.4  0.12
11420  66273.9  0.12
11440  39754.9  0.08
11460  88605.9  0.16
11480  85777.5  0.16
11500  66804.4  0.12
11520  63052.4  0.12
11540  76384.9  0.14
11560  63137.1  0.12
11580  63248  0.12
11600  78499.6  0.14
11620  86836  0.16
11640  67148.5  0.12
11660  67193  0.12
11680  132371  0.24
11700  67776.2  0.12
11720  78608.5  0.14
11740  91490  0.16
11760  100417  0.18
11780  68025.3  0.12
11800  44533.6  0.08
11820  29676.7  0.06
11840  44597.5  0.08
11860  64777.2  0.12
11880  80544.2  0.14
11900  65029  0.12
11920  68056.9  0.12
11940  65028.1  0.12
11960  68808.7  0.12
11980  29931.1  0.06
12000  65370.2  0.12
12020  81618.5  0.14
12040  30081.9  0.06
12060  30108.1  0.06
12080  93579.6  0.16
12100  91899.8  0.16
12120  30259.6  0.06
12140  70745.8  0.12
12160  54658.8  0.1
12180  54027.5  0.1
12200  85485.7  0.16
12220  30462.2  0.06
12240  66731.8  0.12
12260  45175.3  0.08
12280  81728.6  0.14
12300  90281  0.16
12320  70531.5  0.12
12340  58413.2  0.1
12360  90561.6  0.16
12380  115416  0.2
12400  57936.8  0.1
12420  71824.2  0.12
12440  107843  0.18
12460  72093.7  0.12
12480  69881.4  0.12
12500  71755.6  0.12
12520  72645.4  0.12
12540  83136.1  0.14
12560  92117.1  0.16
12580  43152.5  0.08
12600  93840.3  0.16
12620  58059.4  0.1
12640  73121.3  0.12
12660  110533  0.18
12680  73263.2  0.12
12700  73390.8  0.12
12720  47166.6  0.08
12740  31475.2  0.06
12760  81792.2  0.14
12780  84788.1  0.14
12800  111894  0.18
12820  110848  0.18
12840  74020.7  0.12
12860  69485.4  0.12
12880  112166  0.18
12900  56584.4  0.1
12920  86757.2  0.14
12940  56223  0.1
12960  125834  0.2
12980  31906  0.06
13000  73864  0.12
13020  57379.5  0.1
13040  113671  0.18
13060  61090.6  0.1
13080  69551.7  0.12
13100  109056  0.18
13120  114511  0.18
13140  70173.9  0.12
13160  58005.2  0.1
13180  110602  0.18
13200  71262  0.12
13220  71305.3  0.12
13240  32462  0.06
13260  74795.9  0.12
13280  102235  0.16
13300  70579.1  0.12
13320  32639.6  0.06
13340  32664.6  0.06
13360  59473.6  0.1
13380  62681.7  0.1
13400  75947.6  0.12
13420  43294.9  0.08
13440  49213.5  0.08
13460  77112.6  0.12
13480  103134  0.16
13500  62731.5  0.1
13520  71699.4  0.12
13540  139115  0.22
13560  60005.9  0.1
13580  76325.2  0.12
13600  217578  0.34
13620  73365.7  0.12
13640  72378.3  0.12
13660  87326.4  0.14
13680  49896.6  0.08
13700  77094.4  0.12
13720  77489.2  0.12
13740  91839.3  0.14
13760  45953.2  0.08
13780  78182.7  0.12
13800  59298.1  0.1
13820  78339.7  0.12
13840  90403.1  0.14
13860  79279.4  0.12
13880  78540.4  0.12
13900  33804.1  0.06
13920  50645.8  0.08
13940  79459.6  0.12
13960  167610  0.26
13980  73928.5  0.12
14000  149227  0.22
14020  93255.3  0.14
14040  34032.3  0.06
14060  135623  0.2
14080  89701.2  0.14
14100  93880.8  0.14
14120  136557  0.2
14140  142026  0.22
14160  122312  0.18
14180  80809.2  0.12
14200  108815  0.16
14220  81052.5  0.12
14240  81079.8  0.12
14260  93202.2  0.14
14280  51604.8  0.08
14300  77776.4  0.12
14320  48346.3  0.08
14340  81529.5  0.12
14360  81528.4  0.12
14380  80458.5  0.12
14400  61645.5  0.1
14420  124318  0.18
14440  81979.2  0.12
14460  95840.9  0.14
14480  63293.2  0.1
14500  165959  0.24
14520  52389.4  0.08
14540  49673.2  0.08
14560  82825.6  0.12
14580  92712.3  0.14
14600  114330  0.16
14620  93006  0.14
14640  140902  0.2
14660  141000  0.2
14680  75522.4  0.12
14700  50026  0.08
14720  67330.9  0.1
14740  79699  0.12
14760  138824  0.2
14780  61417.5  0.1
14800  83851.4  0.12
14820  83877.7  0.12
14840  108742  0.16
14860  97344.7  0.14
14880  48686.9  0.08
14900  54560.5  0.08
14920  104734  0.16
14940  84749.1  0.12
14960  84746.8  0.12
14980  84776.5  0.12
