100  4200
101  4242
102  4284
103  4326
104  4368
105  4410
106  4452
107  4494
108  4536
109  4578
110  4620
111  4662
112  4704
113  4746
114  4788
115  4830
116  4872
117  4914
118  4956
119  4998
120  5040
121  4598
122  4636
123  4674
124  4712
125  4750
126  4536
127  4572
128  4608
129  4644
130  4680
131  4716
132  4752
133  4788
134  4824
135  4860
136  4896
137  4932
138  4968
139  5004
140  5040
141  5076
142  5112
143  5148
144  5184
145  5220
146  5256
147  5292
148  5328
149  5364
150  5400
151  5436
152  5472
153  5508
154  5544
155  5425
156  5460
157  5495
158  5530
159  5565
160  5600
161  5635
162  5346
163  5379
164  5412
165  5445
166  5478
167  5511
168  5544
169  5577
170  5610
171  5643
172  5676
173  5709
174  5742
175  5775
176  5808
177  5841
178  5874
179  5907
180  5940
181  5973
182  6006
183  6039
184  6072
185  6105
186  6138
187  6171
188  6204
189  6237
190  6270
191  6303
192  6336
193  6369
194  6402
195  6435
196  6468
197  6107
198  6138
199  6169
200  6200
201  6231
202  6262
203  6293
204  6324
205  6355
206  6386
207  6417
208  6448
209  6479
210  6510
211  6541
212  6572
213  6603
214  6634
215  6665
216  6264
217  6293
218  5886
219  5913
220  5940
221  5967
222  5994
223  6021
224  6048
225  6075
226  6102
227  6129
228  6156
229  6183
230  6210
231  6237
232  6264
233  6291
234  6318
235  6345
236  6372
237  6399
238  6426
239  6453
240  6480
241  6507
242  6534
243  6561
244  6588
245  6615
246  6642
247  6669
248  6696
249  6723
250  6750
251  6777
252  6804
253  6831
254  6858
255  6885
256  6912
257  6168
258  6192
259  6216
260  6240
261  6264
262  6288
263  6312
264  6336
265  6360
266  6384
267  6408
268  5896
269  5918
270  5940
271  5962
272  5984
273  6006
274  6028
275  6050
276  6072
277  6094
278  6116
279  6138
280  6160
281  6182
282  6204
283  6226
284  6248
285  6270
286  6292
287  6314
288  6336
289  6358
290  6380
291  6402
292  6424
293  6446
294  6468
295  6490
296  6512
297  6534
298  6556
299  6578
300  6600
301  6622
302  6644
303  6666
304  6688
305  6710
306  6732
307  6754
308  6776
309  6798
310  6820
311  6842
312  6864
313  6886
314  6908
315  6930
316  6952
317  6974
318  6996
319  7018
320  7040
321  7062
322  7084
323  7106
324  7128
325  7150
326  7172
327  7194
328  7216
329  7238
330  7260
331  7282
332  7304
333  6993
334  7014
335  7035
336  7056
337  7077
338  7098
339  7119
340  7140
341  7161
342  7182
343  7203
344  7224
345  7245
346  7266
347  7287
348  7308
349  7329
350  7350
351  7020
352  7040
353  7060
354  7080
355  7100
356  7120
357  7140
358  7160
359  7180
360  7200
361  7220
362  7240
363  7260
364  7280
365  7300
366  7320
367  7340
368  7360
369  7380
370  7400
371  7420
372  7440
373  7460
374  7480
375  7500
376  7520
377  7540
378  7560
379  7580
380  7600
381  7620
382  7640
383  7660
384  7680
385  7700
386  7720
387  7740
388  7760
389  7780
390  7800
391  7820
392  7840
393  7860
394  7880
395  7900
396  7920
397  7940
398  7960
399  7980
400  8000
401  8020
402  8040
403  8060
404  8080
405  8100
406  8120
407  8140
408  8160
409  8180
410  8200
411  8220
412  8240
413  8260
414  8280
415  8300
416  8320
417  8340
418  8360
419  8380
420  8400
421  8420
422  8440
423  8460
424  8480
425  8500
426  8520
427  8540
428  8560
429  8580
430  8600
431  8620
432  8640
433  8660
434  8680
435  8700
436  8720
437  8740
438  8760
439  8780
440  8800
441  8820
442  8840
443  8860
444  8880
445  8900
446  8920
447  8940
448  8960
449  8980
450  9000
451  9020
452  9040
453  9060
454  9080
455  9100
456  9120
457  9140
458  9160
459  9180
460  9200
461  9220
462  9240
463  9260
464  9280
465  9300
466  9320
467  9340
468  9360
469  9380
470  9400
471  9420
472  9440
473  9460
474  9480
475  9500
476  9520
477  9540
478  9560
479  9580
480  9600
481  9620
482  9640
483  9660
484  9680
485  9700
486  9720
487  9740
488  9760
489  9780
490  9800
491  9820
492  9840
493  9860
494  9880
495  9900
496  9920
497  9940
498  9960
499  9481
500  9500
501  9519
502  9538
503  9557
504  9576
505  9595
506  9614
507  9633
508  9652
509  9671
510  9690
511  9709
512  9728
513  9747
514  9766
515  9785
516  9804
517  9823
518  9842
519  9861
520  9880
521  9899
522  9918
523  9937
524  9956
525  9975
526  9994
527  10013
528  10032
529  9522
530  9540
531  9558
532  9576
533  9594
534  9612
535  9630
536  9648
537  9666
538  9684
539  9702
540  9720
541  9738
542  9756
543  9774
544  9792
545  9810
546  9828
547  9846
548  9864
549  9882
550  9900
551  9918
552  9936
553  9954
554  9972
555  9990
556  10008
557  10026
558  10044
559  10062
560  10080
561  10098
562  10116
563  10134
564  10152
565  10170
566  10188
567  10206
568  10224
569  10242
570  10260
571  10278
572  10296
573  10314
574  10332
575  10350
576  10368
577  10386
578  10404
579  10422
580  10440
581  10458
582  10476
583  10494
584  10512
585  10530
586  10548
587  10566
588  10584
589  10602
590  10620
591  10638
592  10656
593  10674
594  10692
595  10710
596  10728
597  10746
598  10764
599  10782
600  10800
601  10818
602  10836
603  10854
604  10872
605  10890
606  10908
607  10926
608  10944
609  10962
610  10980
611  10998
612  11016
613  11034
614  11052
615  11070
616  11088
617  11106
618  11124
619  11142
620  11160
621  11178
622  11196
623  11214
624  11232
625  11250
626  11268
627  11286
628  11304
629  11322
630  11340
631  11358
632  11376
633  11394
634  11412
635  11430
636  11448
637  11466
638  11484
639  11502
640  11520
641  11538
642  11556
643  11574
644  11592
645  11610
646  11628
647  11646
648  11664
649  11682
650  11700
651  11718
652  11736
653  11754
654  11772
655  11790
656  11808
657  11826
658  11844
659  11862
660  11880
661  11898
662  11916
663  11934
664  11952
665  11970
666  11988
667  12006
668  12024
669  12042
670  12060
671  12078
672  12096
673  12114
674  12132
675  12150
676  12168
677  12186
678  12204
679  12222
680  12240
681  12258
682  12276
683  12294
684  12312
685  12330
686  12348
687  12366
688  12384
689  12402
690  12420
691  12438
692  12456
693  12474
694  12492
695  12510
696  12528
697  12546
698  12564
699  12582
700  12600
701  12618
702  12636
703  12654
704  12672
705  12690
706  12708
707  12726
708  12744
709  12762
710  12780
711  12798
712  12816
713  12834
714  12852
715  12870
716  12888
717  12906
718  12924
719  12942
720  12960
721  12978
722  12996
723  13014
724  13032
725  13050
726  13068
727  13086
728  13104
729  13122
730  13140
731  13158
732  13176
733  13194
734  13212
735  13230
736  13248
737  13266
738  13284
739  13302
740  13320
741  13338
742  13356
743  13374
744  13392
745  13410
746  13428
747  13446
748  13464
749  13482
750  13500
751  13518
752  13536
753  13554
754  13572
755  13590
756  13608
757  13626
758  13644
759  13662
760  13680
761  13698
762  13716
763  13734
764  13752
765  13770
766  13788
767  13806
768  13824
769  13842
770  13860
771  13878
772  13896
773  13914
774  13932
775  13950
776  13968
777  13986
778  14004
779  14022
780  14040
781  14058
782  14076
783  14094
784  14112
785  14130
786  14148
787  14166
788  14184
789  14202
790  13430
791  13447
792  13464
793  13481
794  13498
795  13515
796  13532
797  13549
798  13566
799  13583
800  13600
801  13617
802  13634
803  13651
804  13668
805  13685
806  13702
807  13719
808  13736
809  13753
810  13770
811  13787
812  13804
813  13821
814  13838
815  13855
816  13872
817  13889
818  13906
819  13923
820  13940
821  13957
822  13974
823  13991
824  14008
825  14025
826  14042
827  14059
828  14076
829  14093
830  14110
831  14127
832  14144
833  14161
834  14178
835  14195
836  14212
837  14229
838  14246
839  14263
840  14280
841  14297
842  14314
843  14331
844  14348
845  14365
846  14382
847  14399
848  14416
849  14433
850  14450
851  14467
852  14484
853  14501
854  14518
855  14535
856  14552
857  14569
858  14586
859  14603
860  14620
861  14637
862  14654
863  14671
864  14688
865  14705
866  14722
867  14739
868  14756
869  14773
870  14790
871  14807
872  14824
873  14841
874  14858
875  14875
876  14892
877  14909
878  14926
879  14943
880  14960
881  14977
882  14994
883  15011
884  15028
885  15045
886  15062
887  15079
888  15096
889  15113
890  15130
891  15147
892  15164
893  15181
894  15198
895  15215
896  15232
897  15249
898  15266
899  15283
900  15300
901  15317
902  15334
903  15351
904  15368
905  15385
906  15402
907  15419
908  15436
909  15453
910  15470
911  15487
912  15504
913  15521
914  15538
915  15555
916  15572
917  15589
918  15606
919  15623
920  15640
921  15657
922  15674
923  15691
924  15708
925  15725
926  15742
927  15759
928  15776
929  15793
930  15810
931  15827
932  15844
933  15861
934  15878
935  15895
936  15912
937  15929
938  15946
939  15963
940  15980
941  15997
942  16014
943  16031
944  16048
945  16065
946  16082
947  16099
948  16116
949  16133
950  16150
951  16167
952  16184
953  16201
954  16218
955  16235
956  16252
957  16269
958  16286
959  16303
960  16320
961  16337
962  16354
963  16371
964  16388
965  16405
966  16422
967  16439
968  16456
969  16473
970  16490
971  16507
972  16524
973  16541
974  16558
975  16575
976  16592
977  16609
978  16626
979  16643
980  16660
981  16677
982  16694
983  16711
984  16728
985  16745
986  16762
987  16779
988  16796
989  16813
990  16830
991  16847
992  16864
993  16881
994  16898
995  16915
996  16932
997  16949
998  16966
999  16983
1000  17000
1001  17017
1002  17034
1003  17051
1004  17068
1005  17085
1006  17102
1007  17119
1008  17136
1009  17153
1010  17170
1011  17187
1012  17204
1013  17221
1014  17238
1015  17255
1016  17272
1017  17289
1018  17306
1019  17323
1020  17340
1021  17357
1022  17374
1023  17391
1024  17408
1025  17425
1026  17442
1027  17459
1028  17476
1029  17493
1030  17510
1031  17527
1032  17544
1033  17561
1034  17578
1035  17595
1036  16576
1037  16592
1038  16608
1039  16624
1040  16640
1041  16656
1042  16672
1043  16688
1044  16704
1045  16720
1046  16736
1047  16752
1048  16768
1049  16784
1050  16800
1051  16816
1052  16832
1053  16848
1054  16864
1055  16880
1056  16896
1057  16912
1058  16928
1059  16944
1060  16960
1061  16976
1062  16992
1063  17008
1064  17024
1065  17040
1066  17056
1067  17072
1068  17088
1069  17104
1070  17120
1071  17136
1072  17152
1073  17168
1074  17184
1075  17200
1076  17216
1077  17232
1078  17248
1079  17264
1080  17280
1081  17296
1082  17312
1083  17328
1084  17344
1085  17360
1086  17376
1087  17392
1088  17408
1089  17424
1090  17440
1091  17456
1092  17472
1093  17488
1094  17504
1095  17520
1096  17536
1097  17552
1098  17568
1099  17584
1100  17600
1101  17616
1102  17632
1103  17648
1104  17664
1105  17680
1106  17696
1107  17712
1108  17728
1109  17744
1110  17760
1111  17776
1112  17792
1113  17808
1114  17824
1115  17840
1116  17856
1117  17872
1118  17888
1119  17904
1120  17920
1121  17936
1122  17952
1123  17968
1124  17984
1125  18000
1126  18016
1127  18032
1128  18048
1129  18064
1130  18080
1131  18096
1132  18112
1133  18128
1134  18144
1135  18160
1136  18176
1137  18192
1138  18208
1139  18224
1140  18240
1141  18256
1142  18272
1143  18288
1144  18304
1145  18320
1146  17190
1147  17205
1148  17220
1149  17235
1150  17250
1151  17265
1152  17280
1153  17295
1154  17310
1155  17325
1156  17340
1157  17355
1158  17370
1159  17385
1160  17400
1161  17415
1162  17430
1163  17445
1164  17460
1165  17475
1166  17490
1167  17505
1168  17520
1169  17535
1170  17550
1171  17565
1172  17580
1173  17595
1174  17610
1175  17625
1176  17640
1177  17655
1178  17670
1179  17685
1180  17700
1181  17715
1182  17730
1183  17745
1184  17760
1185  17775
1186  17790
1187  17805
1188  17820
1189  17835
1190  17850
1191  17865
1192  17880
1193  17895
1194  17910
1195  17925
1196  17940
1197  17955
1198  17970
1199  17985
1200  18000
1201  18015
1202  18030
1203  18045
1204  18060
1205  18075
1206  18090
1207  18105
1208  18120
1209  18135
1210  18150
1211  18165
1212  18180
1213  18195
1214  18210
1215  18225
1216  18240
1217  18255
1218  18270
1219  18285
1220  18300
1221  18315
1222  18330
1223  18345
1224  18360
1225  18375
1226  18390
1227  18405
1228  18420
1229  18435
1230  18450
1231  18465
1232  18480
1233  18495
1234  18510
1235  18525
1236  18540
1237  18555
1238  18570
1239  18585
1240  18600
1241  18615
1242  18630
1243  18645
1244  18660
1245  18675
1246  17444
1247  17458
1248  17472
1249  17486
1250  17500
1251  17514
1252  17528
1253  17542
1254  17556
1255  17570
1256  17584
1257  17598
1258  17612
1259  17626
1260  17640
1261  17654
1262  17668
1263  17682
1264  17696
1265  17710
1266  17724
1267  17738
1268  17752
1269  17766
1270  17780
1271  17794
1272  17808
1273  16549
1274  16562
1275  16575
1276  16588
1277  16601
1278  16614
1279  16627
1280  16640
1281  16653
1282  16666
1283  16679
1284  16692
1285  16705
1286  16718
1287  16731
1288  16744
1289  16757
1290  16770
1291  16783
1292  16796
1293  16809
1294  16822
1295  16835
1296  16848
1297  16861
1298  16874
1299  16887
1300  16900
1301  16913
1302  16926
1303  16939
1304  16952
1305  16965
1306  16978
1307  16991
1308  17004
1309  17017
1310  17030
1311  17043
1312  17056
1313  17069
1314  17082
1315  17095
1316  17108
1317  17121
1318  17134
1319  17147
1320  17160
1321  17173
1322  17186
1323  17199
1324  17212
1325  17225
1326  17238
1327  17251
1328  17264
1329  17277
1330  17290
1331  17303
1332  17316
1333  17329
1334  17342
1335  17355
1336  17368
1337  17381
1338  17394
1339  17407
1340  17420
1341  17433
1342  17446
1343  17459
1344  17472
1345  17485
1346  17498
1347  17511
1348  17524
1349  17537
1350  17550
1351  17563
1352  16224
1353  16236
1354  16248
1355  16260
1356  16272
1357  16284
1358  16296
1359  16308
1360  16320
1361  16332
1362  14982
1363  14993
1364  15004
1365  15015
1366  15026
1367  15037
1368  15048
1369  15059
1370  15070
1371  15081
1372  15092
1373  15103
1374  15114
1375  15125
1376  15136
1377  15147
1378  15158
1379  15169
1380  15180
1381  15191
1382  15202
1383  15213
1384  12456
1385  12465
1386  12474
1387  12483
1388  12492
1389  12501
1390  12510
1391  12519
1392  12528
1393  12537
1394  12546
1395  12555
1396  12564
1397  12573
1398  12582
1399  12591
1400  12600
1401  12609
1402  12618
1403  12627
1404  12636
1405  12645
1406  12654
1407  12663
1408  12672
1409  12681
1410  12690
1411  12699
1412  12708
1413  12717
1414  12726
1415  12735
1416  12744
1417  12753
1418  12762
1419  12771
1420  12780
1421  12789
1422  12798
1423  12807
1424  12816
1425  12825
1426  12834
1427  12843
1428  12852
1429  12861
1430  12870
1431  12879
1432  12888
1433  12897
1434  12906
1435  12915
1436  12924
1437  12933
1438  12942
1439  12951
1440  12960
1441  12969
1442  12978
1443  12987
1444  12996
1445  13005
1446  13014
1447  13023
1448  13032
1449  13041
1450  13050
1451  13059
1452  13068
1453  13077
1454  13086
1455  13095
1456  13104
1457  13113
1458  13122
1459  13131
1460  13140
1461  13149
1462  13158
1463  13167
1464  13176
1465  13185
1466  13194
1467  13203
1468  13212
1469  13221
1470  13230
1471  13239
1472  13248
1473  13257
1474  11792
1475  11800
1476  11808
1477  11816
1478  11824
1479  11832
1480  11840
1481  11848
1482  11856
1483  11864
1484  11872
1485  11880
1486  11888
1487  11896
1488  11904
1489  11912
1490  11920
1491  11928
1492  11936
1493  11944
1494  11952
1495  11960
1496  11968
1497  11976
1498  11984
1499  11992
1500  12000
1501  12008
1502  12016
1503  12024
1504  12032
1505  12040
1506  12048
1507  12056
1508  12064
1509  12072
1510  12080
1511  12088
1512  12096
1513  12104
1514  10598
1515  10605
1516  10612
1517  10619
1518  10626
1519  10633
1520  10640
1521  10647
1522  10654
1523  10661
1524  10668
1525  10675
1526  10682
1527  10689
1528  10696
1529  10703
1530  10710
1531  10717
1532  10724
1533  10731
1534  10738
1535  10745
1536  10752
1537  10759
1538  10766
1539  10773
1540  10780
1541  10787
1542  10794
1543  10801
1544  10808
1545  10815
1546  10822
1547  10829
1548  10836
1549  10843
1550  10850
1551  10857
1552  10864
1553  10871
1554  10878
1555  10885
1556  10892
1557  10899
1558  10906
1559  10913
1560  10920
1561  10927
1562  10934
1563  10941
1564  10948
1565  10955
1566  10962
1567  10969
1568  10976
1569  10983
1570  10990
1571  10997
1572  11004
1573  11011
1574  11018
1575  11025
1576  11032
1577  11039
1578  11046
1579  11053
1580  11060
1581  11067
1582  11074
1583  11081
1584  11088
1585  11095
1586  11102
1587  11109
1588  11116
1589  11123
1590  9540
1591  9546
1592  9552
1593  9558
1594  9564
1595  9570
1596  9576
1597  9582
1598  9588
1599  9594
1600  9600
1601  9606
1602  9612
1603  9618
1604  9624
1605  9630
1606  9636
1607  9642
1608  9648
1609  9654
1610  9660
1611  9666
1612  9672
1613  9678
1614  9684
1615  9690
1616  9696
1617  9702
1618  9708
1619  9714
1620  9720
1621  9726
1622  9732
1623  9738
1624  9744
1625  9750
1626  9756
1627  9762
1628  9768
1629  9774
1630  9780
1631  9786
1632  9792
1633  9798
1634  9804
1635  9810
1636  9816
1637  9822
1638  9828
1639  9834
1640  9840
1641  9846
1642  9852
1643  9858
1644  9864
1645  9870
1646  9876
1647  9882
1648  9888
1649  9894
1650  9900
1651  9906
1652  9912
1653  9918
1654  9924
1655  9930
1656  9936
1657  9942
1658  9948
1659  9954
1660  9960
1661  9966
1662  9972
1663  9978
1664  9984
1665  9990
1666  9996
1667  10002
1668  10008
1669  10014
1670  10020
1671  10026
1672  10032
1673  10038
1674  8370
1675  8375
1676  8380
1677  8385
1678  8390
1679  8395
1680  8400
1681  8405
1682  8410
1683  8415
1684  8420
1685  8425
1686  8430
1687  8435
1688  8440
1689  8445
1690  8450
1691  8455
1692  8460
1693  8465
1694  8470
1695  8475
1696  8480
1697  8485
1698  8490
1699  8495
1700  8500
1701  8505
1702  8510
1703  8515
1704  8520
1705  8525
1706  8530
1707  8535
1708  8540
1709  8545
1710  8550
1711  8555
1712  8560
1713  8565
1714  8570
1715  8575
1716  8580
1717  8585
1718  8590
1719  8595
1720  8600
1721  8605
1722  8610
1723  8615
1724  8620
1725  8625
1726  8630
1727  8635
1728  8640
1729  8645
1730  8650
1731  8655
1732  8660
1733  8665
1734  8670
1735  8675
1736  8680
1737  8685
1738  8690
1739  8695
1740  8700
1741  8705
1742  8710
1743  8715
1744  8720
1745  8725
1746  8730
1747  8735
1748  8740
1749  8745
1750  8750
1751  8755
1752  8760
1753  8765
1754  8770
1755  8775
1756  8780
1757  8785
1758  8790
1759  8795
1760  8800
1761  8805
1762  8810
1763  8815
1764  8820
1765  8825
1766  8830
1767  8835
1768  8840
1769  8845
1770  8850
1771  8855
1772  8860
1773  8865
1774  8870
1775  8875
1776  8880
1777  8885
1778  8890
1779  8895
1780  8900
1781  8905
1782  8910
1783  8915
1784  8920
1785  8925
1786  8930
1787  8935
1788  8940
1789  8945
1790  8950
1791  8955
1792  8960
1793  8965
1794  8970
1795  8975
1796  8980
1797  8985
1798  8990
1799  8995
1800  9000
1801  9005
1802  9010
1803  9015
1804  9020
1805  9025
1806  9030
1807  9035
1808  9040
1809  9045
1810  9050
1811  9055
1812  9060
1813  9065
1814  9070
1815  9075
1816  9080
1817  9085
1818  9090
1819  9095
1820  9100
1821  9105
1822  9110
1823  9115
1824  9120
1825  9125
1826  9130
1827  9135
1828  9140
1829  9145
1830  9150
1831  9155
1832  9160
1833  9165
1834  9170
1835  9175
1836  9180
1837  9185
1838  9190
1839  9195
1840  9200
1841  9205
1842  9210
1843  9215
1844  9220
1845  9225
1846  9230
1847  9235
1848  9240
1849  9245
1850  9250
1851  9255
1852  9260
1853  9265
1854  9270
1855  9275
1856  9280
1857  9285
1858  9290
1859  9295
1860  9300
1861  9305
1862  9310
1863  9315
1864  9320
1865  9325
1866  9330
1867  9335
1868  9340
1869  9345
1870  9350
1871  9355
1872  9360
1873  9365
1874  9370
1875  9375
1876  9380
1877  9385
1878  9390
1879  9395
1880  9400
1881  9405
1882  9410
1883  9415
1884  9420
1885  9425
1886  9430
1887  9435
1888  9440
1889  9445
1890  9450
1891  9455
1892  9460
1893  9465
1894  9470
1895  9475
1896  9480
1897  9485
1898  9490
1899  9495
1900  9500
1901  9505
1902  9510
1903  9515
1904  9520
1905  9525
1906  9530
1907  9535
1908  9540
1909  7636
1910  7640
1911  7644
1912  7648
1913  7652
1914  7656
1915  7660
1916  7664
1917  7668
1918  7672
1919  7676
1920  7680
1921  7684
1922  7688
1923  7692
1924  7696
1925  7700
1926  7704
1927  7708
1928  7712
1929  7716
1930  7720
1931  7724
1932  7728
1933  7732
1934  7736
1935  5805
1936  5808
1937  5811
1938  5814
1939  5817
1940  5820
1941  5823
1942  5826
1943  5829
1944  5832
1945  5835
1946  5838
1947  5841
1948  5844
1949  5847
1950  5850
1951  5853
1952  5856
1953  5859
1954  5862
1955  5865
1956  5868
1957  5871
1958  5874
1959  5877
1960  5880
1961  5883
1962  5886
1963  5889
1964  5892
1965  5895
1966  5898
1967  5901
1968  5904
1969  5907
1970  5910
1971  5913
1972  5916
1973  5919
1974  5922
1975  5925
1976  5928
1977  5931
1978  5934
1979  5937
1980  5940
1981  5943
1982  5946
1983  5949
1984  5952
1985  5955
1986  5958
1987  5961
1988  5964
1989  5967
1990  5970
1991  5973
1992  5976
1993  5979
1994  5982
1995  5985
1996  5988
1997  5991
1998  5994
1999  5997
2000  6000
2001  6003
2002  6006
2003  6009
2004  6012
2005  6015
2006  6018
2007  6021
2008  6024
2009  6027
2010  6030
2011  6033
2012  6036
2013  6039
2014  6042
2015  6045
2016  6048
2017  6051
2018  6054
2019  6057
2020  6060
2021  6063
2022  6066
2023  6069
2024  6072
2025  6075
2026  6078
2027  6081
2028  6084
2029  6087
2030  6090
2031  6093
2032  6096
2033  6099
2034  6102
2035  6105
2036  6108
2037  6111
2038  6114
2039  6117
2040  6120
2041  6123
2042  6126
2043  6129
2044  6132
2045  6135
2046  6138
2047  6141
2048  6144
2049  6147
2050  6150
2051  6153
2052  6156
2053  6159
2054  6162
2055  6165
2056  6168
2057  6171
2058  6174
2059  6177
2060  6180
2061  6183
2062  6186
2063  6189
2064  6192
2065  6195
2066  6198
2067  6201
2068  6204
2069  6207
2070  6210
2071  6213
2072  6216
2073  6219
2074  6222
2075  6225
2076  6228
2077  6231
2078  6234
2079  6237
2080  6240
2081  6243
2082  6246
2083  6249
2084  6252
2085  6255
2086  6258
2087  6261
2088  6264
2089  6267
2090  6270
2091  6273
2092  6276
2093  6279
2094  6282
2095  6285
2096  6288
2097  6291
2098  6294
2099  6297
2100  6300
2101  6303
2102  6306
2103  6309
2104  6312
2105  6315
2106  6318
2107  6321
2108  6324
2109  6327
2110  6330
2111  6333
2112  6336
2113  6339
2114  6342
2115  6345
2116  6348
2117  6351
2118  6354
2119  6357
2120  6360
2121  6363
2122  6366
2123  6369
2124  6372
2125  6375
2126  6378
2127  6381
2128  6384
2129  6387
2130  6390
2131  6393
2132  6396
2133  6399
2134  6402
2135  6405
2136  6408
2137  6411
2138  6414
2139  6417
2140  6420
2141  6423
2142  6426
2143  6429
2144  6432
2145  6435
2146  6438
2147  6441
2148  6444
2149  6447
2150  6450
2151  6453
2152  6456
2153  6459
2154  6462
2155  6465
2156  6468
2157  6471
2158  6474
2159  6477
2160  6480
2161  6483
2162  6486
2163  6489
2164  6492
2165  6495
2166  6498
2167  6501
2168  6504
2169  6507
2170  6510
2171  6513
2172  6516
2173  6519
2174  6522
2175  6525
2176  6528
2177  6531
2178  6534
2179  6537
2180  6540
2181  6543
2182  6546
2183  6549
2184  6552
2185  6555
2186  6558
2187  6561
2188  6564
2189  6567
2190  6570
2191  6573
2192  6576
2193  6579
2194  6582
2195  6585
2196  6588
2197  6591
2198  6594
2199  6597
2200  6600
2201  6603
2202  6606
2203  6609
2204  6612
2205  6615
2206  6618
2207  6621
2208  6624
2209  6627
2210  6630
2211  6633
2212  6636
2213  6639
2214  6642
2215  6645
2216  6648
2217  6651
2218  6654
2219  6657
2220  6660
2221  4442
2222  4444
2223  4446
2224  4448
2225  4450
2226  4452
2227  4454
2228  4456
2229  4458
2230  4460
2231  4462
2232  4464
2233  4466
2234  4468
2235  4470
2236  4472
2237  4474
2238  4476
2239  4478
2240  4480
2241  4482
2242  4484
2243  4486
2244  4488
2245  4490
2246  4492
2247  4494
2248  4496
2249  4498
2250  4500
2251  4502
2252  4504
2253  4506
2254  4508
2255  4510
2256  4512
2257  4514
2258  4516
2259  4518
2260  4520
2261  4522
2262  4524
2263  4526
2264  4528
2265  4530
2266  4532
2267  4534
2268  4536
2269  4538
2270  4540
2271  4542
2272  4544
2273  4546
2274  4548
2275  4550
2276  4552
2277  4554
2278  4556
2279  4558
2280  4560
2281  4562
2282  4564
2283  4566
2284  4568
2285  4570
2286  4572
2287  4574
2288  4576
2289  4578
2290  4580
2291  4582
2292  4584
2293  4586
2294  4588
2295  4590
2296  4592
2297  4594
2298  4596
2299  4598
2300  4600
2301  4602
2302  4604
2303  4606
2304  4608
2305  4610
2306  4612
2307  4614
2308  4616
2309  4618
2310  4620
2311  4622
2312  4624
2313  4626
2314  4628
2315  4630
2316  4632
2317  4634
2318  4636
2319  4638
2320  4640
2321  4642
2322  4644
2323  4646
2324  4648
2325  4650
2326  4652
2327  4654
2328  4656
2329  4658
2330  4660
2331  4662
2332  4664
2333  4666
2334  4668
2335  4670
2336  4672
2337  4674
2338  4676
2339  4678
2340  4680
2341  4682
2342  4684
2343  4686
2344  4688
2345  4690
2346  4692
2347  4694
2348  4696
2349  4698
2350  4700
2351  4702
2352  4704
2353  4706
2354  4708
2355  4710
2356  4712
2357  4714
2358  4716
2359  4718
2360  4720
2361  4722
2362  4724
2363  4726
2364  4728
2365  4730
2366  4732
2367  4734
2368  4736
2369  4738
2370  4740
2371  4742
2372  4744
2373  4746
2374  4748
2375  4750
2376  4752
2377  4754
2378  4756
2379  4758
2380  4760
2381  4762
2382  4764
2383  4766
2384  4768
2385  4770
2386  4772
2387  4774
2388  4776
2389  4778
2390  4780
2391  4782
2392  4784
2393  4786
2394  4788
2395  4790
2396  4792
2397  4794
2398  4796
2399  4798
2400  4800
2401  4802
2402  4804
2403  4806
2404  4808
2405  4810
2406  4812
2407  4814
2408  4816
2409  4818
2410  4820
2411  4822
2412  4824
2413  4826
2414  4828
2415  4830
2416  4832
2417  4834
2418  4836
2419  4838
2420  4840
2421  4842
2422  4844
2423  4846
2424  4848
2425  4850
2426  4852
2427  4854
2428  4856
2429  4858
2430  4860
2431  4862
2432  4864
2433  4866
2434  4868
2435  4870
2436  4872
2437  4874
2438  4876
2439  4878
2440  4880
2441  4882
2442  4884
2443  4886
2444  4888
2445  4890
2446  4892
2447  4894
2448  4896
2449  4898
2450  4900
2451  4902
2452  4904
2453  4906
2454  4908
2455  4910
2456  4912
2457  4914
2458  4916
2459  4918
2460  4920
2461  4922
2462  4924
2463  4926
2464  4928
2465  4930
2466  4932
2467  4934
2468  4936
2469  4938
2470  4940
2471  4942
2472  4944
2473  4946
2474  4948
2475  4950
2476  4952
2477  4954
2478  4956
2479  4958
2480  4960
2481  4962
2482  4964
2483  4966
2484  4968
2485  4970
2486  4972
2487  4974
2488  4976
2489  4978
2490  4980
2491  4982
2492  4984
2493  4986
2494  4988
2495  4990
2496  4992
2497  4994
2498  4996
2499  4998
2500  5000
2501  5002
2502  5004
2503  5006
2504  5008
2505  5010
2506  5012
2507  5014
2508  5016
2509  5018
2510  5020
2511  5022
2512  5024
2513  5026
2514  5028
2515  5030
2516  5032
2517  5034
2518  5036
2519  5038
2520  5040
2521  5042
2522  5044
2523  5046
2524  5048
2525  5050
2526  5052
2527  5054
2528  5056
2529  5058
2530  5060
2531  5062
2532  5064
2533  5066
2534  5068
2535  5070
2536  5072
2537  5074
2538  5076
2539  5078
2540  5080
2541  5082
2542  5084
2543  5086
2544  5088
2545  5090
2546  5092
2547  5094
2548  5096
2549  5098
2550  5100
2551  5102
2552  5104
2553  5106
2554  5108
2555  5110
2556  5112
2557  5114
2558  5116
2559  5118
2560  5120
2561  5122
2562  5124
2563  5126
2564  5128
2565  5130
2566  5132
2567  5134
2568  5136
2569  5138
2570  5140
2571  5142
2572  5144
2573  5146
2574  5148
2575  5150
2576  5152
2577  5154
2578  5156
2579  5158
2580  5160
2581  5162
2582  5164
2583  5166
2584  5168
2585  5170
2586  5172
2587  5174
2588  5176
2589  5178
2590  5180
2591  5182
2592  5184
2593  5186
2594  5188
2595  5190
2596  5192
2597  5194
2598  5196
2599  5198
2600  5200
2601  5202
2602  5204
2603  5206
2604  5208
2605  5210
2606  5212
2607  5214
2608  5216
2609  5218
2610  5220
2611  5222
2612  5224
2613  5226
2614  5228
2615  5230
2616  5232
2617  5234
2618  5236
2619  5238
2620  5240
2621  5242
2622  5244
2623  5246
2624  5248
2625  5250
2626  5252
2627  5254
2628  5256
2629  5258
2630  5260
2631  5262
2632  5264
2633  5266
2634  5268
2635  5270
2636  5272
2637  5274
2638  5276
2639  5278
2640  5280
2641  5282
2642  5284
2643  5286
2644  5288
2645  5290
2646  5292
2647  5294
2648  5296
2649  5298
2650  5300
2651  5302
2652  5304
2653  5306
2654  5308
2655  5310
2656  5312
2657  5314
2658  5316
2659  5318
2660  5320
2661  5322
2662  5324
2663  5326
2664  5328
2665  5330
2666  5332
2667  5334
2668  5336
2669  5338
2670  5340
2671  5342
2672  5344
2673  5346
2674  5348
2675  5350
2676  5352
2677  5354
2678  5356
2679  5358
2680  5360
2681  5362
2682  5364
2683  5366
2684  5368
2685  5370
2686  5372
2687  5374
2688  5376
2689  5378
2690  5380
2691  5382
2692  5384
2693  5386
2694  5388
2695  5390
2696  5392
2697  5394
2698  5396
2699  5398
2700  5400
2701  5402
2702  5404
2703  5406
2704  5408
2705  5410
2706  5412
2707  5414
2708  5416
2709  5418
2710  5420
2711  5422
2712  5424
2713  5426
2714  5428
2715  5430
2716  5432
2717  5434
2718  5436
2719  5438
2720  5440
2721  5442
2722  5444
2723  5446
2724  5448
2725  5450
2726  5452
2727  5454
2728  5456
2729  5458
2730  5460
2731  5462
2732  5464
2733  5466
2734  5468
2735  5470
2736  5472
2737  5474
2738  5476
2739  5478
2740  5480
2741  5482
2742  5484
2743  5486
2744  5488
2745  5490
2746  5492
2747  5494
2748  5496
2749  5498
2750  5500
2751  5502
2752  5504
2753  5506
2754  5508
2755  5510
2756  5512
2757  5514
2758  5516
2759  5518
2760  5520
2761  5522
2762  5524
2763  5526
2764  5528
2765  5530
2766  5532
2767  5534
2768  5536
2769  5538
2770  5540
2771  5542
2772  5544
2773  5546
2774  5548
2775  5550
2776  5552
2777  5554
2778  5556
2779  5558
2780  5560
2781  5562
2782  5564
2783  5566
2784  5568
2785  5570
2786  5572
2787  5574
2788  5576
2789  5578
2790  5580
2791  5582
2792  5584
2793  5586
2794  5588
2795  5590
2796  5592
2797  5594
2798  5596
2799  5598
2800  5600
2801  5602
2802  5604
2803  5606
2804  5608
2805  5610
2806  5612
2807  5614
2808  5616
2809  5618
2810  5620
2811  5622
2812  5624
2813  5626
2814  5628
2815  5630
2816  5632
2817  5634
2818  5636
2819  5638
2820  5640
2821  5642
2822  5644
2823  5646
2824  5648
2825  5650
2826  5652
2827  5654
2828  5656
2829  5658
2830  5660
2831  5662
2832  5664
2833  5666
2834  5668
2835  5670
2836  5672
2837  5674
2838  5676
2839  5678
2840  5680
2841  5682
2842  5684
2843  5686
2844  5688
2845  5690
2846  5692
2847  5694
2848  5696
2849  5698
2850  5700
2851  5702
2852  5704
2853  5706
2854  5708
2855  5710
2856  5712
2857  5714
2858  5716
2859  5718
2860  5720
2861  5722
2862  5724
2863  5726
2864  5728
2865  5730
2866  5732
2867  5734
2868  5736
2869  5738
2870  5740
2871  5742
2872  5744
2873  5746
2874  5748
2875  5750
2876  5752
2877  5754
2878  5756
2879  5758
2880  5760
2881  5762
2882  5764
2883  5766
2884  5768
2885  5770
2886  5772
2887  5774
2888  5776
2889  5778
2890  5780
2891  5782
2892  5784
2893  5786
2894  5788
2895  5790
2896  5792
2897  5794
2898  5796
2899  5798
2900  5800
2901  5802
2902  5804
2903  5806
2904  5808
2905  5810
2906  5812
2907  5814
2908  5816
2909  5818
2910  5820
2911  2911
2912  2912
2913  2913
2914  2914
2915  2915
2916  2916
2917  2917
2918  2918
2919  2919
2920  2920
2921  2921
2922  2922
2923  0
2924  0
2925  0
2926  0
2927  0
2928  0
2929  0
2930  0
2931  0
2932  0
2933  0
2934  0
2935  0
2936  0
2937  0
2938  0
2939  0
2940  0
2941  0
2942  0
2943  0
2944  0
2945  0
2946  0
2947  0
2948  0
2949  0
2950  0
2951  0
2952  0
2953  0
2954  0
2955  0
2956  0
2957  0
2958  0
2959  0
2960  0
2961  0
2962  0
2963  0
2964  0
2965  0
2966  0
2967  0
2968  0
2969  0
2970  0
2971  0
2972  0
2973  0
2974  0
2975  0
2976  0
2977  0
2978  0
2979  0
2980  0
2981  0
2982  0
2983  0
2984  0
2985  0
2986  0
2987  0
2988  0
2989  0
2990  0
2991  0
2992  0
2993  0
2994  0
2995  0
2996  0
2997  0
2998  0
2999  0
