34  1   7    
112  7   1    
247  1   7    
250  7   2    
432  2   3    
605  3   2    
659  2   3    
1083  3   4    
1189  4   3    
1197  3   4    
1241  4   3    
1332  3   10    
1349  10   3    
1469  3   15    
1564  15   3    
1651  3   10    
1821  10   3    
1844  3   10    
1846  10   3    
1866  3   10    
2017  10   4    
2020  4   3    
2024  3   4    
2032  4   10    
2538  10   13    
2565  13   10    
2630  10   13    
2637  13   18    
2665  18   13    
2670  13   18    
2831  18   10    
2976  10   16    
2979  16   10    
3048  10   10    
3049  10   10    
3050  10   10    
3051  10   18    
3120  18   10    
3430  10   10    
3431  10   10    
3432  10   10    
3433  10   10    
3434  10   10    
3459  10   10    
3460  10   10    
3488  10   10    
3489  10   10    
3490  10   18    
3502  18   10    
3571  10   16    
3584  16   10    
3687  10   16    
3690  16   16    
3691  16   16    
3692  16   16    
3693  16   16    
3694  16   16    
3695  16   16    
3696  16   16    
3697  16   10    
3698  10   10    
3699  10   10    
3700  10   10    
3701  10   10    
3813  10   13    
3820  13   18    
3846  18   18    
3847  18   18    
3848  18   10    
3882  10   18    
3949  18   13    
4083  13   13    
4084  13   10    
4122  10   18    
4286  18   16    
4366  16   18    
4384  18   16    
