200000   0
250000   0.744075
300000   1.8349
350000   2.86922
400000   4.05474
450000   5.23076
500000   6.46782
550000   7.98491
600000   9.6192
650000   11.1652
700000   12.5636
750000   13.9585
800000   15.3364
850000   16.676
900000   17.9695
950000   19.209
1e+06   20.3464
1.05e+06   21.5538
1.1e+06   22.7537
1.15e+06   23.8493
1.2e+06   24.9102
1.25e+06   26.0349
1.3e+06   27.2023
1.35e+06   28.4613
1.4e+06   29.6569
1.45e+06   30.77
1.5e+06   31.8956
1.55e+06   33.1716
1.6e+06   34.4452
1.65e+06   35.6706
1.7e+06   36.8545
1.75e+06   37.9708
1.8e+06   39.097
1.85e+06   40.2792
1.9e+06   41.469
1.95e+06   42.6678
2e+06   43.9095
2.05e+06   45.1289
2.1e+06   46.383
2.15e+06   47.6276
2.2e+06   48.8156
2.25e+06   49.9508
2.3e+06   51.0367
2.35e+06   52.0763
2.4e+06   53.0727
2.45e+06   54.0283
2.5e+06   54.9458
2.55e+06   55.8272
2.6e+06   56.6748
2.65e+06   57.4903
2.7e+06   58.2757
2.75e+06   59.0325
2.8e+06   59.7623
2.85e+06   60.4665
2.9e+06   61.1463
2.95e+06   61.8032
3e+06   62.4381
3.05e+06   63.0523
3.1e+06   63.6466
3.15e+06   64.222
3.2e+06   64.7795
3.25e+06   65.3198
3.3e+06   65.8438
3.35e+06   66.3521
3.4e+06   66.8454
3.45e+06   67.3245
3.5e+06   67.7898
3.55e+06   68.2421
3.6e+06   68.6818
3.65e+06   69.1094
3.7e+06   69.5255
3.75e+06   69.9305
3.8e+06   70.3248
3.85e+06   70.7089
3.9e+06   71.0832
3.95e+06   71.4479
4e+06   71.8036
4.05e+06   72.1505
4.1e+06   72.4889
4.15e+06   72.8191
4.2e+06   73.1415
4.25e+06   73.4563
4.3e+06   73.7638
4.35e+06   74.0642
4.4e+06   74.3578
4.45e+06   74.6448
4.5e+06   74.9254
4.55e+06   75.1999
4.6e+06   75.4683
4.65e+06   75.7311
4.7e+06   75.9882
4.75e+06   76.2399
4.8e+06   76.4863
4.85e+06   76.7277
4.9e+06   76.9642
4.95e+06   77.1958
5e+06   77.4229
5.05e+06   77.6454
5.1e+06   77.8636
5.15e+06   78.0776
5.2e+06   78.2874
5.25e+06   78.4932
5.3e+06   78.6952
5.35e+06   78.8933
5.4e+06   79.0878
5.45e+06   79.2788
5.5e+06   79.4663
5.55e+06   79.6503
5.6e+06   79.8311
5.65e+06   80.0087
5.7e+06   80.1832
5.75e+06   80.3547
5.8e+06   80.5232
5.85e+06   80.6888
5.9e+06   80.8516
5.95e+06   81.0117
6e+06   81.1691
6.05e+06   81.3239
6.1e+06   81.4761
6.15e+06   81.6259
6.2e+06   81.7733
6.25e+06   81.9183
6.3e+06   82.061
6.35e+06   82.2015
6.4e+06   82.3397
6.45e+06   82.4759
6.5e+06   82.6099
6.55e+06   82.7419
6.6e+06   82.8719
6.65e+06   82.9999
6.7e+06   83.126
6.75e+06   83.2503
6.8e+06   83.3727
6.85e+06   83.4933
6.9e+06   83.6122
6.95e+06   83.7294
7e+06   83.8449
7.05e+06   83.9588
7.1e+06   84.071
7.15e+06   84.1817
7.2e+06   84.2909
7.25e+06   84.3985
7.3e+06   84.5047
7.35e+06   84.6094
7.4e+06   84.7128
7.45e+06   84.8147
7.5e+06   84.9153
7.55e+06   85.0145
7.6e+06   85.1124
7.65e+06   85.2091
7.7e+06   85.3045
7.75e+06   85.3986
7.8e+06   85.4916
7.85e+06   85.5834
7.9e+06   85.674
7.95e+06   85.7634
8e+06   85.8518
8.05e+06   85.9391
8.1e+06   86.0252
8.15e+06   86.1104
8.2e+06   86.1944
8.25e+06   86.2775
8.3e+06   86.3596
8.35e+06   86.4406
8.4e+06   86.5208
8.45e+06   86.5999
8.5e+06   86.6782
8.55e+06   86.7555
8.6e+06   86.8319
8.65e+06   86.9074
8.7e+06   86.9821
8.75e+06   87.0559
8.8e+06   87.1289
8.85e+06   87.2011
8.9e+06   87.2724
8.95e+06   87.3429
9e+06   87.4127
9.05e+06   87.4817
9.1e+06   87.5499
9.15e+06   87.6174
9.2e+06   87.6842
9.25e+06   87.7502
9.3e+06   87.8155
9.35e+06   87.8801
9.4e+06   87.9441
9.45e+06   88.0073
9.5e+06   88.0699
9.55e+06   88.1319
9.6e+06   88.1932
9.65e+06   88.2538
9.7e+06   88.3139
9.75e+06   88.3733
9.8e+06   88.4321
9.85e+06   88.4903
9.9e+06   88.5479
9.95e+06   88.605
1e+07   88.6614
1.005e+07   88.7174
1.01e+07   88.7727
1.015e+07   88.8275
