34  1   7    
112  7   1    
247  1   7    
250  7   2    
432  2   3    
605  3   2    
659  2   3    
1083  3   4    
1189  4   3    
1197  3   4    
1241  4   3    
1332  3   10    
1349  10   3    
1469  3   15    
1564  15   3    
1651  3   10    
1821  10   3    
1844  3   10    
1846  10   3    
1866  3   10    
2017  10   4    
2020  4   3    
2024  3   4    
2032  4   10    
2538  10   13    
2565  13   10    
2630  10   13    
2637  13   18    
2665  18   13    
2670  13   18    
2831  18   10    
2976  10   16    
2979  16   10    
3048  10   10    
3049  10   10    
3050  10   10    
3051  10   18    
3120  18   10    
3430  10   10    
3431  10   10    
3432  10   10    
3433  10   10    
3434  10   10    
3459  10   10    
3460  10   10    
3488  10   10    
3489  10   10    
3490  10   18    
3502  18   10    
3571  10   16    
3584  16   10    
3687  10   16    
3690  16   16    
3691  16   16    
3692  16   16    
3693  16   16    
3694  16   16    
3695  16   16    
3696  16   16    
3697  16   10    
3698  10   10    
3699  10   10    
3700  10   10    
3701  10   10    
3813  10   13    
3820  13   18    
3846  18   18    
3847  18   18    
3848  18   10    
3882  10   18    
3949  18   13    
4083  13   13    
4084  13   10    
4122  10   18    
4286  18   16    
4366  16   18    
4384  18   16    
5120  16   16    
5121  16   11    
5189  11   16    
5310  16   8    
5402  8   16    
5925  16   16    
5926  16   16    
5927  16   16    
5928  16   10    
5933  10   10    
5934  10   10    
5935  10   16    
6002  16   10    
6096  10   10    
6097  10   10    
6098  10   10    
6099  10   10    
6100  10   10    
6101  10   10    
6102  10   10    
6103  10   10    
6104  10   10    
6105  10   10    
6106  10   10    
6107  10   10    
6108  10   10    
6109  10   10    
6110  10   10    
6111  10   10    
6112  10   10    
6113  10   10    
6114  10   10    
6115  10   10    
6116  10   10    
6117  10   10    
6118  10   10    
6119  10   10    
6120  10   10    
6121  10   10    
6122  10   10    
6123  10   10    
6124  10   10    
6125  10   10    
6126  10   10    
6127  10   10    
6128  10   16    
6133  16   16    
6134  16   16    
6135  16   16    
6136  16   16    
6137  16   16    
6138  16   16    
6139  16   16    
6140  16   16    
6141  16   16    
6142  16   16    
6143  16   16    
6144  16   16    
6145  16   16    
6146  16   16    
6147  16   16    
6148  16   16    
6149  16   16    
6150  16   16    
6151  16   16    
6152  16   16    
6153  16   16    
6154  16   16    
6155  16   16    
6156  16   16    
6157  16   16    
6158  16   16    
6159  16   16    
6160  16   16    
6161  16   16    
6162  16   16    
6163  16   16    
6164  16   16    
6165  16   16    
6166  16   16    
6167  16   16    
6168  16   16    
6169  16   16    
6170  16   16    
6171  16   16    
6172  16   16    
6173  16   16    
6174  16   16    
6175  16   16    
6176  16   16    
6177  16   16    
6178  16   16    
6179  16   16    
6180  16   16    
6181  16   16    
6182  16   16    
6183  16   16    
6184  16   16    
6185  16   16    
6186  16   16    
6187  16   16    
6188  16   16    
6189  16   16    
6190  16   16    
6191  16   16    
6193  16   16    
6194  16   16    
6195  16   16    
6196  16   16    
6197  16   16    
6198  16   16    
6199  16   16    
6200  16   16    
6201  16   16    
6202  16   16    
6203  16   16    
6204  16   16    
6205  16   16    
6206  16   16    
6207  16   16    
6208  16   16    
6209  16   16    
6210  16   10    
6485  10   15    
6766  15   13    
6814  13   13    
6815  13   13    
6816  13   13    
6817  13   13    
6818  13   13    
6819  13   13    
6820  13   13    
6821  13   13    
6822  13   15    
7348  15   13    
7751  13   6    
7771  6   7    
7784  7   13    
7886  13   7    
7898  7   13    
7907  13   7    
7914  7   13    
7922  13   6    
7969  6   13    
8072  13   7    
8089  7   13    
8229  13   19    
8284  19   13    
8302  13   7    
8303  7   19    
8308  19   7    
8311  7   19    
8334  19   13    
8352  13   7    
8401  7   19    
8437  19   13    
8642  13   19    
8713  19   7    
9087  7   19    
9108  19   7    
9110  7   8    
9114  8   19    
9124  19   7    
9151  7   19    
9171  19   7    
9198  7   19    
9201  19   8    
9295  8   7    
9669  7   8    
9697  8   2    
9965  2   3    
