36.6598 -127.848
-11.4107 24.4703
18.1726 -38.9712
133.028 28.276
-148.977 -2.60041
43.7619 103.097
-36.2537 -186.509
-12.6138 3.14498
23.5114 -32.3607
-123.726 119.481
208.947 29.3655
24.0107 62.5499
-31.5138 5.55674
25.1945 -109.129
38.4296 54.8832
-170.239 55.314
-16.3492 14.7209
57.8683 -37.5801
137.46 39.4161
8.66812 -6.77228
204.04 -103.964
-82.9024 149.56
31.2972 -13.2849
-190.33 54.5762
-56.2917 -32.5
113.229 117.252
-15.802 -89.6175
-183.547 93.522
71.9922 85.797
-126.699 210.863
38.8909 38.8909
4.39622 83.8849
49.3276 -70.4471
-60.4148 74.606
-46.0753 42.9659
-87.6812 87.6812
-57.9828 -57.9828
3.3495 63.9123
44.5136 -178.534
-27.6399 -32.9399
-85.0988 18.0883
-3.6185 25.747
-3.97208 -37.7918
150.189 29.1938
-3.78207 -1.30227
91 157.617
54.387 -167.386
-236.674 33.2624
132.839 -182.838
45.5721 -82.2143
