133  834652
27  1.94221e+06
43  1.76779e+06
136  811656
149  711125
112  1.01909e+06
190  433463
13  2.05276e+06
40  1.80207e+06
172  546526
211  331846
67  1.48572e+06
32  1.89091e+06
112  1.01835e+06
67  1.48603e+06
179  501341
22  1.98773e+06
69  1.4632e+06
143  754253
11  2.063e+06
229  233555
171  558015
34  1.86963e+06
198  390724
65  1.50905e+06
163  608469
91  1.223e+06
206  341369
112  1.01889e+06
246  199691
55  1.62608e+06
84  1.2971e+06
86  1.27582e+06
96  1.17252e+06
63  1.5319e+06
124  910992
82  1.31862e+06
64  1.52094e+06
184  471167
43  1.76734e+06
87  1.26593e+06
26  1.9516e+06
38  1.82495e+06
153  679907
4  2.08673e+06
182  489408
176  523124
239  217703
226  267625
94  1.19346e+06
