0 -0.380534
1 -0.380534
2 -0.492162
3 -0.492162
4 -1.30183
5 -1.30183
6 -1.30183
7 -1.30183
8 -1.30183
9 -0.272226
10 -0.272226
11 -0.38128
12 -0.38128
13 -0.38128
14 0.732771
15 0.732771
16 0.732771
17 0.732771
18 0.732771
19 0.371493
20 0.371493
21 0.371493
22 0.371493
23 0.371493
24 0.262402
25 0.262402
26 0.262402
27 0.0817926
28 0.0817926
29 0.0817926
30 -0.381231
31 -0.381231
32 -1.01707
33 -1.01707
34 -1.01707
35 -1.01707
36 -1.01707
37 -1.01707
38 2.32077
39 3.6075
40 3.6075
41 3.68222
42 3.68222
43 3.68222
44 3.68222
45 3.68222
46 7.72171
47 7.72171
48 7.72171
49 7.72171
50 1.42762
51 1.42762
52 0.484184
53 0.484184
54 0.484184
55 0.484184
56 0.484184
57 0.484184
58 0.262587
59 0.262587
60 0.262587
61 0.262587
62 0.262587
63 1.02293
64 1.02293
65 1.02293
66 2.20619
67 2.20619
68 2.20619
69 1.61393
70 1.61393
71 1.61393
72 1.61393
73 1.98151
74 1.98151
75 1.98151
76 1.98151
77 6.81487
78 6.81487
79 6.81487
80 6.81487
81 6.81487
82 5.60313
83 5.60313
84 5.60313
85 5.60313
86 5.60313
87 5.60313
88 -0.272226
89 -0.271926
90 -0.271926
91 -0.271926
92 -0.271926
93 5.16458
94 5.16458
95 5.16458
96 5.16458
97 6.5752
98 5.92581
99 5.92581
100 5.92581
101 2.76974
102 2.76974
103 2.76974
104 2.76974
105 2.76974
106 2.76974
107 -1.12822
108 -1.19074
109 -1.58284
110 -1.58284
111 -1.58284
112 -1.58284
113 -1.58284
114 4.10905
115 4.10905
116 4.10905
117 4.10905
118 4.10905
119 4.10905
120 3.60758
121 3.60758
122 3.60758
123 6.4537
124 6.4537
125 6.4537
126 6.4537
127 7.69133
128 7.69133
129 7.69133
130 7.69133
131 5.16482
132 5.16482
133 5.16482
134 5.71848
135 5.71848
136 5.71848
137 5.92046
138 5.92046
139 5.92046
140 5.92046
141 5.92046
142 5.92046
143 4.30352
144 4.30352
145 4.30352
146 4.30352
147 4.30352
148 -0.492379
149 -0.492379
150 -2.77921
151 -2.77921
152 -2.77921
153 -2.77921
154 -0.667929
155 -0.667929
156 -2.88667
157 -2.88667
158 -2.88667
159 -2.88667
160 -2.88667
161 -2.88667
162 -0.777171
163 -0.777171
164 -0.777171
165 -0.777171
166 -0.777171
167 -0.777171
168 -1.01707
169 -1.01707
170 -1.01707
171 -1.01707
172 -1.01707
173 -1.01707
174 7.02247
175 7.02247
176 7.02247
177 7.02247
178 6.81487
179 6.81487
180 6.81487
181 6.81487
182 4.72955
183 6.24384
184 6.24384
185 6.24384
186 6.24384
187 6.24384
188 2.99659
189 2.99659
190 2.99659
191 2.99659
192 2.99659
193 2.99659
194 -2.09806
195 -2.09806
196 -2.09806
197 -0.381231
198 -0.381231
199 -0.381231
200 -0.381231
201 -0.381231
202 -0.381231
203 3.18482
204 3.18482
205 3.18482
206 0.662864
207 0.662864
208 0.662864
209 2.80803
210 2.80803
211 2.80803
212 3.79955
213 3.79955
214 3.79955
215 3.79955
216 3.79955
217 2.61717
218 2.61717
219 2.61717
220 2.61717
221 4.53387
222 4.53387
223 2.88032
224 2.88032
225 2.88032
226 2.88032
227 2.88032
228 7.69133
229 7.69133
230 7.69133
231 7.69133
232 7.69133
233 6.69297
234 6.81487
235 6.81487
236 4.9675
237 4.9675
238 4.9675
239 4.9675
240 -0.55929
241 -0.55929
242 -0.55929
243 -1.01707
244 -1.30167
245 -1.30167
246 -1.30167
247 -1.30167
248 -1.30167
249 -2.77778
250 -2.77778
251 -2.77778
252 -2.77778
253 -2.77778
254 -2.77778
255 1.31796
256 1.31796
257 1.31796
258 1.31796
259 1.31796
260 3.79918
261 3.37524
262 3.37524
263 3.37524
264 3.37524
265 4.53516
266 4.53516
267 4.53516
268 4.45295
269 4.45295
270 4.45295
271 4.45295
272 4.45295
273 4.45295
274 8.40099
275 8.40099
276 8.40099
277 8.40099
278 8.40099
279 5.16458
280 4.84909
281 4.84909
282 4.84909
283 4.61635
284 4.61635
285 4.61635
286 0.843016
287 0.843016
288 0.193745
289 0.193745
290 0.193745
291 0.193745
292 0.193745
293 1.42762
294 1.42762
295 1.42762
296 2.61717
297 2.61717
298 2.61717
299 2.61717
300 1.91048
301 1.91048
302 1.91048
303 1.91048
304 1.91048
305 5.71848
306 5.71848
307 5.71848
308 5.71848
309 5.71848
310 5.24872
311 5.24872
312 5.36378
313 5.36378
314 5.36378
315 5.36378
316 5.36378
317 5.36378
318 5.04616
319 5.04616
320 5.04616
321 5.04616
322 5.04616
323 8.97076
324 8.97076
325 8.97076
326 8.97076
327 8.97076
328 8.97076
329 8.74506
330 8.4011
331 8.4011
332 8.4011
333 8.4011
334 10.0604
335 10.5503
336 10.5503
337 10.5503
338 10.5503
339 10.5503
340 10.5503
341 3.91201
342 3.91201
343 3.91201
344 0.484238
345 0.484238
346 0.484238
347 0.484238
348 0.484238
349 0.484238
350 4.53387
351 4.53387
352 6.81487
353 6.81487
354 6.81487
355 6.81487
356 7.35473
357 7.35473
358 7.35473
359 7.35473
360 7.35473
361 7.35473
362 8.74461
363 8.74461
364 8.74461
365 8.74461
366 8.06079
367 8.06079
368 8.06079
369 11.0514
370 11.0514
371 11.0514
372 14.3446
373 14.3446
374 14.3446
375 14.3446
376 14.3446
377 6.57069
378 7.02405
379 7.02405
380 7.02405
381 7.02405
382 4.84909
383 4.84909
384 4.84909
385 4.84909
386 4.84909
387 4.84909
388 1.49934
389 1.49934
390 1.49934
391 1.49934
392 -2.7178
393 -2.77778
394 -2.77778
395 -2.77778
396 -2.77778
397 2.28015
398 2.28015
399 0.193745
400 0.193745
401 1.42762
402 1.42762
403 1.79727
404 1.79727
405 1.79727
406 1.79727
407 1.79727
408 1.79727
409 5.36518
410 5.36518
411 5.36518
412 5.36518
413 5.36518
414 5.36518
415 4.22174
416 4.22174
417 4.22174
418 4.22174
419 4.22174
420 4.33926
421 4.33926
422 4.33926
423 4.33926
424 4.33926
425 1.98151
426 1.98151
427 1.79684
428 1.79684
429 1.79684
430 1.79684
431 1.79684
432 -3.61788
433 -3.61788
434 -3.61788
435 -1.81889
436 -1.81889
437 -1.81889
438 -0.843111
439 -0.843111
440 -0.843111
441 1.68324
442 1.68324
443 1.68324
444 3.18541
445 3.18541
446 3.18541
447 2.09222
448 2.09222
449 2.09222
450 2.09222
451 1.79684
452 1.79684
453 0.553346
454 0.553346
455 0.553346
456 0.553346
457 0.553346
458 0.553346
459 -1.30183
460 -1.30183
461 -1.30183
462 -1.30125
463 -1.30125
464 -1.30125
465 -1.30125
466 -1.30125
467 1.79684
468 1.79684
469 1.79684
470 1.79684
471 1.79684
472 4.93177
473 4.93177
474 4.93177
475 4.93177
476 4.93177
477 4.93177
478 0.193745
479 0.193745
480 0.19304
481 1.02293
482 1.02293
483 1.02293
484 1.02293
485 1.02293
486 4.9675
487 4.9675
488 4.9675
489 4.65291
490 4.22218
491 4.22218
492 4.22218
493 4.22218
494 4.22218
495 4.42095
496 4.10905
497 4.10905
498 2.69329
499 2.69329
500 0.193468
501 0.955031
502 1.02293
503 1.02293
504 1.02293
505 1.90753
506 1.90753
507 1.90753
508 1.90753
509 1.90753
510 1.90753
511 9.82657
512 9.82657
513 13.1205
514 13.1205
515 13.1205
516 13.1205
517 13.1205
518 13.1205
519 7.4782
520 7.59822
521 7.59822
522 7.59822
523 7.59822
524 7.59822
525 1.91048
526 1.91048
527 1.91048
528 1.91048
529 3.60758
530 4.42095
531 5.48306
532 5.48306
533 5.92581
534 5.92581
535 5.92581
536 5.92581
537 5.92581
538 4.30352
539 4.30352
540 4.30352
541 4.30352
542 6.24384
543 6.24384
544 6.24384
545 6.24384
546 6.24384
547 6.24384
548 6.2453
549 6.2453
550 6.2453
551 6.2453
552 8.62303
553 8.62303
554 8.62303
555 8.62303
556 8.62303
557 8.62303
558 10.2887
559 10.2887
560 10.2887
561 10.2887
562 10.2887
563 10.2887
564 7.59763
565 7.59763
566 7.35473
567 7.35473
568 7.35473
569 7.35473
570 5.08163
571 5.08163
572 5.04616
573 5.04616
574 3.49157
575 3.49157
576 3.49157
577 3.49157
578 -0.271564
579 -0.271564
580 -0.271564
581 -0.271564
582 -0.271564
583 -0.271564
584 7.72146
585 7.72146
586 7.72146
587 7.72146
588 7.72146
589 7.72146
590 -0.204113
591 -0.204113
592 -0.204113
593 -0.204113
594 -0.204113
595 -0.204113
596 -0.732361
597 -0.732361
598 -0.732361
599 -0.732361
600 -2.94776
601 -2.94776
602 -2.94776
603 -3.22371
604 -3.22371
605 -3.22371
606 3.68204
607 3.60758
608 3.60758
609 3.60758
610 3.60758
611 0.371923
612 0.371923
613 0.371923
614 0.371923
615 0.0817926
616 0.0817926
617 0.0817926
618 -0.667183
619 -0.556111
620 -0.556111
621 -0.556111
622 -0.556111
623 -0.556111
624 -0.272226
625 -0.272226
626 -0.272226
627 -0.556747
628 -0.556747
629 -0.556747
630 -0.842853
631 -0.908677
632 -0.908677
633 -0.908677
634 -0.908677
635 -0.908677
636 0.0820592
637 0.0820592
638 1.13564
639 1.13564
640 1.13564
641 1.13564
642 1.13564
643 1.13564
644 1.38985
645 0.84207
646 0.84207
647 1.98151
648 1.98151
649 1.98151
650 1.98151
651 1.98151
652 -2.44064
653 -2.44064
654 -2.44064
655 -1.64648
656 -1.64648
657 -1.64648
658 -1.64648
659 -3.3908
660 -3.3908
661 -3.3908
662 -3.3908
663 7.69133
664 7.69133
665 7.69133
666 7.69133
667 7.69133
668 7.69133
669 4.65149
670 4.65149
671 4.65149
672 4.65149
673 11.0494
674 11.0494
675 11.0494
676 11.0494
677 11.0494
678 14.4903
679 14.4903
680 14.4903
681 9.57303
682 9.57303
683 9.57303
684 9.57303
685 9.57303
686 12.7252
687 12.7252
688 12.7252
689 12.7252
690 10.1894
691 10.9173
692 10.9173
693 12.6084
694 12.6084
695 12.6084
696 12.6084
697 12.6084
698 12.6084
699 10.5503
700 10.5503
701 10.9173
702 10.9173
703 10.9173
704 10.9173
705 10.9173
706 10.6848
707 10.059
708 10.059
709 10.059
710 10.059
711 10.059
712 10.4184
713 10.1894
714 10.1894
715 10.6765
716 10.6765
717 10.6765
718 10.6765
719 10.6765
720 12.9797
721 12.9797
722 11.6856
723 11.6856
724 11.6856
725 11.6856
726 11.6856
727 11.1793
728 11.1793
729 10.4204
730 9.67298
731 9.67298
732 10.059
733 10.059
734 10.059
735 10.059
736 10.059
737 10.059
738 10.6848
739 10.6848
740 10.6848
741 10.6848
742 10.6848
743 10.6848
744 16.8184
745 16.8184
746 16.8184
747 16.8184
748 16.3538
749 16.3538
750 16.3538
751 12.8651
752 12.8651
753 12.8651
754 15.2015
755 15.2015
756 15.2015
757 15.2015
758 15.2015
759 13.7965
760 13.7965
761 13.7965
762 13.7965
763 18.8218
764 18.8218
765 18.8218
766 18.8218
767 18.8218
768 20.117
769 20.117
770 19.7928
771 19.7928
772 19.7928
773 19.7928
774 21.4739
775 21.6497
776 21.6497
777 21.6497
778 21.6497
779 21.6497
780 21.6497
781 25.7063
782 25.7063
783 25.7063
784 25.7063
785 25.7063
786 31.4094
787 31.4094
788 31.4094
789 31.4094
790 31.4094
791 31.4094
792 22.1524
793 22.1524
794 22.1524
795 22.1524
796 22.1524
797 25.5254
798 25.5254
799 25.5254
800 25.5254
801 20.7926
802 20.7926
803 20.7926
804 20.7926
805 18.1932
806 18.1932
807 18.0323
808 17.264
809 17.264
810 17.264
811 17.264
812 22.8645
813 22.8645
814 22.8645
815 22.8645
816 22.8645
817 21.4739
818 21.4739
819 21.4739
820 21.4739
821 21.4739
822 21.4739
823 15.7722
824 15.7722
825 15.7722
826 14.9009
827 14.6372
828 16.8184
829 16.8184
830 16.8184
831 16.8184
832 16.8184
833 16.8184
834 14.9242
835 14.9242
836 14.9242
837 14.9242
838 14.9242
839 14.9242
840 23.0329
841 23.0329
842 23.0329
843 24.0914
844 24.0914
845 24.0914
846 24.0914
847 24.0914
848 24.0914
849 13.2555
850 13.2555
851 13.3998
852 13.3998
853 13.3998
854 13.3998
855 13.3998
856 13.3998
857 4.41976
858 4.41976
859 4.41976
860 4.41976
861 3.79918
862 4.02841
863 4.02841
864 4.02841
865 4.02841
866 4.02841
867 4.02841
868 0.550929
869 0.550929
870 0.550929
871 0.732771
872 0.732771
873 0.732771
874 0.732771
875 0.732771
876 0.732771
877 3.18585
878 3.18585
879 3.18585
880 3.18585
881 4.22218
882 4.22218
883 4.22218
884 4.22218
885 4.22218
886 4.22218
887 2.28021
888 2.28021
889 2.28021
890 2.28021
891 6.90016
892 6.90016
893 6.90016
894 6.90016
895 6.90016
896 6.90016
897 10.1899
898 10.1899
899 7.35497
900 7.35497
901 7.35497
902 7.35497
