time   SINR_OLD  cell-id  SINR_NEW  cell-id-new
0  -33.567  1  -16.3538   2
0  -31.443  1  -18.6593   2
0  -34.4789  1  -15.4378   2
0  -30.9869  1  -18.1715   3
0  -31.2164  1  -15.0997   3
0  -31.9613  1  -17.8622   2
0  -36.1748  1  -16.4904   2
0  -31.5926  1  -14.7901   3
0  -32.536  1  -15.7894   7
0  -34.2873  1  -15.9372   2
0  -35.1644  1  -15.8198   3
0  -31.8147  1  -17.5475   3
0  -38.703  1  -11.0613   2
0  -35.3469  1  -16.5662   3
0  -32.536  1  -14.3465   3
0  -32.2509  1  -17.8622   2
0  -31.8147  1  -18.6003   9
0  -33.9635  1  -16.2164   7
0  -38.7531  1  -12.1627   2
0  -31.2164  1  -15.1609   3
0  -31.3678  1  -15.4637   3
0  -31.9613  1  -18.6275   9
0  -34.856  1  -17.3554   9
0  -30.9869  1  -15.1022   7
0  -30.9869  1  -17.6004   3
0  -31.0637  1  -16.9547   3
0  -31.6669  1  -17.1184   3
0  -30.2004  1  -19.2159   9
0  -30.519  1  -16.9492   7
0  -34.7937  1  -14.9975   2
0  -35.9421  1  -16.6222   3
0  -33.9635  1  -13.3004   7
0  -33.0931  1  -15.3015   7
0  -33.0931  1  -15.7412   7
0  -38.952  1  -10.2799   2
0  -35.1644  1  -16.8938   2
0  -34.4153  1  -15.4378   2
0  -31.3678  1  -15.1022   7
0  -31.741  1  -18.296   2
0  -35.4073  1  -14.3144   2
1  -30.2132  1  -16.798   3
1  -30.4487  1  -16.2328   3
2  -30.021  1  -19.0996   3
2  -30.4948  1  -15.536   3
3  -30.6373  1  -16.9829   7
3  -30.6373  1  -16.8476   7
3  -30.328  1  -18.6375   8
3  -30.0134  1  -16.147   3
4  -30.3855  1  -18.2609   7
5  -30.2866  1  -16.0052   3
6  -30.5596  1  -17.8874   7
12  -30.2773  1  -17.4769   7
13  -30.8206  1  -14.7943   4
16  -30.6304  1  -16.9749   7
17  -31.3089  1  -16.5096   4
17  -30.0766  1  -14.5918   7
17  -30.1561  1  -12.8344   6
17  -31.3089  1  -17.4106   3
17  -30.9326  1  -16.6759   4
18  -30.2197  1  -18.5297   10
19  -30.6742  1  -15.5163   7
19  -30.2716  1  -19.1698   15
20  -30.3964  1  -19.4978   14
20  -30.638  1  -18.7466   8
22  -30.049  1  -19.49   14
22  -30.2905  1  -18.8421   8
24  -30.3273  1  -18.6116   10
24  -30.0608  2  -15.9967   4
26  -30.682  2  -11.4208   7
28  -30.1134  1  -18.9539   19
28  -30.4991  1  -18.3025   10
28  -30.4991  1  -19.3676   9
29  -30.0669  1  -19.4679   14
30  -30.1801  1  -12.4795   4
30  -30.0299  1  -7.16837   5
33  -30.7921  1  -18.6698   19
34  -30.3843  1  -18.9493   9
37  -30.7908  1  -8.32791   5
37  -30.2043  1  -15.4408   4
37  -30.4999  1  -7.83763   5
38  -30.2919  1  -17.5806   4
38  -30.8102  1  -15.9244   4
40  -30.4656  2  -18.7114   15
40  -30.6354  3  -18.2653   7
42  -31.3534  2  -19.8875   19
42  -31.1527  2  -14.5997   3
42  -31.1527  2  -11.3055   3
42  -30.0063  2  -11.5611   9
42  -30.391  1  -13.7453   5
42  -31.9423  2  -18.5456   15
43  -31.1545  2  -18.9526   19
48  -31.1025  1  -19.0418   8
49  -30.3378  3  -16.3795   8
51  -31.3625  1  -15.2172   11
52  -30.3878  4  -19.7305   15
53  -30.1358  3  -19.5295   13
53  -30.5057  4  -19.4576   16
54  -31.881  4  -18.3451   11
54  -31.7016  4  -17.9843   10
55  -30.0751  3  -8.62112   2
55  -31.025  1  -19.8326   9
56  -30.5463  4  -17.6267   16
58  -30.5544  1  -19.4741   15
59  -31.2912  2  -8.91383   7
66  -30.087  3  -16.6077   11
69  -30.8969  7  -18.8188   11
70  -30.2305  3  -16.4788   14
70  -30.0863  3  -16.8978   11
70  -30.5352  7  -21.7158   11
70  -30.0423  8  -12.3188   4
71  -31.0773  7  -18.6649   1
72  -30.575  7  -13.3431   1
72  -31.1346  7  -5.35945   1
72  -30.2906  3  -16.488   14
73  -30.0251  3  -9.57318   1
73  -30.1869  7  -16.5889   14
73  -30.8925  2  -19.4491   14
74  -30.1258  7  -19.5822   14
77  -30.5356  1  -19.447   11
78  -30.5059  5  -17.5123   11
79  -32.3229  5  -12.8205   4
80  -30.2418  3  -4.59868   10
81  -30.103  3  -17.4823   1
81  -30.0782  1  -18.589   11
85  -30.3574  7  -17.9666   9
86  -30.2323  1  -15.9762   13
88  -30.1538  7  -14.7868   1
88  -30.3992  7  -18.7948   14
90  -30.0471  7  2.24483   6
91  -30.9712  7  -16.6155   8
91  -30.8315  7  -18.1698   8
92  -30.4334  3  -11.2405   1
92  -30.4969  7  -18.7502   19
94  -30.4512  1  -13.8254   5
95  -30.2292  3  -20.9267   9
95  -31.0665  7  -14.3193   8
97  -30.3117  3  -20.9057   9
98  -30.0025  1  -18.16   4
101  -30.1198  1  -17.0325   13
107  -30.4638  1  -15.5306   6
108  -30.425  1  -20.398   11
110  -30.783  7  -8.26193   8
112  -30.3933  3  -21.6034   19
113  -30.2375  1  -20.4423   9
116  -30.0279  4  -4.65942   15
121  -30.2138  1  -19.819   9
126  -30.8367  1  -21.4756   19
126  -31.0283  1  -12.7382   6
128  -30.3591  1  -21.7122   19
130  -30.0508  10  -15.3136   6
131  -30.1954  6  -18.792   2
135  -30.4323  2  -19.0614   1
136  -30.5586  1  -16.9849   13
140  -30.0835  9  -7.02998   16
141  -30.3272  15  -23.0681   19
145  -30.3621  15  -17.3202   4
149  -30.2049  15  -13.1888   9
151  -30.2739  15  -9.40241   4
152  -30.3493  1  -22.6473   19
153  -30.4532  6  -18.2255   13
155  -30.7182  2  -14.7482   19
155  -30.2548  4  -18.0304   5
160  -30.073  15  -13.841   9
162  -30.6679  3  -18.2953   11
162  -31.3966  3  -14.9263   4
164  -30.1269  14  -17.3563   13
164  -30.4277  2  -6.40968   9
164  -30.1551  4  -23.1496   10
165  -30.1561  6  -3.33624   13
170  -30.0863  9  -8.30676   1
173  -31.1595  8  -18.7178   1
174  -31.2901  8  -19.9458   9
174  -30.2895  7  -16.8369   1
175  -30.1803  14  -8.8506   1
176  -31.3396  8  1.90823   14
176  -30.7485  8  -20.3682   19
177  -30.5062  8  -7.33373   2
177  -31.1739  8  -19.1846   2
185  -31.2495  3  -10.2944   15
185  -31.7296  3  -15.8911   1
187  -30.2598  14  -11.4062   1
188  -30.2864  4  -14.019   1
188  -30.0191  14  4.02182   3
188  -30.9467  4  -19.0623   3
189  -30.4188  4  -2.53187   5
190  -30.3991  3  -17.3492   9
191  -30.9872  1  -14.505   6
192  -30.0689  14  -19.0419   19
197  -30.1246  8  0.70265   7
207  -30.1977  1  0.055361   5
208  -36.9366  15  1.75837   17
211  -30.284  9  -1.1486   1
212  -30.5061  5  -5.13313   1
213  -30.1982  9  -9.73968   10
213  -30.2294  5  -2.47474   6
214  -30.9989  5  -19.0852   11
215  -31.2361  2  -2.4347   9
217  -30.5715  2  -21.0347   1
218  -30.3283  2  -13.4769   8
218  -30.6495  5  5.89327   12
226  -30.8504  1  -20.9541   2
226  -30.2759  3  -19.9794   1
228  -30.317  1  -16.2201   4
229  -31.1219  5  -20.8319   11
229  -30.0765  1  -17.3517   6
229  -30.1479  11  -20.5254   2
230  -30.4865  1  -22.0129   3
230  -30.8226  1  -13.6513   6
231  -30.1477  10  -16.4755   2
231  -30.051  10  -3.51599   1
231  -30.5111  1  -23.6556   14
232  -30.0922  10  -23.8326   19
235  -30.1648  16  -23.4078   14
238  -30.0261  9  -13.9643   7
248  -30.0179  19  -16.8256   4
248  -30.0091  1  -23.58   11
249  -30.5818  3  -9.72148   10
250  -30.4848  4  14.6645   16
250  -30.0424  1  -20.3545   13
250  -30.1691  1  -22.6183   11
251  -30.0328  19  -13.2396   9
256  -30.299  4  -22.1122   1
271  -30.2544  9  -21.3692   11
271  -30.3926  16  -15.0101   10
272  -30.2728  16  -3.68912   11
274  -30.7802  9  -23.718   11
275  -31.0823  1  -14.1382   11
275  -30.6437  1  -13.7964   5
277  -31.2702  9  -24.4507   15
279  -30.6717  9  -15.2743   3
288  -30.0729  2  -20.5184   19
294  -30.0956  13  -11.8299   14
299  -30.0459  1  -17.7706   8
300  -30.0955  11  -2.36601   15
301  -30.1142  4  -13.6625   10
302  -30.0869  10  -23.9843   3
302  -30.1782  15  -20.3097   1
304  -30.04  13  -13.5578   1
305  -30.1214  1  -11.38   3
305  -30.8632  6  -15.1822   1
310  -30.1908  14  -18.8188   19
311  -30.4463  3  -18.5159   9
312  -30.1957  6  -20.2426   19
313  -30.1341  7  -9.68617   13
315  -30.2678  2  -23.6804   8
315  -30.0485  1  -22.5134   3
316  -30.7511  1  -19.5582   18
320  -30.3675  9  -14.1486   3
322  -30.0747  1  -20.8334   12
323  -30.1556  6  -10.4007   5
324  -30.125  9  -11.8925   8
327  -30.2032  15  -3.55154   9
333  -30.3116  1  -21.4069   19
346  -30.0458  14  0.758533   7
348  -30.0107  14  -25.0498   2
348  -30.4328  13  -16.603   2
353  -30.2103  9  -12.4537   14
354  -30.1934  9  -19.9969   2
355  -30.8724  9  -14.5579   15
355  -30.0826  3  5.95154   9
356  -30.2762  8  -18.1569   1
356  -30.2878  9  -18.4409   2
356  -30.2655  1  -20.5392   19
359  -30.685  9  -6.28553   15
359  -30.8174  9  -14.0334   14
359  -31.7894  17  -23.1675   15
360  -30.1364  2  -23.9987   1
364  -30.0017  11  -16.2107   2
368  -30.0614  9  3.89254   15
370  -30.7807  15  -17.1236   2
371  -30.3268  10  -22.24   16
372  -30.2831  6  -1.99815   13
374  -48.4342  15  -10.8038   13
374  -30.4205  1  -9.46319   2
374  -30.9877  10  7.64309   4
374  -30.2204  10  -9.65149   3
375  -31.3072  2  -18.2514   3
376  -30.3838  2  -20.8747   3
378  -31.5624  1  -24.34   3
380  -30.0303  19  -12.3582   14
380  -30.065  5  -21.5035   12
383  -43.0645  14  -2.96977   12
384  -30.1974  19  -17.2529   11
384  -30.3046  15  -15.2212   3
388  -30.5344  7  -7.78231   19
393  -30.0174  2  -7.5829   9
393  -30.034  13  -13.819   7
395  -30.5302  11  -20.9156   1
395  -30.8634  11  -6.78102   6
395  -46.3967  9  1.72046   17
397  -30.3443  14  0.237428   2
397  -30.0348  3  -20.8831   1
397  -30.2856  11  -7.623   6
398  -31.9259  5  -8.06501   6
398  -30.3253  14  -12.547   8
398  -30.8893  2  -16.8809   3
399  -30.0714  19  -14.9846   3
400  -30.7071  2  -18.8558   3
402  -30.2742  13  -18.7711   19
402  -30.2303  2  -5.11229   8
405  -30.4614  2  -23.3025   8
408  -30.0098  15  -9.69596   9
408  -30.0509  14  5.95531   2
408  -30.1839  11  -15.5497   1
413  -31.031  14  -5.36893   8
413  -30.6308  14  -16.5233   9
414  -30.0681  16  -17.6698   3
416  -31.2501  14  -9.02707   9
419  -30.0824  12  -21.872   4
421  -30.0205  13  2.1313   6
422  -30.0951  19  -20.9208   3
422  -31.1435  6  -7.17771   7
422  -30.1107  19  -8.76642   12
423  -30.1096  12  -19.9147   18
425  -30.2414  10  -3.84426   16
425  -30.4809  12  -13.6583   5
426  -30.296  13  -5.70475   19
426  -30.2241  8  -15.4587   3
426  -30.0464  3  -11.2546   9
428  -30.0679  9  -14.8348   2
429  -30.2696  9  0.375942   2
430  -30.1639  8  -24.8919   2
431  -30.02  19  -6.33336   1
432  -30.2798  19  2.53348   14
432  -30.1991  19  -11.9196   1
433  -30.6296  7  -22.531   18
434  -30.0867  7  -19.1035   8
434  -30.2724  13  -21.9046   18
435  -30.0952  4  -14.263   1
436  -30.2099  19  -11.9264   1
437  -30.4311  19  -18.6949   5
437  -30.2964  9  -10.376   3
444  -30.2133  1  -16.2931   3
448  -30.0478  9  -11.2399   3
450  -40.5179  15  1.34524   17
451  -31.3443  6  -8.44387   18
452  -30.3527  9  -18.9226   2
453  -30.2488  2  -18.9202   1
455  -30.1407  11  4.77009   10
457  -30.0627  11  -11.5357   10
458  -30.0172  3  -17.9437   9
458  -30.2641  11  -14.1947   3
461  -41.3166  14  -11.4294   17
463  -30.1745  5  -21.0566   6
464  -30.8576  19  -8.43699   14
464  -30.1649  3  -12.9122   2
464  -30.0198  3  -7.39217   1
465  -31.1254  19  -15.6309   6
466  -30.4122  9  -16.6841   3
467  -31.2757  19  -16.8766   2
467  -30.0561  19  -16.1341   7
467  -30.8135  3  -11.8419   2
467  -31.3507  19  -13.5066   6
468  -30.5235  3  4.47128   15
469  -30.0155  3  -10.2066   10
469  -30.542  19  -12.1281   7
469  -30.3644  3  -9.19654   15
470  -31.6013  19  -12.1272   7
470  -31.8038  19  -0.952407   8
471  -30.1215  11  -10.8741   10
480  -31.9423  17  -11.5683   12
481  -30.4746  8  0.454222   14
481  -30.2804  17  -8.40093   11
482  -31.8303  8  -16.5414   2
483  -31.484  8  -14.6601   2
483  -30.795  8  -20.4704   7
483  -30.9946  8  -23.6952   2
483  -30.1824  8  -14.8515   2
488  -30.3113  9  -6.39574   14
488  -30.2876  3  -14.869   2
489  -30.6303  3  -8.3825   10
492  -30.7566  3  -8.9151   1
493  -30.5823  3  -15.8374   4
495  -30.119  19  -7.93042   8
498  -31.2683  2  -9.43174   14
499  -30.2495  2  -20.9683   14
500  -30.1901  2  -14.2627   7
500  -30.0748  2  -12.7231   8
500  -30.1326  2  -19.9821   3
501  -30.1986  1  2.07744   3
501  -30.1763  3  -11.8156   9
504  -30.5957  18  -18.9021   1
504  -30.4174  10  -12.8011   16
506  -30.2383  6  6.10122   18
510  -30.3219  5  -11.6139   1
512  -30.1965  14  -16.5043   7
514  -46.8015  13  -3.0967   15
515  -53.5091  10  -11.1069   18
515  -30.7097  18  -16.1187   5
517  -30.0858  11  -1.53188   6
518  -30.2572  6  -11.3336   12
520  -30.7431  6  -10.5272   13
520  -30.9987  6  -15.9629   1
520  -30.236  18  -13.7013   6
521  -30.1665  4  -0.908388   11
530  -30.3525  6  -17.3263   13
531  -30.1678  1  -10.1365   7
532  -30.1369  1  -4.1142   3
538  -30.0586  13  -6.3744   6
538  -30.1387  1  -7.5266   2
538  -30.0525  1  -12.4482   6
540  -30.3446  7  -22.8828   18
540  -30.4971  2  -8.77299   9
540  -30.2359  2  -8.68446   3
541  -30.0525  11  -19.2591   1
542  -31.3863  7  -21.6524   1
543  -30.254  3  -10.9092   15
543  -31.9032  7  -21.8879   1
544  -30.4154  2  -18.7344   8
544  -31.552  3  -19.7031   1
545  -30.3992  1  -25.7008   7
548  -30.6665  18  -17.0286   13
549  -30.1235  18  -18.7626   13
550  -30.0002  18  -15.3953   13
552  -30.1862  11  -12.6311   1
552  -30.3242  11  -20.0115   4
554  -30.4346  11  -15.9987   10
556  -30.1384  13  -21.674   7
559  -30.1634  2  -23.5919   1
561  -30.0834  16  -6.79816   4
562  -30.7897  16  -9.48425   4
568  -30.1226  14  -13.1095   2
569  -31.4468  14  -15.6895   2
570  -30.3641  14  -22.3099   2
572  -32.0933  10  2.11519   3
574  -32.242  10  -3.8989   15
575  -40.1318  12  -12.771   9
576  -31.2099  5  -9.39549   1
577  -30.0694  3  -16.7037   2
578  -30.8806  16  -8.58972   4
579  -31.1365  3  -9.08151   4
580  -30.6315  2  -23.2846   8
581  -30.1466  3  -16.2544   1
583  -30.6052  3  -17.3377   9
584  -30.0413  3  -18.0397   15
584  -30.3805  6  -18.087   1
585  -30.5758  4  13.9542   16
588  -30.3204  1  -16.0348   5
589  -30.5979  2  -19.3796   9
589  -30.4385  9  -1.90773   3
590  -30.1931  2  -23.9528   8
590  -30.0377  1  -19.4201   2
590  -30.1701  1  -28.0083   2
591  -40.8702  18  -20.2692   14
591  -30.1745  2  -24.0735   14
598  -30.1406  1  -22.2342   2
599  -30.0561  2  -27.8561   1
609  -30.2001  9  10.8189   14
611  -30.2649  9  -22.4851   3
612  -38.5217  16  -18.0062   19
613  -31.5971  8  -12.7041   2
615  -30.8511  1  -19.4941   3
616  -31.0589  1  -17.3589   3
616  -30.3323  1  -7.46662   5
616  -30.2886  1  -9.40022   5
617  -30.3054  1  -17.5825   7
617  -30.2182  3  -19.1048   15
617  -30.9757  1  -9.34726   7
617  -56.4773  8  -3.64821   16
618  -30.5834  1  -18.9058   6
618  -50.6528  9  -11.268   17
619  -47.917  18  -11.864   10
619  -30.0777  1  -23.3963   2
620  -30.174  1  -19.8842   6
622  -46.732  10  -12.9761   12
623  -30.2359  1  -25.155   2
623  -30.1802  1  -22.5276   7
624  -30.3288  7  -13.5568   2
627  -43.9208  15  -11.2643   11
628  -30.2809  7  -12.7968   13
628  -31.393  7  -9.843   19
630  -30.3396  10  -3.32569   3
631  -30.5734  7  -23.1463   1
633  -31.5716  13  -5.25625   6
638  -44.086  14  -14.8851   18
641  -30.3786  13  -1.68356   18
642  -31.6901  5  -11.8701   6
642  -31.118  5  -19.2673   6
643  -31.0497  13  -7.74373   19
643  -30.5209  5  -13.4117   11
643  -30.1448  4  -15.4839   5
645  -30.1103  4  -20.7673   3
646  -30.7951  13  -13.3952   18
648  -30.0003  2  -14.2665   9
649  -30.052  2  -22.7902   1
650  -30.7464  3  -19.1765   16
650  -30.6168  2  -23.113   9
652  -30.1643  2  -17.88   9
653  -30.4136  6  1.12132   13
656  -30.2412  6  -18.298   7
657  -31.3202  6  -15.0768   1
658  -30.991  6  -22.8253   12
658  -30.483  3  -8.42192   9
659  -30.0482  6  -9.63851   18
661  -30.1152  3  -19.3008   2
664  -30.1  15  -12.3834   3
665  -31.45  15  -14.5738   3
665  -30.4822  15  -4.05677   10
666  -30.0197  15  -13.393   10
666  -30.7272  9  -16.7644   1
670  -30.9132  3  -11.4595   9
671  -30.5207  3  -15.2418   4
673  -30.8884  7  -9.03947   8
675  -30.8579  1  -13.0711   6
676  -30.2473  2  -17.5252   1
681  -30.1266  2  -11.1826   9
683  -31.1207  2  -22.7631   1
683  -31.3943  2  -15.3305   14
683  -31.6638  2  -15.1701   14
689  -31.5798  8  -15.626   19
693  -30.3735  17  -13.7037   5
695  -31.8541  12  -11.4671   6
695  -31.7087  12  -17.1514   5
696  -31.6731  4  -10.3063   3
696  -31.9456  4  -7.48866   3
696  -31.5948  12  -20.2556   18
699  -48.7536  8  -3.61757   16
700  -46.1353  8  -10.7951   11
703  -30.3289  14  -2.85953   8
707  -30.1653  14  -18.5864   2
707  -31.6894  5  -16.5152   12
708  -30.6125  5  -15.7257   17
709  -30.4507  2  1.52693   3
710  -30.0105  6  -19.3116   12
714  -30.1113  18  -27.0979   13
716  -30.536  2  -5.21276   9
716  -30.0039  9  -20.1821   2
718  -54.758  13  -12.8904   10
720  -30.1275  2  -19.8724   8
721  -30.8408  3  1.46804   10
721  -30.1161  9  -19.8744   2
723  -30.129  3  -9.76278   1
723  -30.2028  2  -19.6647   7
727  -30.2472  16  -18.4718   15
731  -30.2002  9  -20.1297   3
731  -30.06  9  -16.5828   15
735  -30.7261  9  4.15252   14
736  -53.0056  9  -14.6567   12
737  -31.0695  9  -21.7383   14
741  -30.1111  14  -13.8836   9
741  -30.5123  14  -18.7639   8
742  -46.2563  12  -17.1555   8
744  -30.5788  10  -15.292   3
748  -30.0725  10  -14.2217   3
750  -30.1496  10  -13.5066   16
756  -43.994  13  -16.4783   16
760  -30.1293  2  -16.8365   8
760  -30.4544  2  -9.71203   8
768  -39.3559  11  -17.4931   13
769  -30.0326  10  -6.56703   16
769  -30.1239  8  -4.31774   2
770  -30.2588  8  -19.2533   9
772  -30.2183  3  -15.5549   16
776  -30.1558  8  -7.44833   14
776  -30.9881  8  -3.70445   7
777  -30.0546  8  -10.5885   14
780  -30.2575  1  -23.2959   2
780  -30.0667  15  -10.7999   3
781  -30.6635  8  -14.1347   19
782  -30.0726  7  8.6517   19
785  -31.9316  19  -13.8273   7
785  -30.2587  7  -25.8294   8
785  -30.4798  12  -7.05886   5
786  -30.5763  7  -4.77192   1
789  -30.3812  7  -12.3612   6
789  -30.8002  5  -13.9956   1
791  -45.0441  10  -6.9235   18
791  -30.0869  1  -7.01636   6
794  -30.2866  3  -11.9267   4
796  -30.1006  3  -16.8928   1
797  -31.1799  7  -9.48534   6
797  -30.0035  3  -12.6729   2
797  -30.7351  7  -16.2862   8
798  -31.4072  3  -15.0307   10
798  -31.362  3  -13.3181   15
798  -30.7988  7  -23.1773   8
802  -30.0043  19  -19.6349   13
802  -30.4824  19  -15.8404   13
803  -39.2523  13  -13.8322   15
806  -30.8305  2  -13.7012   8
807  -30.0663  1  -3.29321   3
808  -30.1137  16  -10.9456   10
809  -58.793  19  -8.2502   11
809  -30.0121  1  -1.38517   6
810  -53.5791  14  -7.55465   12
812  -30.1047  1  -6.34279   2
813  -30.217  16  -11.1261   10
815  -30.1802  6  -21.5148   7
816  -30.5107  7  -12.752   13
818  -30.5715  6  12.1764   7
819  -30.5635  2  -26.8045   7
820  -30.0958  8  -27.114   9
821  -30.6523  1  -23.0333   9
822  -30.0899  1  -18.4913   3
822  -42.9299  9  -7.62654   17
823  -48.908  19  -12.6347   11
824  -31.4993  3  0.0667953   9
827  -30.5312  1  -19.8056   4
834  -32.0238  3  -14.0939   10
835  -30.3268  3  -16.0214   4
835  -30.9952  3  -13.8337   9
837  -30.4211  6  -12.6512   13
837  -30.292  1  -26.1466   10
838  -30.4138  14  -15.4057   9
840  -30.1036  6  -21.386   1
843  -30.2767  7  -17.9803   2
844  -31.2315  7  -7.60062   8
846  -30.3584  7  -24.7904   13
846  -30.3829  14  -11.0704   8
847  -30.0593  18  3.84016   6
849  -30.2799  11  -17.3584   4
850  -30.9665  18  -13.6907   13
850  -40.229  16  -17.4066   13
851  -30.0512  9  -21.1621   2
858  -31.1732  8  -9.30828   14
858  -31.2141  8  -7.65749   7
860  -30.1452  4  -5.89324   16
861  -30.4112  11  -9.5743   5
861  -30.5484  9  0.592903   2
861  -30.5484  9  -12.1713   14
861  -30.5112  9  -7.55458   2
861  -31.054  8  -19.8783   7
862  -30.4951  4  -16.4496   3
863  -30.7026  10  -20.2776   4
864  -30.3011  9  -8.88141   14
864  -31.4649  10  -20.3216   3
865  -30.2718  10  2.27267   4
866  -30.692  10  -2.56637   4
866  -30.01  4  -17.0672   3
867  -30.0686  4  -18.4456   10
868  -40.0457  17  -11.7601   19
869  -44.4994  12  -14.2538   14
870  -30.9039  2  -17.0795   3
872  -30.1503  2  -20.3712   9
875  -30.9961  11  -6.6549   16
875  -30.4207  11  -12.212   16
883  -51.3022  15  -18.9058   7
884  -31.1542  15  -1.43823   9
885  -30.1883  9  -5.20233   14
886  -31.0939  9  -5.65826   3
887  -30.6237  19  -11.0565   7
889  -30.2451  19  -16.1884   7
890  -30.2891  15  -7.76813   10
890  -30.0276  2  -15.677   14
890  -30.3028  8  -17.9203   7
891  -49.417  18  -16.1975   14
891  -30.7317  17  -5.52303   5
893  -30.7038  8  -14.3879   14
898  -30.2395  6  -10.6018   7
