100  3834.67  0.9
300  9077.99  0.62
500  10409.6  0.42
700  11731.9  0.34
900  12995.7  0.3
1100  14691.9  0.28
1300  19763.8  0.32
1500  10938.4  0.16
1700  16985.2  0.2
1900  15113.8  0.16
2100  16844.3  0.16
2300  13632  0.12
2500  9428.98  0.08
2700  12624  0.1
2900  7733.77  0.06
3100  8127.53  0.06
3300  8520.76  0.06
3500  4950.24  0.04
3700  22264.6  0.12
3900  15571.3  0.08
4100  8199.66  0.04
4300  6434.94  0.04
4500  12899.4  0.06
4700  8630.66  0.04
4900  10221.3  0.06
5100  10128.9  0.04
5300  5300.16  0.02
5500  5352.49  0.02
5700  5352.49  0.02
5900  5352.49  0.02
6100  5352.49  0.02
6300  5352.49  0.02
6500  5352.49  0.02
6700  5352.49  0.02
6900  5352.49  0.02
7100  5352.49  0.02
7300  5352.49  0.02
7500  5352.49  0.02
7700  5352.49  0.02
7900  5352.49  0.02
8100  5352.49  0.02
8300  5352.49  0.02
8500  5352.49  0.02
8700  5352.49  0.02
8900  5352.49  0.02
9100  5352.49  0.02
9300  5352.49  0.02
9500  5352.49  0.02
9700  5352.49  0.02
9900  5352.49  0.02
10100  5352.49  0.02
10300  5352.49  0.02
10500  5352.49  0.02
10700  5352.49  0.02
10900  5352.49  0.02
11100  5352.49  0.02
11300  5352.49  0.02
11500  5352.49  0.02
11700  5352.49  0.02
11900  5352.49  0.02
12100  5352.49  0.02
12300  5352.49  0.02
12500  5352.49  0.02
12700  5352.49  0.02
12900  5352.49  0.02
13100  5352.49  0.02
13300  5352.49  0.02
13500  5352.49  0.02
13700  5352.49  0.02
13900  5352.49  0.02
14100  5352.49  0.02
14300  5352.49  0.02
14500  5352.49  0.02
14700  5352.49  0.02
14900  5352.49  0.02
15100  5352.49  0.02
15300  5352.49  0.02
15500  5352.49  0.02
15700  5352.49  0.02
15900  5352.49  0.02
16100  5352.49  0.02
16300  5352.49  0.02
16500  5352.49  0.02
16700  5352.49  0.02
16900  5352.49  0.02
17100  5352.49  0.02
17300  5352.49  0.02
17500  5352.49  0.02
17700  5352.49  0.02
17900  5352.49  0.02
18100  5352.49  0.02
18300  5352.49  0.02
18500  5352.49  0.02
18700  5352.49  0.02
18900  5352.49  0.02
19100  5352.49  0.02
19300  5352.49  0.02
19500  5352.49  0.02
19700  5352.49  0.02
19900  5352.49  0.02
20100  5352.49  0.02
20300  5352.49  0.02
20500  5352.49  0.02
20700  5352.49  0.02
20900  5352.49  0.02
21100  5352.49  0.02
21300  5352.49  0.02
21500  5352.49  0.02
21700  5352.49  0.02
21900  5352.49  0.02
22100  5352.49  0.02
22300  5352.49  0.02
22500  5352.49  0.02
22700  5352.49  0.02
22900  5352.49  0.02
23100  5352.49  0.02
23300  5352.49  0.02
23500  5352.49  0.02
23700  5352.49  0.02
23900  5352.49  0.02
24100  5352.49  0.02
24300  5352.49  0.02
24500  5352.49  0.02
24700  5352.49  0.02
24900  5352.49  0.02
25100  5352.49  0.02
25300  5352.49  0.02
25500  5352.49  0.02
25700  5352.49  0.02
25900  5352.49  0.02
26100  5352.49  0.02
26300  5352.49  0.02
26500  5352.49  0.02
26700  5352.49  0.02
26900  5352.49  0.02
27100  5352.49  0.02
27300  5352.49  0.02
27500  5352.49  0.02
27700  5352.49  0.02
27900  5352.49  0.02
28100  5352.49  0.02
28300  5352.49  0.02
28500  5352.49  0.02
28700  5352.49  0.02
28900  5352.49  0.02
29100  5352.49  0.02
29300  5352.49  0.02
29500  5352.49  0.02
29700  5352.49  0.02
29900  5352.49  0.02
30100  5352.49  0.02
30300  5352.49  0.02
30500  5352.49  0.02
30700  5352.49  0.02
30900  5352.49  0.02
31100  5352.49  0.02
31300  5352.49  0.02
31500  5352.49  0.02
31700  5352.49  0.02
31900  5352.49  0.02
32100  5352.49  0.02
32300  5352.49  0.02
32500  5352.49  0.02
32700  5352.49  0.02
32900  5352.49  0.02
33100  5352.49  0.02
33300  5352.49  0.02
33500  5352.49  0.02
33700  5352.49  0.02
33900  5352.49  0.02
34100  5352.49  0.02
34300  5352.49  0.02
34500  5352.49  0.02
34700  5352.49  0.02
34900  5352.49  0.02
35100  5352.49  0.02
35300  5352.49  0.02
35500  5352.49  0.02
35700  5352.49  0.02
35900  5352.49  0.02
36100  5352.49  0.02
36300  5352.49  0.02
36500  5352.49  0.02
36700  5352.49  0.02
36900  5352.49  0.02
37100  5352.49  0.02
37300  5352.49  0.02
37500  5352.49  0.02
37700  5352.49  0.02
37900  5352.49  0.02
38100  5352.49  0.02
38300  5352.49  0.02
38500  5352.49  0.02
38700  5352.49  0.02
38900  5352.49  0.02
39100  5352.49  0.02
39300  5352.49  0.02
39500  5352.49  0.02
39700  5352.49  0.02
39900  5352.49  0.02
40100  5352.49  0.02
40300  5352.49  0.02
40500  5352.49  0.02
40700  5352.49  0.02
40900  5352.49  0.02
41100  5352.49  0.02
41300  5352.49  0.02
41500  5352.49  0.02
41700  5352.49  0.02
41900  5352.49  0.02
42100  5352.49  0.02
42300  5352.49  0.02
42500  5352.49  0.02
42700  5352.49  0.02
42900  5352.49  0.02
43100  5352.49  0.02
43300  5352.49  0.02
43500  5352.49  0.02
43700  5352.49  0.02
43900  5352.49  0.02
44100  5352.49  0.02
44300  5352.49  0.02
44500  5352.49  0.02
44700  5352.49  0.02
44900  5352.49  0.02
45100  5352.49  0.02
45300  5352.49  0.02
45500  5352.49  0.02
45700  5352.49  0.02
45900  5352.49  0.02
46100  5352.49  0.02
46300  5352.49  0.02
46500  5352.49  0.02
46700  5352.49  0.02
46900  5352.49  0.02
47100  5352.49  0.02
47300  5352.49  0.02
47500  5352.49  0.02
47700  5352.49  0.02
47900  5352.49  0.02
48100  5352.49  0.02
48300  5352.49  0.02
48500  5352.49  0.02
48700  5352.49  0.02
48900  5352.49  0.02
49100  5352.49  0.02
49300  5352.49  0.02
49500  5352.49  0.02
49700  5352.49  0.02
49900  5352.49  0.02
50100  5352.49  0.02
50300  5352.49  0.02
50500  5352.49  0.02
50700  5352.49  0.02
50900  5352.49  0.02
51100  5352.49  0.02
51300  5352.49  0.02
51500  5352.49  0.02
51700  5352.49  0.02
51900  5352.49  0.02
52100  5352.49  0.02
52300  5352.49  0.02
52500  5352.49  0.02
52700  5352.49  0.02
52900  5352.49  0.02
53100  5352.49  0.02
53300  5352.49  0.02
53500  5352.49  0.02
53700  5352.49  0.02
53900  5352.49  0.02
54100  5352.49  0.02
54300  5352.49  0.02
54500  5352.49  0.02
54700  5352.49  0.02
54900  5352.49  0.02
55100  5352.49  0.02
55300  5352.49  0.02
55500  5352.49  0.02
55700  5352.49  0.02
55900  5352.49  0.02
56100  5352.49  0.02
56300  5352.49  0.02
56500  5352.49  0.02
56700  5352.49  0.02
56900  5352.49  0.02
57100  5352.49  0.02
57300  5352.49  0.02
57500  5352.49  0.02
57700  5352.49  0.02
57900  5352.49  0.02
58100  5352.49  0.02
58300  5352.49  0.02
58500  5352.49  0.02
58700  5352.49  0.02
58900  5352.49  0.02
59100  5352.49  0.02
59300  5352.49  0.02
59500  5352.49  0.02
59700  5352.49  0.02
59900  5352.49  0.02
60100  5352.49  0.02
60300  5352.49  0.02
60500  5352.49  0.02
60700  5352.49  0.02
60900  5352.49  0.02
61100  5352.49  0.02
61300  5352.49  0.02
61500  5352.49  0.02
61700  5352.49  0.02
61900  5352.49  0.02
62100  5352.49  0.02
62300  5352.49  0.02
62500  5352.49  0.02
62700  5352.49  0.02
62900  5352.49  0.02
63100  5352.49  0.02
63300  5352.49  0.02
63500  5352.49  0.02
63700  5352.49  0.02
63900  5352.49  0.02
64100  5352.49  0.02
64300  5352.49  0.02
64500  5352.49  0.02
64700  5352.49  0.02
64900  5352.49  0.02
65100  5352.49  0.02
65300  5352.49  0.02
65500  5352.49  0.02
65700  5352.49  0.02
65900  5352.49  0.02
66100  5352.49  0.02
66300  5352.49  0.02
66500  5352.49  0.02
66700  5352.49  0.02
66900  5352.49  0.02
67100  5352.49  0.02
67300  5352.49  0.02
67500  5352.49  0.02
67700  5352.49  0.02
67900  5352.49  0.02
68100  5352.49  0.02
68300  5352.49  0.02
68500  5352.49  0.02
68700  5352.49  0.02
68900  5352.49  0.02
69100  5352.49  0.02
69300  5352.49  0.02
69500  5352.49  0.02
69700  5352.49  0.02
69900  5352.49  0.02
70100  5352.49  0.02
70300  5352.49  0.02
70500  5352.49  0.02
70700  5352.49  0.02
70900  5352.49  0.02
71100  5352.49  0.02
71300  5352.49  0.02
71500  5352.49  0.02
71700  5352.49  0.02
71900  5352.49  0.02
72100  5352.49  0.02
72300  5352.49  0.02
72500  5352.49  0.02
72700  5352.49  0.02
72900  5352.49  0.02
73100  5352.49  0.02
73300  5352.49  0.02
73500  5352.49  0.02
73700  5352.49  0.02
73900  5352.49  0.02
74100  5352.49  0.02
74300  5352.49  0.02
74500  5352.49  0.02
74700  5352.49  0.02
74900  5352.49  0.02
75100  5352.49  0.02
75300  5352.49  0.02
75500  5352.49  0.02
75700  5352.49  0.02
75900  5352.49  0.02
76100  5352.49  0.02
76300  5352.49  0.02
76500  5352.49  0.02
76700  5352.49  0.02
76900  5352.49  0.02
77100  5352.49  0.02
77300  5352.49  0.02
77500  5352.49  0.02
77700  5352.49  0.02
77900  5352.49  0.02
78100  5352.49  0.02
78300  5352.49  0.02
78500  5352.49  0.02
78700  5352.49  0.02
78900  5352.49  0.02
79100  5352.49  0.02
79300  5352.49  0.02
79500  5352.49  0.02
79700  5352.49  0.02
79900  5352.49  0.02
80100  5352.49  0.02
80300  5352.49  0.02
80500  5352.49  0.02
80700  5352.49  0.02
80900  5352.49  0.02
81100  5352.49  0.02
81300  5352.49  0.02
81500  5352.49  0.02
81700  5352.49  0.02
81900  5352.49  0.02
82100  5352.49  0.02
82300  5352.49  0.02
82500  5352.49  0.02
82700  5352.49  0.02
82900  5352.49  0.02
83100  5352.49  0.02
83300  5352.49  0.02
83500  5352.49  0.02
83700  5352.49  0.02
83900  5352.49  0.02
84100  5352.49  0.02
84300  5352.49  0.02
84500  5352.49  0.02
84700  5352.49  0.02
84900  5352.49  0.02
85100  5352.49  0.02
85300  5352.49  0.02
85500  5352.49  0.02
85700  5352.49  0.02
85900  5352.49  0.02
86100  5352.49  0.02
86300  5352.49  0.02
86500  5352.49  0.02
86700  5352.49  0.02
86900  5352.49  0.02
87100  5352.49  0.02
87300  5352.49  0.02
87500  5352.49  0.02
87700  5352.49  0.02
87900  5352.49  0.02
88100  5352.49  0.02
88300  5352.49  0.02
88500  5352.49  0.02
88700  5352.49  0.02
88900  5352.49  0.02
89100  5352.49  0.02
89300  5352.49  0.02
89500  5352.49  0.02
89700  5352.49  0.02
89900  5352.49  0.02
90100  5352.49  0.02
90300  5352.49  0.02
90500  5352.49  0.02
90700  5352.49  0.02
90900  5352.49  0.02
91100  5352.49  0.02
91300  5352.49  0.02
91500  5352.49  0.02
91700  5352.49  0.02
91900  5352.49  0.02
92100  5352.49  0.02
92300  5352.49  0.02
92500  5352.49  0.02
92700  5352.49  0.02
92900  5352.49  0.02
93100  5352.49  0.02
93300  5352.49  0.02
93500  5352.49  0.02
93700  5352.49  0.02
93900  5352.49  0.02
94100  5352.49  0.02
94300  5352.49  0.02
94500  5352.49  0.02
94700  5352.49  0.02
94900  5352.49  0.02
95100  5352.49  0.02
95300  5352.49  0.02
95500  5352.49  0.02
95700  5352.49  0.02
95900  5352.49  0.02
96100  5352.49  0.02
96300  5352.49  0.02
96500  5352.49  0.02
96700  5352.49  0.02
96900  5352.49  0.02
97100  5352.49  0.02
97300  5352.49  0.02
97500  5352.49  0.02
97700  5352.49  0.02
97900  5352.49  0.02
98100  5352.49  0.02
98300  5352.49  0.02
98500  5352.49  0.02
98700  5352.49  0.02
98900  5352.49  0.02
99100  5352.49  0.02
99300  5352.49  0.02
99500  5352.49  0.02
99700  5352.49  0.02
99900  5352.49  0.02
100100  5352.49  0.02
100300  5352.49  0.02
100500  5352.49  0.02
100700  5352.49  0.02
100900  5352.49  0.02
101100  5352.49  0.02
101300  5352.49  0.02
101500  5352.49  0.02
101700  5352.49  0.02
101900  5352.49  0.02
102100  5352.49  0.02
102300  5352.49  0.02
102500  5352.49  0.02
102700  5352.49  0.02
102900  5352.49  0.02
103100  5352.49  0.02
103300  5352.49  0.02
103500  5352.49  0.02
103700  5352.49  0.02
103900  5352.49  0.02
104100  5352.49  0.02
104300  5352.49  0.02
104500  5352.49  0.02
104700  5352.49  0.02
104900  5352.49  0.02
105100  5352.49  0.02
105300  5352.49  0.02
105500  5352.49  0.02
105700  5352.49  0.02
105900  5352.49  0.02
106100  5352.49  0.02
106300  5352.49  0.02
106500  5352.49  0.02
106700  5352.49  0.02
106900  5352.49  0.02
107100  5352.49  0.02
107300  5352.49  0.02
107500  5352.49  0.02
107700  5352.49  0.02
107900  5352.49  0.02
108100  5352.49  0.02
108300  5352.49  0.02
108500  5352.49  0.02
108700  5352.49  0.02
108900  5352.49  0.02
109100  5352.49  0.02
109300  5352.49  0.02
109500  5352.49  0.02
109700  5352.49  0.02
109900  5352.49  0.02
110100  5352.49  0.02
110300  5352.49  0.02
110500  5352.49  0.02
110700  5352.49  0.02
110900  5352.49  0.02
111100  5352.49  0.02
111300  5352.49  0.02
111500  5352.49  0.02
111700  5352.49  0.02
111900  5352.49  0.02
112100  5352.49  0.02
112300  5352.49  0.02
112500  5352.49  0.02
112700  5352.49  0.02
112900  5352.49  0.02
113100  5352.49  0.02
113300  5352.49  0.02
113500  5352.49  0.02
113700  5352.49  0.02
113900  5352.49  0.02
114100  5352.49  0.02
114300  5352.49  0.02
114500  5352.49  0.02
114700  5352.49  0.02
114900  5352.49  0.02
115100  5352.49  0.02
115300  5352.49  0.02
115500  5352.49  0.02
115700  5352.49  0.02
115900  5352.49  0.02
116100  5352.49  0.02
116300  5352.49  0.02
116500  5352.49  0.02
116700  5352.49  0.02
116900  5352.49  0.02
117100  5352.49  0.02
117300  5352.49  0.02
117500  5352.49  0.02
117700  5352.49  0.02
117900  5352.49  0.02
118100  5352.49  0.02
118300  5352.49  0.02
118500  5352.49  0.02
118700  5352.49  0.02
118900  5352.49  0.02
119100  5352.49  0.02
119300  5352.49  0.02
119500  5352.49  0.02
119700  5352.49  0.02
119900  5352.49  0.02
120100  5352.49  0.02
120300  5352.49  0.02
120500  5352.49  0.02
120700  5352.49  0.02
120900  5352.49  0.02
121100  5352.49  0.02
121300  5352.49  0.02
121500  5352.49  0.02
121700  5352.49  0.02
121900  5352.49  0.02
122100  5352.49  0.02
122300  5352.49  0.02
122500  5352.49  0.02
122700  5352.49  0.02
122900  5352.49  0.02
123100  5352.49  0.02
123300  5352.49  0.02
123500  5352.49  0.02
123700  5352.49  0.02
123900  5352.49  0.02
124100  5352.49  0.02
124300  5352.49  0.02
124500  5352.49  0.02
124700  5352.49  0.02
124900  5352.49  0.02
125100  5352.49  0.02
125300  5352.49  0.02
125500  5352.49  0.02
125700  5352.49  0.02
125900  5352.49  0.02
126100  5352.49  0.02
126300  5352.49  0.02
126500  5352.49  0.02
126700  5352.49  0.02
126900  5352.49  0.02
127100  5352.49  0.02
127300  5352.49  0.02
127500  5352.49  0.02
127700  5352.49  0.02
127900  5352.49  0.02
128100  5352.49  0.02
128300  5352.49  0.02
128500  5352.49  0.02
128700  5352.49  0.02
128900  5352.49  0.02
129100  5352.49  0.02
129300  5352.49  0.02
129500  5352.49  0.02
129700  5352.49  0.02
129900  5352.49  0.02
130100  5352.49  0.02
130300  5352.49  0.02
130500  5352.49  0.02
130700  5352.49  0.02
130900  5352.49  0.02
131100  5352.49  0.02
131300  5352.49  0.02
131500  5352.49  0.02
131700  5352.49  0.02
131900  5352.49  0.02
132100  5352.49  0.02
132300  5352.49  0.02
132500  5352.49  0.02
132700  5352.49  0.02
132900  5352.49  0.02
133100  5352.49  0.02
133300  5352.49  0.02
133500  5352.49  0.02
133700  5352.49  0.02
133900  5352.49  0.02
134100  5352.49  0.02
134300  5352.49  0.02
134500  5352.49  0.02
134700  5352.49  0.02
134900  5352.49  0.02
135100  5352.49  0.02
135300  5352.49  0.02
135500  5352.49  0.02
135700  5352.49  0.02
135900  5352.49  0.02
136100  5352.49  0.02
136300  5352.49  0.02
136500  5352.49  0.02
136700  5352.49  0.02
136900  5352.49  0.02
137100  5352.49  0.02
137300  5352.49  0.02
137500  5352.49  0.02
137700  5352.49  0.02
137900  5352.49  0.02
138100  5352.49  0.02
138300  5352.49  0.02
138500  5352.49  0.02
138700  5352.49  0.02
138900  5352.49  0.02
139100  5352.49  0.02
139300  5352.49  0.02
139500  5352.49  0.02
139700  5352.49  0.02
139900  5352.49  0.02
140100  5352.49  0.02
140300  5352.49  0.02
140500  5352.49  0.02
140700  5352.49  0.02
140900  5352.49  0.02
141100  5352.49  0.02
141300  5352.49  0.02
141500  5352.49  0.02
141700  5352.49  0.02
141900  5352.49  0.02
142100  5352.49  0.02
142300  5352.49  0.02
142500  5352.49  0.02
142700  5352.49  0.02
142900  5352.49  0.02
143100  5352.49  0.02
143300  5352.49  0.02
143500  5352.49  0.02
143700  5352.49  0.02
143900  5352.49  0.02
144100  5352.49  0.02
144300  5352.49  0.02
144500  5352.49  0.02
144700  5352.49  0.02
144900  5352.49  0.02
145100  5352.49  0.02
145300  5352.49  0.02
145500  5352.49  0.02
145700  5352.49  0.02
145900  5352.49  0.02
146100  5352.49  0.02
146300  5352.49  0.02
146500  5352.49  0.02
146700  5352.49  0.02
146900  5352.49  0.02
147100  5352.49  0.02
147300  5352.49  0.02
147500  5352.49  0.02
147700  5352.49  0.02
147900  5352.49  0.02
148100  5352.49  0.02
148300  5352.49  0.02
148500  5352.49  0.02
148700  5352.49  0.02
148900  5352.49  0.02
149100  5352.49  0.02
149300  5352.49  0.02
149500  5352.49  0.02
149700  5352.49  0.02
149900  5352.49  0.02
