100  4054.91  0.9
300  11309.3  0.78
500  14193.9  0.58
700  18880.6  0.56
900  17066.4  0.4
1100  16630.6  0.32
1300  22187.3  0.34
1500  21029  0.28
1700  28990.2  0.36
1900  32412.2  0.36
2100  22780.8  0.22
2300  20120.7  0.18
2500  14229.5  0.12
2700  17909.4  0.14
2900  16233.9  0.12
3100  21273.4  0.14
3300  19176  0.12
3500  16680.3  0.1
3700  21055.5  0.12
3900  14392.8  0.08
4100  13831.5  0.08
4300  31712.8  0.16
4500  24043.9  0.12
4700  34248.5  0.16
4900  30660.9  0.14
5100  31956.5  0.14
5300  33262.5  0.14
5500  29000.5  0.12
5700  34181.5  0.14
5900  35453.4  0.14
6100  48866.7  0.18
6300  37985.1  0.14
6500  25996  0.1
6700  26865.4  0.1
6900  27709.3  0.1
7100  28463.2  0.08
7300  28866.4  0.08
7500  29535.6  0.08
7700  30208.1  0.08
7900  22896.9  0.06
8100  23274.6  0.06
8300  23681  0.06
8500  24084.2  0.06
8700  24487.4  0.06
8900  72416.6  0.18
9100  47068.1  0.12
9300  30576.3  0.08
9500  27448.9  0.06
9700  27855.4  0.06
9900  28258.5  0.06
10100  28661.7  0.06
10300  73568.8  0.16
10500  74882.5  0.16
10700  76171.8  0.16
10900  50689.6  0.1
11100  51679.1  0.1
11300  52082  0.1
11500  53076.6  0.1
11700  53720  0.1
11900  54709.6  0.1
12100  55406.5  0.1
12300  87383.9  0.16
12500  88803.9  0.16
12700  90441.3  0.16
12900  65869.2  0.12
13100  67028.2  0.12
13300  62462.6  0.1
13500  35456.2  0.06
13700  35859.1  0.06
13900  36267.1  0.06
14100  36644.5  0.06
14300  37047.4  0.06
14500  37450.3  0.06
14700  37858.4  0.06
14900  38261.3  0.06
15100  25503.8  0.04
15300  25682.5  0.04
15500  25886.7  0.04
15700  26090.8  0.04
15900  26295  0.04
16100  26499.2  0.04
16300  26703.4  0.04
16500  26907.5  0.04
16700  33392.1  0.04
16900  58760.3  0.08
17100  59382.9  0.08
17300  60000.9  0.08
17500  43048.5  0.06
17700  62533.9  0.08
17900  71710  0.1
18100  126735  0.16
18300  92854.5  0.12
18500  93900.3  0.12
18700  94918.3  0.12
18900  77021.8  0.1
19100  41995.4  0.06
19300  42402.1  0.06
19500  41403.8  0.06
19700  41810.5  0.06
19900  43905.2  0.06
20100  44311.9  0.06
20300  123184  0.14
20500  124277  0.14
20700  84066.5  0.1
20900  84891.8  0.1
21100  85732.6  0.1
21300  30243.8  0.04
21500  30422.4  0.04
21700  30626.6  0.04
21900  30830.8  0.04
22100  31034.9  0.04
22300  31239.1  0.04
22500  31443.3  0.04
22700  31621.9  0.04
22900  31826.1  0.04
23100  32030.3  0.04
23300  32234.5  0.04
23500  32438.6  0.04
23700  32642.8  0.04
23900  32821.5  0.04
24100  33025.6  0.04
24300  33229.8  0.04
24500  33434  0.04
24700  33638.2  0.04
24900  33842.3  0.04
25100  34021  0.04
25300  34225.2  0.04
25500  34429.3  0.04
25700  34633.5  0.04
25900  34837.7  0.04
26100  35041.8  0.04
26300  35220.5  0.04
26500  35424.7  0.04
26700  35628.8  0.04
26900  35833  0.04
27100  36037.2  0.04
27300  36241.4  0.04
27500  36445.5  0.04
27700  36624.2  0.04
27900  36828.4  0.04
28100  37032.5  0.04
28300  37236.7  0.04
28500  37440.9  0.04
28700  37645.1  0.04
28900  37823.7  0.04
29100  38027.9  0.04
29300  38232.1  0.04
29500  38436.2  0.04
29700  38640.4  0.04
29900  38844.6  0.04
30100  128225  0.1
30300  129022  0.1
30500  129860  0.1
30700  130672  0.1
30900  131495  0.1
31100  101343  0.08
31300  101925  0.08
31500  117270  0.08
31700  37781.5  0.04
31900  37985.7  0.04
32100  38189.9  0.04
32300  38394  0.04
32500  38572.7  0.04
32700  38776.9  0.04
32900  38981  0.04
33100  39185.2  0.04
33300  39389.4  0.04
33500  39593.6  0.04
33700  39772.2  0.04
33900  39976.4  0.04
34100  40180.6  0.04
34300  40384.7  0.04
34500  40588.9  0.04
34700  40793.1  0.04
34900  40971.7  0.04
35100  41175.9  0.04
35300  41380.1  0.04
35500  41584.3  0.04
35700  41788.4  0.04
35900  41992.6  0.04
36100  42171.3  0.04
36300  42375.4  0.04
36500  42579.6  0.04
36700  42783.8  0.04
36900  42988  0.04
37100  43192.1  0.04
37300  43370.8  0.04
37500  43575  0.04
37700  43779.1  0.04
37900  43983.3  0.04
38100  44187.5  0.04
38300  44391.7  0.04
38500  44595.8  0.04
38700  44774.5  0.04
38900  44978.7  0.04
39100  45182.8  0.04
39300  45387  0.04
39500  45591.2  0.04
39700  45795.4  0.04
39900  45974  0.04
40100  46178.2  0.04
40300  46382.4  0.04
40500  84809.4  0.06
40700  85219.7  0.06
40900  85615.4  0.06
41100  86000.2  0.06
41300  86395.8  0.06
41500  86806.2  0.06
41700  87216.5  0.06
41900  87612.2  0.06
42100  86622.2  0.06
42300  86992.3  0.06
42500  87402.7  0.06
42700  87798.3  0.06
42900  88208.7  0.06
43100  88619  0.06
43300  89014.6  0.06
43500  91092.2  0.06
43700  91487.8  0.06
43900  91898.1  0.06
44100  92293.8  0.06
44300  217091  0.1
44500  217501  0.1
44700  218402  0.1
44900  219344  0.1
45100  220271  0.1
45300  220682  0.1
45500  176131  0.08
45700  176779  0.08
45900  131484  0.06
46100  131879  0.06
46300  132290  0.06
46500  132685  0.06
46700  133096  0.06
46900  133506  0.06
47100  133876  0.06
47300  134287  0.06
47500  134682  0.06
47700  135093  0.06
47900  135488  0.06
48100  135899  0.06
48300  136309  0.06
48500  136679  0.06
48700  137089  0.06
48900  137485  0.06
49100  137895  0.06
49300  138306  0.06
49500  138701  0.06
49700  139086  0.06
49900  139482  0.06
50100  139892  0.06
50300  140288  0.06
50500  140698  0.06
50700  141108  0.06
50900  141479  0.06
51100  141889  0.06
51300  142285  0.06
51500  142695  0.06
51700  143105  0.06
51900  143501  0.06
52100  143886  0.06
52300  144281  0.06
52500  144692  0.06
52700  145087  0.06
52900  145498  0.06
53100  145908  0.06
53300  146278  0.06
53500  146688  0.06
53700  147084  0.06
53900  114987  0.06
54100  115191  0.06
54300  115662  0.06
54500  116106  0.06
54700  116577  0.06
54900  116781  0.06
55100  117251  0.06
55300  117721  0.06
55500  118191  0.06
55700  118370  0.06
55900  118840  0.06
56100  119310  0.06
56300  119780  0.06
56500  119985  0.06
56700  120455  0.06
56900  120899  0.06
57100  121370  0.06
57300  121574  0.06
57500  122044  0.06
57700  122514  0.06
57900  122984  0.06
58100  123163  0.06
58300  123633  0.06
58500  124103  0.06
58700  124574  0.06
58900  124778  0.06
59100  125248  0.06
59300  125718  0.06
59500  126163  0.06
59700  126367  0.06
59900  126837  0.06
60100  127307  0.06
60300  127778  0.06
60500  127982  0.06
60700  128426  0.06
60900  128897  0.06
61100  129367  0.06
61300  129571  0.06
61500  130041  0.06
61700  130511  0.06
61900  130956  0.06
62100  131160  0.06
62300  131630  0.06
62500  132100  0.06
62700  132571  0.06
62900  132775  0.06
63100  133220  0.06
63300  133690  0.06
63500  134160  0.06
63700  134364  0.06
63900  134834  0.06
64100  135304  0.06
64300  135749  0.06
64500  135953  0.06
64700  136423  0.06
64900  136894  0.06
65100  137364  0.06
65300  137568  0.06
65500  138013  0.06
65700  138483  0.06
65900  138953  0.06
66100  139157  0.06
66300  139627  0.06
66500  140098  0.06
66700  140542  0.06
66900  140746  0.06
67100  141217  0.06
67300  141687  0.06
67500  142157  0.06
67700  142627  0.06
67900  142806  0.06
68100  143276  0.06
68300  75381.4  0.04
68500  75585.6  0.04
68700  75789.8  0.04
68900  75994  0.04
69100  76172.6  0.04
69300  76376.8  0.04
69500  76581  0.04
69700  76785.1  0.04
69900  76989.3  0.04
70100  77193.5  0.04
70300  77397.6  0.04
70500  77576.3  0.04
70700  77780.5  0.04
70900  77984.7  0.04
71100  78188.8  0.04
71300  78393  0.04
71500  78597.2  0.04
71700  78775.8  0.04
71900  78980  0.04
72100  79184.2  0.04
72300  79388.3  0.04
72500  79592.5  0.04
72700  79796.7  0.04
72900  79975.3  0.04
73100  80179.5  0.04
73300  80383.7  0.04
73500  80587.9  0.04
73700  80792  0.04
73900  80996.2  0.04
74100  81174.9  0.04
74300  81379  0.04
74500  81583.2  0.04
74700  81787.4  0.04
74900  81991.6  0.04
75100  82195.7  0.04
75300  82374.4  0.04
75500  82578.6  0.04
75700  82782.7  0.04
75900  82986.9  0.04
76100  83191.1  0.04
76300  169182  0.06
76500  169575  0.06
76700  169994  0.06
76900  170413  0.06
77100  170832  0.06
77300  171251  0.06
77500  171455  0.06
77700  171849  0.06
77900  172268  0.06
78100  172687  0.06
78300  173106  0.06
78500  173525  0.06
78700  173944  0.06
78900  174338  0.06
79100  174757  0.06
79300  175176  0.06
79500  96717.4  0.04
79700  96921.5  0.04
79900  97125.7  0.04
80100  97304.4  0.04
80300  97508.5  0.04
80500  97712.7  0.04
80700  97916.9  0.04
80900  98121.1  0.04
81100  98325.2  0.04
81300  98529.4  0.04
81500  98708.1  0.04
81700  98912.2  0.04
81900  90355.6  0.04
82100  90559.8  0.04
82300  90763.9  0.04
82500  90968.1  0.04
82700  91146.8  0.04
82900  91350.9  0.04
83100  91555.1  0.04
83300  91759.3  0.04
83500  91963.5  0.04
83700  92167.6  0.04
83900  92346.3  0.04
84100  92550.5  0.04
84300  92754.6  0.04
84500  92958.8  0.04
84700  93163  0.04
84900  93367.2  0.04
85100  93545.8  0.04
85300  93750  0.04
85500  93954.2  0.04
85700  94158.3  0.04
85900  94362.5  0.04
86100  94566.7  0.04
86300  94745.3  0.04
86500  94949.5  0.04
86700  95153.7  0.04
86900  95357.9  0.04
87100  95562  0.04
87300  95766.2  0.04
87500  95944.9  0.04
87700  96149  0.04
87900  96353.2  0.04
88100  96557.4  0.04
88300  96761.6  0.04
88500  96965.7  0.04
88700  97144.4  0.04
88900  97348.6  0.04
89100  97552.7  0.04
89300  97756.9  0.04
89500  97961.1  0.04
89700  98165.3  0.04
89900  98343.9  0.04
90100  98548.1  0.04
90300  98752.3  0.04
90500  98956.4  0.04
90700  99160.6  0.04
90900  99364.8  0.04
91100  99569  0.04
91300  96452.9  0.04
91500  96657.1  0.04
91700  96861.3  0.04
91900  97065.5  0.04
92100  97269.6  0.04
92300  97473.8  0.04
92500  97652.5  0.04
92700  97856.6  0.04
92900  98060.8  0.04
93100  98265  0.04
93300  98469.2  0.04
93500  98673.3  0.04
93700  98852  0.04
93900  99056.2  0.04
94100  99260.3  0.04
94300  99464.5  0.04
94500  99668.7  0.04
94700  99872.9  0.04
94900  100052  0.04
95100  100256  0.04
95300  100460  0.04
95500  100664  0.04
95700  100868  0.04
95900  101072  0.04
96100  102521  0.04
96300  102725  0.04
96500  102929  0.04
96700  103133  0.04
96900  103337  0.04
97100  103541  0.04
97300  103720  0.04
97500  103924  0.04
97700  104128  0.04
97900  104333  0.04
98100  104537  0.04
98300  104741  0.04
98500  104920  0.04
98700  105124  0.04
98900  105328  0.04
99100  105532  0.04
99300  105736  0.04
99500  105940  0.04
99700  106119  0.04
99900  106323  0.04
100100  106527  0.04
100300  106732  0.04
100500  106936  0.04
100700  107140  0.04
100900  107319  0.04
101100  107523  0.04
101300  107727  0.04
101500  107931  0.04
101700  108135  0.04
101900  108339  0.04
102100  108544  0.04
102300  108722  0.04
102500  108926  0.04
102700  109131  0.04
102900  109335  0.04
103100  109539  0.04
103300  109743  0.04
103500  109922  0.04
103700  110126  0.04
103900  110330  0.04
104100  352012  0.08
104300  352685  0.08
104500  353233  0.08
104700  353881  0.08
104900  354337  0.08
105100  354885  0.08
105300  355558  0.08
105500  356106  0.08
105700  356779  0.08
105900  357428  0.08
106100  357975  0.08
106300  358649  0.08
106500  359196  0.08
106700  359870  0.08
106900  360543  0.08
107100  361066  0.08
107300  361522  0.08
107500  362069  0.08
107700  362743  0.08
107900  363290  0.08
108100  363964  0.08
108300  364612  0.08
108500  365160  0.08
108700  365833  0.08
108900  366381  0.08
109100  367054  0.08
109300  367728  0.08
109500  221484  0.06
109700  221905  0.06
109900  222109  0.06
110100  222531  0.06
110300  222953  0.06
110500  223374  0.06
110700  223770  0.06
110900  224192  0.06
111100  224614  0.06
111300  225035  0.06
111500  225457  0.06
111700  225878  0.06
111900  226275  0.06
112100  226696  0.06
112300  226900  0.06
112500  227322  0.06
112700  227744  0.06
112900  228165  0.06
113100  228587  0.06
113300  228983  0.06
113500  229405  0.06
113700  229826  0.06
113900  230248  0.06
114100  230669  0.06
114300  231091  0.06
114500  231487  0.06
114700  231909  0.06
114900  232113  0.06
115100  123142  0.04
115300  123346  0.04
115500  123550  0.04
115700  123729  0.04
115900  123933  0.04
116100  124137  0.04
116300  124341  0.04
116500  124546  0.04
116700  139473  0.04
116900  139652  0.04
117100  139856  0.04
117300  140060  0.04
117500  140264  0.04
117700  140468  0.04
117900  140672  0.04
118100  140851  0.04
118300  141055  0.04
118500  141259  0.04
118700  141464  0.04
118900  141668  0.04
119100  141872  0.04
119300  142051  0.04
119500  142255  0.04
119700  142459  0.04
119900  142663  0.04
120100  185561  0.04
120300  185765  0.04
120500  185944  0.04
120700  186148  0.04
120900  186352  0.04
121100  186556  0.04
121300  186760  0.04
121500  186964  0.04
121700  187143  0.04
121900  187347  0.04
122100  187551  0.04
122300  187756  0.04
122500  187960  0.04
122700  188164  0.04
122900  188343  0.04
123100  188547  0.04
123300  188751  0.04
123500  188955  0.04
123700  189159  0.04
123900  189363  0.04
124100  127919  0.04
124300  128098  0.04
124500  128302  0.04
124700  128506  0.04
124900  128710  0.04
125100  128914  0.04
125300  129119  0.04
125500  129297  0.04
125700  129501  0.04
125900  129706  0.04
126100  129910  0.04
126300  130114  0.04
126500  130318  0.04
126700  130497  0.04
126900  129301  0.04
127100  129505  0.04
127300  129709  0.04
127500  129913  0.04
127700  130117  0.04
127900  130296  0.04
128100  130500  0.04
128300  130704  0.04
128500  130908  0.04
128700  131113  0.04
128900  131317  0.04
129100  133188  0.04
129300  133392  0.04
129500  133596  0.04
129700  133801  0.04
129900  134005  0.04
130100  134209  0.04
130300  134388  0.04
130500  134592  0.04
130700  431736  0.08
130900  432471  0.08
131100  432955  0.08
131300  433411  0.08
131500  434121  0.08
131700  434857  0.08
131900  435592  0.08
132100  435797  0.08
132300  436532  0.08
132500  304699  0.06
132700  305130  0.06
132900  305586  0.06
133100  305791  0.06
133300  172991  0.04
133500  173195  0.04
133700  173400  0.04
133900  173604  0.04
134100  173782  0.04
134300  173987  0.04
134500  174191  0.04
134700  174395  0.04
134900  174599  0.04
135100  174803  0.04
135300  174982  0.04
135500  175186  0.04
135700  175390  0.04
135900  175594  0.04
136100  175799  0.04
136300  176003  0.04
136500  176181  0.04
136700  176386  0.04
136900  176590  0.04
137100  176794  0.04
137300  176998  0.04
137500  177202  0.04
137700  177381  0.04
137900  177585  0.04
138100  177789  0.04
138300  177994  0.04
138500  178198  0.04
138700  178402  0.04
138900  178581  0.04
139100  178785  0.04
139300  178989  0.04
139500  179193  0.04
139700  179397  0.04
139900  179601  0.04
140100  179780  0.04
140300  179984  0.04
140500  180188  0.04
140700  180393  0.04
140900  180597  0.04
141100  180801  0.04
141300  180980  0.04
141500  181184  0.04
141700  181388  0.04
141900  181592  0.04
142100  181796  0.04
142300  182000  0.04
142500  182179  0.04
142700  182383  0.04
142900  182587  0.04
143100  182792  0.04
143300  182996  0.04
143500  183200  0.04
143700  183379  0.04
143900  183583  0.04
144100  183787  0.04
144300  183991  0.04
144500  184195  0.04
144700  184400  0.04
144900  184604  0.04
145100  184782  0.04
145300  184987  0.04
145500  185191  0.04
145700  185395  0.04
145900  185599  0.04
146100  185803  0.04
146300  185982  0.04
146500  186186  0.04
146700  186390  0.04
146900  186594  0.04
147100  186799  0.04
147300  187003  0.04
147500  187181  0.04
147700  187386  0.04
147900  187590  0.04
148100  187794  0.04
148300  187998  0.04
148500  188202  0.04
148700  188381  0.04
148900  188585  0.04
149100  188789  0.04
149300  188993  0.04
149500  189198  0.04
149700  189402  0.04
149900  189580  0.04
