100  4306.9  0.94
300  11294  0.76
500  13681.6  0.54
700  16842.5  0.5
900  12405.2  0.28
1100  19642.7  0.36
1300  15544.9  0.24
1500  18262.1  0.26
1700  20743.4  0.26
1900  16035.9  0.18
2100  12615.5  0.12
2300  6760.88  0.06
2500  9655.11  0.08
2700  4859.74  0.04
2900  16610.6  0.12
3100  11345.2  0.08
3300  12284.1  0.08
3500  16528.1  0.1
3700  13633.5  0.08
3900  9844.74  0.06
4100  10607.1  0.06
4300  6345.21  0.04
4500  6545.48  0.04
4700  10799.7  0.06
4900  20019.9  0.1
5100  10564.8  0.06
5300  6227.85  0.04
5500  5489.33  0.02
5700  5489.33  0.02
5900  5489.33  0.02
6100  5489.33  0.02
6300  5489.33  0.02
6500  5489.33  0.02
6700  5489.33  0.02
6900  5489.33  0.02
7100  5489.33  0.02
7300  5489.33  0.02
7500  5489.33  0.02
7700  5489.33  0.02
7900  5489.33  0.02
8100  5489.33  0.02
8300  5489.33  0.02
8500  5489.33  0.02
8700  5489.33  0.02
8900  5489.33  0.02
9100  5489.33  0.02
9300  5489.33  0.02
9500  5489.33  0.02
9700  5489.33  0.02
9900  5489.33  0.02
10100  5489.33  0.02
10300  5489.33  0.02
10500  5489.33  0.02
10700  5489.33  0.02
10900  5489.33  0.02
11100  5489.33  0.02
11300  5489.33  0.02
11500  5489.33  0.02
11700  5489.33  0.02
11900  5489.33  0.02
12100  5489.33  0.02
12300  5489.33  0.02
12500  5489.33  0.02
12700  5489.33  0.02
12900  5489.33  0.02
13100  5489.33  0.02
13300  5489.33  0.02
13500  5489.33  0.02
13700  5489.33  0.02
13900  5489.33  0.02
14100  5489.33  0.02
14300  5489.33  0.02
14500  5489.33  0.02
14700  5489.33  0.02
14900  5489.33  0.02
15100  5489.33  0.02
15300  5489.33  0.02
15500  5489.33  0.02
15700  5489.33  0.02
15900  5489.33  0.02
16100  5489.33  0.02
16300  5489.33  0.02
16500  5489.33  0.02
16700  5489.33  0.02
16900  5489.33  0.02
17100  5489.33  0.02
17300  5489.33  0.02
17500  5489.33  0.02
17700  5489.33  0.02
17900  5489.33  0.02
18100  5489.33  0.02
18300  5489.33  0.02
18500  5489.33  0.02
18700  5489.33  0.02
18900  5489.33  0.02
19100  5489.33  0.02
19300  5489.33  0.02
19500  5489.33  0.02
19700  5489.33  0.02
19900  5489.33  0.02
20100  5489.33  0.02
20300  5489.33  0.02
20500  5489.33  0.02
20700  5489.33  0.02
20900  5489.33  0.02
21100  5489.33  0.02
21300  5489.33  0.02
21500  5489.33  0.02
21700  5489.33  0.02
21900  5489.33  0.02
22100  5489.33  0.02
22300  5489.33  0.02
22500  5489.33  0.02
22700  5489.33  0.02
22900  5489.33  0.02
23100  5489.33  0.02
23300  5489.33  0.02
23500  5489.33  0.02
23700  5489.33  0.02
23900  5489.33  0.02
24100  5489.33  0.02
24300  5489.33  0.02
24500  5489.33  0.02
24700  5489.33  0.02
24900  5489.33  0.02
25100  5489.33  0.02
25300  5489.33  0.02
25500  5489.33  0.02
25700  5489.33  0.02
25900  5489.33  0.02
26100  5489.33  0.02
26300  5489.33  0.02
26500  5489.33  0.02
26700  5489.33  0.02
26900  5489.33  0.02
27100  5489.33  0.02
27300  5489.33  0.02
27500  5489.33  0.02
27700  5489.33  0.02
27900  5489.33  0.02
28100  5489.33  0.02
28300  5489.33  0.02
28500  5489.33  0.02
28700  5489.33  0.02
28900  5489.33  0.02
29100  5489.33  0.02
29300  5489.33  0.02
29500  5489.33  0.02
29700  5489.33  0.02
29900  5489.33  0.02
30100  5489.33  0.02
30300  5489.33  0.02
30500  5489.33  0.02
30700  5489.33  0.02
30900  5489.33  0.02
31100  5489.33  0.02
31300  5489.33  0.02
31500  5489.33  0.02
31700  5489.33  0.02
31900  5489.33  0.02
32100  5489.33  0.02
32300  5489.33  0.02
32500  5489.33  0.02
32700  5489.33  0.02
32900  5489.33  0.02
33100  5489.33  0.02
33300  5489.33  0.02
33500  5489.33  0.02
33700  5489.33  0.02
33900  5489.33  0.02
34100  5489.33  0.02
34300  5489.33  0.02
34500  5489.33  0.02
34700  5489.33  0.02
34900  5489.33  0.02
35100  5489.33  0.02
35300  5489.33  0.02
35500  5489.33  0.02
35700  5489.33  0.02
35900  5489.33  0.02
36100  5489.33  0.02
36300  5489.33  0.02
36500  5489.33  0.02
36700  5489.33  0.02
36900  5489.33  0.02
37100  5489.33  0.02
37300  5489.33  0.02
37500  5489.33  0.02
37700  5489.33  0.02
37900  5489.33  0.02
38100  5489.33  0.02
38300  5489.33  0.02
38500  5489.33  0.02
38700  5489.33  0.02
38900  5489.33  0.02
39100  5489.33  0.02
39300  5489.33  0.02
39500  5489.33  0.02
39700  5489.33  0.02
39900  5489.33  0.02
40100  5489.33  0.02
40300  5489.33  0.02
40500  5489.33  0.02
40700  5489.33  0.02
40900  5489.33  0.02
41100  5489.33  0.02
41300  5489.33  0.02
41500  5489.33  0.02
41700  5489.33  0.02
41900  5489.33  0.02
42100  5489.33  0.02
42300  5489.33  0.02
42500  5489.33  0.02
42700  5489.33  0.02
42900  5489.33  0.02
43100  5489.33  0.02
43300  5489.33  0.02
43500  5489.33  0.02
43700  5489.33  0.02
43900  5489.33  0.02
44100  5489.33  0.02
44300  5489.33  0.02
44500  5489.33  0.02
44700  5489.33  0.02
44900  5489.33  0.02
45100  5489.33  0.02
45300  5489.33  0.02
45500  5489.33  0.02
45700  5489.33  0.02
45900  5489.33  0.02
46100  5489.33  0.02
46300  5489.33  0.02
46500  5489.33  0.02
46700  5489.33  0.02
46900  5489.33  0.02
47100  5489.33  0.02
47300  5489.33  0.02
47500  5489.33  0.02
47700  5489.33  0.02
47900  5489.33  0.02
48100  5489.33  0.02
48300  5489.33  0.02
48500  5489.33  0.02
48700  5489.33  0.02
48900  5489.33  0.02
49100  5489.33  0.02
49300  5489.33  0.02
49500  5489.33  0.02
49700  5489.33  0.02
49900  5489.33  0.02
50100  5489.33  0.02
50300  5489.33  0.02
50500  5489.33  0.02
50700  5489.33  0.02
50900  5489.33  0.02
51100  5489.33  0.02
51300  5489.33  0.02
51500  5489.33  0.02
51700  5489.33  0.02
51900  5489.33  0.02
52100  5489.33  0.02
52300  5489.33  0.02
52500  5489.33  0.02
52700  5489.33  0.02
52900  5489.33  0.02
53100  5489.33  0.02
53300  5489.33  0.02
53500  5489.33  0.02
53700  5489.33  0.02
53900  5489.33  0.02
54100  5489.33  0.02
54300  5489.33  0.02
54500  5489.33  0.02
54700  5489.33  0.02
54900  5489.33  0.02
55100  5489.33  0.02
55300  5489.33  0.02
55500  5489.33  0.02
55700  5489.33  0.02
55900  5489.33  0.02
56100  5489.33  0.02
56300  5489.33  0.02
56500  5489.33  0.02
56700  5489.33  0.02
56900  5489.33  0.02
57100  5489.33  0.02
57300  5489.33  0.02
57500  5489.33  0.02
57700  5489.33  0.02
57900  5489.33  0.02
58100  5489.33  0.02
58300  5489.33  0.02
58500  5489.33  0.02
58700  5489.33  0.02
58900  5489.33  0.02
59100  5489.33  0.02
59300  5489.33  0.02
59500  5489.33  0.02
59700  5489.33  0.02
59900  5489.33  0.02
60100  5489.33  0.02
60300  5489.33  0.02
60500  5489.33  0.02
60700  5489.33  0.02
60900  5489.33  0.02
61100  5489.33  0.02
61300  5489.33  0.02
61500  5489.33  0.02
61700  5489.33  0.02
61900  5489.33  0.02
62100  5489.33  0.02
62300  5489.33  0.02
62500  5489.33  0.02
62700  5489.33  0.02
62900  5489.33  0.02
63100  5489.33  0.02
63300  5489.33  0.02
63500  5489.33  0.02
63700  5489.33  0.02
63900  5489.33  0.02
64100  5489.33  0.02
64300  5489.33  0.02
64500  5489.33  0.02
64700  5489.33  0.02
64900  5489.33  0.02
65100  5489.33  0.02
65300  5489.33  0.02
65500  5489.33  0.02
65700  5489.33  0.02
65900  5489.33  0.02
66100  5489.33  0.02
66300  5489.33  0.02
66500  5489.33  0.02
66700  5489.33  0.02
66900  5489.33  0.02
67100  5489.33  0.02
67300  5489.33  0.02
67500  5489.33  0.02
67700  5489.33  0.02
67900  5489.33  0.02
68100  5489.33  0.02
68300  5489.33  0.02
68500  5489.33  0.02
68700  5489.33  0.02
68900  5489.33  0.02
69100  5489.33  0.02
69300  5489.33  0.02
69500  5489.33  0.02
69700  5489.33  0.02
69900  5489.33  0.02
70100  5489.33  0.02
70300  5489.33  0.02
70500  5489.33  0.02
70700  5489.33  0.02
70900  5489.33  0.02
71100  5489.33  0.02
71300  5489.33  0.02
71500  5489.33  0.02
71700  5489.33  0.02
71900  5489.33  0.02
72100  5489.33  0.02
72300  5489.33  0.02
72500  5489.33  0.02
72700  5489.33  0.02
72900  5489.33  0.02
73100  5489.33  0.02
73300  5489.33  0.02
73500  5489.33  0.02
73700  5489.33  0.02
73900  5489.33  0.02
74100  5489.33  0.02
74300  5489.33  0.02
74500  5489.33  0.02
74700  5489.33  0.02
74900  5489.33  0.02
75100  5489.33  0.02
75300  5489.33  0.02
75500  5489.33  0.02
75700  5489.33  0.02
75900  5489.33  0.02
76100  5489.33  0.02
76300  5489.33  0.02
76500  5489.33  0.02
76700  5489.33  0.02
76900  5489.33  0.02
77100  5489.33  0.02
77300  5489.33  0.02
77500  5489.33  0.02
77700  5489.33  0.02
77900  5489.33  0.02
78100  5489.33  0.02
78300  5489.33  0.02
78500  5489.33  0.02
78700  5489.33  0.02
78900  5489.33  0.02
79100  5489.33  0.02
79300  5489.33  0.02
79500  5489.33  0.02
79700  5489.33  0.02
79900  5489.33  0.02
80100  5489.33  0.02
80300  5489.33  0.02
80500  5489.33  0.02
80700  5489.33  0.02
80900  5489.33  0.02
81100  5489.33  0.02
81300  5489.33  0.02
81500  5489.33  0.02
81700  5489.33  0.02
81900  5489.33  0.02
82100  5489.33  0.02
82300  5489.33  0.02
82500  5489.33  0.02
82700  5489.33  0.02
82900  5489.33  0.02
83100  5489.33  0.02
83300  5489.33  0.02
83500  5489.33  0.02
83700  5489.33  0.02
83900  5489.33  0.02
84100  5489.33  0.02
84300  5489.33  0.02
84500  5489.33  0.02
84700  5489.33  0.02
84900  5489.33  0.02
85100  5489.33  0.02
85300  5489.33  0.02
85500  5489.33  0.02
85700  5489.33  0.02
85900  5489.33  0.02
86100  5489.33  0.02
86300  5489.33  0.02
86500  5489.33  0.02
86700  5489.33  0.02
86900  5489.33  0.02
87100  5489.33  0.02
87300  5489.33  0.02
87500  5489.33  0.02
87700  5489.33  0.02
87900  5489.33  0.02
88100  5489.33  0.02
88300  5489.33  0.02
88500  5489.33  0.02
88700  5489.33  0.02
88900  5489.33  0.02
89100  5489.33  0.02
89300  5489.33  0.02
89500  5489.33  0.02
89700  5489.33  0.02
89900  5489.33  0.02
90100  5489.33  0.02
90300  5489.33  0.02
90500  5489.33  0.02
90700  5489.33  0.02
90900  5489.33  0.02
91100  5489.33  0.02
91300  5489.33  0.02
91500  5489.33  0.02
91700  5489.33  0.02
91900  5489.33  0.02
92100  5489.33  0.02
92300  5489.33  0.02
92500  5489.33  0.02
92700  5489.33  0.02
92900  5489.33  0.02
93100  5489.33  0.02
93300  5489.33  0.02
93500  5489.33  0.02
93700  5489.33  0.02
93900  5489.33  0.02
94100  5489.33  0.02
94300  5489.33  0.02
94500  5489.33  0.02
94700  5489.33  0.02
94900  5489.33  0.02
95100  5489.33  0.02
95300  5489.33  0.02
95500  5489.33  0.02
95700  5489.33  0.02
95900  5489.33  0.02
96100  5489.33  0.02
96300  5489.33  0.02
96500  5489.33  0.02
96700  5489.33  0.02
96900  5489.33  0.02
97100  5489.33  0.02
97300  5489.33  0.02
97500  5489.33  0.02
97700  5489.33  0.02
97900  5489.33  0.02
98100  5489.33  0.02
98300  5489.33  0.02
98500  5489.33  0.02
98700  5489.33  0.02
98900  5489.33  0.02
99100  5489.33  0.02
99300  5489.33  0.02
99500  5489.33  0.02
99700  5489.33  0.02
99900  5489.33  0.02
100100  5489.33  0.02
100300  5489.33  0.02
100500  5489.33  0.02
100700  5489.33  0.02
100900  5489.33  0.02
101100  5489.33  0.02
101300  5489.33  0.02
101500  5489.33  0.02
101700  5489.33  0.02
101900  5489.33  0.02
102100  5489.33  0.02
102300  5489.33  0.02
102500  5489.33  0.02
102700  5489.33  0.02
102900  5489.33  0.02
103100  5489.33  0.02
103300  5489.33  0.02
103500  5489.33  0.02
103700  5489.33  0.02
103900  5489.33  0.02
104100  5489.33  0.02
104300  5489.33  0.02
104500  5489.33  0.02
104700  5489.33  0.02
104900  5489.33  0.02
105100  5489.33  0.02
105300  5489.33  0.02
105500  5489.33  0.02
105700  5489.33  0.02
105900  5489.33  0.02
106100  5489.33  0.02
106300  5489.33  0.02
106500  5489.33  0.02
106700  5489.33  0.02
106900  5489.33  0.02
107100  5489.33  0.02
107300  5489.33  0.02
107500  5489.33  0.02
107700  5489.33  0.02
107900  5489.33  0.02
108100  5489.33  0.02
108300  5489.33  0.02
108500  5489.33  0.02
108700  5489.33  0.02
108900  5489.33  0.02
109100  5489.33  0.02
109300  5489.33  0.02
109500  5489.33  0.02
109700  5489.33  0.02
109900  5489.33  0.02
110100  5489.33  0.02
110300  5489.33  0.02
110500  5489.33  0.02
110700  5489.33  0.02
110900  5489.33  0.02
111100  5489.33  0.02
111300  5489.33  0.02
111500  5489.33  0.02
111700  5489.33  0.02
111900  5489.33  0.02
112100  5489.33  0.02
112300  5489.33  0.02
112500  5489.33  0.02
112700  5489.33  0.02
112900  5489.33  0.02
113100  5489.33  0.02
113300  5489.33  0.02
113500  5489.33  0.02
113700  5489.33  0.02
113900  5489.33  0.02
114100  5489.33  0.02
114300  5489.33  0.02
114500  5489.33  0.02
114700  5489.33  0.02
114900  5489.33  0.02
115100  5489.33  0.02
115300  5489.33  0.02
115500  5489.33  0.02
115700  5489.33  0.02
115900  5489.33  0.02
116100  5489.33  0.02
116300  5489.33  0.02
116500  5489.33  0.02
116700  5489.33  0.02
116900  5489.33  0.02
117100  5489.33  0.02
117300  5489.33  0.02
117500  5489.33  0.02
117700  5489.33  0.02
117900  5489.33  0.02
118100  5489.33  0.02
118300  5489.33  0.02
118500  5489.33  0.02
118700  5489.33  0.02
118900  5489.33  0.02
119100  5489.33  0.02
119300  5489.33  0.02
119500  5489.33  0.02
119700  5489.33  0.02
119900  5489.33  0.02
120100  5489.33  0.02
120300  5489.33  0.02
120500  5489.33  0.02
120700  5489.33  0.02
120900  5489.33  0.02
121100  5489.33  0.02
121300  5489.33  0.02
121500  5489.33  0.02
121700  5489.33  0.02
121900  5489.33  0.02
122100  5489.33  0.02
122300  5489.33  0.02
122500  5489.33  0.02
122700  5489.33  0.02
122900  5489.33  0.02
123100  5489.33  0.02
123300  5489.33  0.02
123500  5489.33  0.02
123700  5489.33  0.02
123900  5489.33  0.02
124100  5489.33  0.02
124300  5489.33  0.02
124500  5489.33  0.02
124700  5489.33  0.02
124900  5489.33  0.02
125100  5489.33  0.02
125300  5489.33  0.02
125500  5489.33  0.02
125700  5489.33  0.02
125900  5489.33  0.02
126100  5489.33  0.02
126300  5489.33  0.02
126500  5489.33  0.02
126700  5489.33  0.02
126900  5489.33  0.02
127100  5489.33  0.02
127300  5489.33  0.02
127500  5489.33  0.02
127700  5489.33  0.02
127900  5489.33  0.02
128100  5489.33  0.02
128300  5489.33  0.02
128500  5489.33  0.02
128700  5489.33  0.02
128900  5489.33  0.02
129100  5489.33  0.02
129300  5489.33  0.02
129500  5489.33  0.02
129700  5489.33  0.02
129900  5489.33  0.02
130100  5489.33  0.02
130300  5489.33  0.02
130500  5489.33  0.02
130700  5489.33  0.02
130900  5489.33  0.02
131100  5489.33  0.02
131300  5489.33  0.02
131500  5489.33  0.02
131700  5489.33  0.02
131900  5489.33  0.02
132100  5489.33  0.02
132300  5489.33  0.02
132500  5489.33  0.02
132700  5489.33  0.02
132900  5489.33  0.02
133100  5489.33  0.02
133300  5489.33  0.02
133500  5489.33  0.02
133700  5489.33  0.02
133900  5489.33  0.02
134100  5489.33  0.02
134300  5489.33  0.02
134500  5489.33  0.02
134700  5489.33  0.02
134900  5489.33  0.02
135100  5489.33  0.02
135300  5489.33  0.02
135500  5489.33  0.02
135700  5489.33  0.02
135900  5489.33  0.02
136100  5489.33  0.02
136300  5489.33  0.02
136500  5489.33  0.02
136700  5489.33  0.02
136900  5489.33  0.02
137100  5489.33  0.02
137300  5489.33  0.02
137500  5489.33  0.02
137700  5489.33  0.02
137900  5489.33  0.02
138100  5489.33  0.02
138300  5489.33  0.02
138500  5489.33  0.02
138700  5489.33  0.02
138900  5489.33  0.02
139100  5489.33  0.02
139300  5489.33  0.02
139500  5489.33  0.02
139700  5489.33  0.02
139900  5489.33  0.02
140100  5489.33  0.02
140300  5489.33  0.02
140500  5489.33  0.02
140700  5489.33  0.02
140900  5489.33  0.02
141100  5489.33  0.02
141300  5489.33  0.02
141500  5489.33  0.02
141700  5489.33  0.02
141900  5489.33  0.02
142100  5489.33  0.02
142300  5489.33  0.02
142500  5489.33  0.02
142700  5489.33  0.02
142900  5489.33  0.02
143100  5489.33  0.02
143300  5489.33  0.02
143500  5489.33  0.02
143700  5489.33  0.02
143900  5489.33  0.02
144100  5489.33  0.02
144300  5489.33  0.02
144500  5489.33  0.02
144700  5489.33  0.02
144900  5489.33  0.02
145100  5489.33  0.02
145300  5489.33  0.02
145500  5489.33  0.02
145700  5489.33  0.02
145900  5489.33  0.02
146100  5489.33  0.02
146300  5489.33  0.02
146500  5489.33  0.02
146700  5489.33  0.02
146900  5489.33  0.02
147100  5489.33  0.02
147300  5489.33  0.02
147500  5489.33  0.02
147700  5489.33  0.02
147900  5489.33  0.02
148100  5489.33  0.02
148300  5489.33  0.02
148500  5489.33  0.02
148700  5489.33  0.02
148900  5489.33  0.02
149100  5489.33  0.02
149300  5489.33  0.02
149500  5489.33  0.02
149700  5489.33  0.02
149900  5489.33  0.02
