100  4598.51  0.96
300  12586.2  0.8
500  17853.3  0.72
700  22344.9  0.62
900  27860.5  0.62
1100  25948  0.48
1300  29736.1  0.46
1500  27854.9  0.38
1700  28546.8  0.34
1900  35101.5  0.38
2100  24586.7  0.24
2300  21799.3  0.2
2500  35012.7  0.28
2700  30152.9  0.24
2900  46098.1  0.32
3100  46685.7  0.3
3300  42805.2  0.26
3500  42194.2  0.24
3700  33253.7  0.18
3900  36281.1  0.2
4100  25651.5  0.14
4300  26928.8  0.14
4500  10138.9  0.06
4700  32827.8  0.14
4900  25659.4  0.12
5100  21536.2  0.1
5300  21176.9  0.08
5500  19580.9  0.08
5700  20162.4  0.08
5900  7039.55  0.04
6100  11936  0.04
6300  6796.54  0.04
6500  12893.8  0.04
6700  13550.6  0.04
6900  6867.81  0.02
7100  6867.81  0.02
7300  6867.81  0.02
7500  6867.81  0.02
7700  6867.81  0.02
7900  6867.81  0.02
8100  6867.81  0.02
8300  6867.81  0.02
8500  6867.81  0.02
8700  6867.81  0.02
8900  6867.81  0.02
9100  6867.81  0.02
9300  6867.81  0.02
9500  6867.81  0.02
9700  6867.81  0.02
9900  6867.81  0.02
10100  6867.81  0.02
10300  6867.81  0.02
10500  6867.81  0.02
10700  6867.81  0.02
10900  6867.81  0.02
11100  6867.81  0.02
11300  6867.81  0.02
11500  6867.81  0.02
11700  6867.81  0.02
11900  6867.81  0.02
12100  6867.81  0.02
12300  6867.81  0.02
12500  6867.81  0.02
12700  6867.81  0.02
12900  6867.81  0.02
13100  6867.81  0.02
13300  6867.81  0.02
13500  6867.81  0.02
13700  6867.81  0.02
13900  6867.81  0.02
14100  6867.81  0.02
14300  6867.81  0.02
14500  6867.81  0.02
14700  6867.81  0.02
14900  6867.81  0.02
15100  6867.81  0.02
15300  6867.81  0.02
15500  6867.81  0.02
15700  6867.81  0.02
15900  6867.81  0.02
16100  6867.81  0.02
16300  6867.81  0.02
16500  6867.81  0.02
16700  6867.81  0.02
16900  6867.81  0.02
17100  6867.81  0.02
17300  6867.81  0.02
17500  6867.81  0.02
17700  6867.81  0.02
17900  6867.81  0.02
18100  6867.81  0.02
18300  6867.81  0.02
18500  6867.81  0.02
18700  6867.81  0.02
18900  6867.81  0.02
19100  6867.81  0.02
19300  6867.81  0.02
19500  6867.81  0.02
19700  6867.81  0.02
19900  6867.81  0.02
20100  6867.81  0.02
20300  6867.81  0.02
20500  6867.81  0.02
20700  6867.81  0.02
20900  6867.81  0.02
21100  6867.81  0.02
21300  6867.81  0.02
21500  6867.81  0.02
21700  6867.81  0.02
21900  6867.81  0.02
22100  6867.81  0.02
22300  6867.81  0.02
22500  6867.81  0.02
22700  6867.81  0.02
22900  6867.81  0.02
23100  6867.81  0.02
23300  6867.81  0.02
23500  6867.81  0.02
23700  6867.81  0.02
23900  6867.81  0.02
24100  6867.81  0.02
24300  6867.81  0.02
24500  6867.81  0.02
24700  6867.81  0.02
24900  6867.81  0.02
25100  6867.81  0.02
25300  6867.81  0.02
25500  6867.81  0.02
25700  6867.81  0.02
25900  6867.81  0.02
26100  6867.81  0.02
26300  6867.81  0.02
26500  6867.81  0.02
26700  6867.81  0.02
26900  6867.81  0.02
27100  6867.81  0.02
27300  6867.81  0.02
27500  6867.81  0.02
27700  6867.81  0.02
27900  6867.81  0.02
28100  6867.81  0.02
28300  6867.81  0.02
28500  6867.81  0.02
28700  6867.81  0.02
28900  6867.81  0.02
29100  6867.81  0.02
29300  6867.81  0.02
29500  6867.81  0.02
29700  6867.81  0.02
29900  6867.81  0.02
30100  6867.81  0.02
30300  6867.81  0.02
30500  6867.81  0.02
30700  6867.81  0.02
30900  6867.81  0.02
31100  6867.81  0.02
31300  6867.81  0.02
31500  6867.81  0.02
31700  6867.81  0.02
31900  6867.81  0.02
32100  6867.81  0.02
32300  6867.81  0.02
32500  6867.81  0.02
32700  6867.81  0.02
32900  6867.81  0.02
33100  6867.81  0.02
33300  6867.81  0.02
33500  6867.81  0.02
33700  6867.81  0.02
33900  6867.81  0.02
34100  6867.81  0.02
34300  6867.81  0.02
34500  6867.81  0.02
34700  6867.81  0.02
34900  6867.81  0.02
35100  6867.81  0.02
35300  6867.81  0.02
35500  6867.81  0.02
35700  6867.81  0.02
35900  6867.81  0.02
36100  6867.81  0.02
36300  6867.81  0.02
36500  6867.81  0.02
36700  6867.81  0.02
36900  6867.81  0.02
37100  6867.81  0.02
37300  6867.81  0.02
37500  6867.81  0.02
37700  6867.81  0.02
37900  6867.81  0.02
38100  6867.81  0.02
38300  6867.81  0.02
38500  6867.81  0.02
38700  6867.81  0.02
38900  6867.81  0.02
39100  6867.81  0.02
39300  6867.81  0.02
39500  6867.81  0.02
39700  6867.81  0.02
39900  6867.81  0.02
40100  6867.81  0.02
40300  6867.81  0.02
40500  6867.81  0.02
40700  6867.81  0.02
40900  6867.81  0.02
41100  6867.81  0.02
41300  6867.81  0.02
41500  6867.81  0.02
41700  6867.81  0.02
41900  6867.81  0.02
42100  6867.81  0.02
42300  6867.81  0.02
42500  6867.81  0.02
42700  6867.81  0.02
42900  6867.81  0.02
43100  6867.81  0.02
43300  6867.81  0.02
43500  6867.81  0.02
43700  6867.81  0.02
43900  6867.81  0.02
44100  6867.81  0.02
44300  6867.81  0.02
44500  6867.81  0.02
44700  6867.81  0.02
44900  6867.81  0.02
45100  6867.81  0.02
45300  6867.81  0.02
45500  6867.81  0.02
45700  6867.81  0.02
45900  6867.81  0.02
46100  6867.81  0.02
46300  6867.81  0.02
46500  6867.81  0.02
46700  6867.81  0.02
46900  6867.81  0.02
47100  6867.81  0.02
47300  6867.81  0.02
47500  6867.81  0.02
47700  6867.81  0.02
47900  6867.81  0.02
48100  6867.81  0.02
48300  6867.81  0.02
48500  6867.81  0.02
48700  6867.81  0.02
48900  6867.81  0.02
49100  6867.81  0.02
49300  6867.81  0.02
49500  6867.81  0.02
49700  6867.81  0.02
49900  6867.81  0.02
50100  6867.81  0.02
50300  6867.81  0.02
50500  6867.81  0.02
50700  6867.81  0.02
50900  6867.81  0.02
51100  6867.81  0.02
51300  6867.81  0.02
51500  6867.81  0.02
51700  6867.81  0.02
51900  6867.81  0.02
52100  6867.81  0.02
52300  6867.81  0.02
52500  6867.81  0.02
52700  6867.81  0.02
52900  6867.81  0.02
53100  6867.81  0.02
53300  6867.81  0.02
53500  6867.81  0.02
53700  6867.81  0.02
53900  6867.81  0.02
54100  6867.81  0.02
54300  6867.81  0.02
54500  6867.81  0.02
54700  6867.81  0.02
54900  6867.81  0.02
55100  6867.81  0.02
55300  6867.81  0.02
55500  6867.81  0.02
55700  6867.81  0.02
55900  6867.81  0.02
56100  6867.81  0.02
56300  6867.81  0.02
56500  6867.81  0.02
56700  6867.81  0.02
56900  6867.81  0.02
57100  6867.81  0.02
57300  6867.81  0.02
57500  6867.81  0.02
57700  6867.81  0.02
57900  6867.81  0.02
58100  6867.81  0.02
58300  6867.81  0.02
58500  6867.81  0.02
58700  6867.81  0.02
58900  6867.81  0.02
59100  6867.81  0.02
59300  6867.81  0.02
59500  6867.81  0.02
59700  6867.81  0.02
59900  6867.81  0.02
60100  6867.81  0.02
60300  6867.81  0.02
60500  6867.81  0.02
60700  6867.81  0.02
60900  6867.81  0.02
61100  6867.81  0.02
61300  6867.81  0.02
61500  6867.81  0.02
61700  6867.81  0.02
61900  6867.81  0.02
62100  6867.81  0.02
62300  6867.81  0.02
62500  6867.81  0.02
62700  6867.81  0.02
62900  6867.81  0.02
63100  6867.81  0.02
63300  6867.81  0.02
63500  6867.81  0.02
63700  6867.81  0.02
63900  6867.81  0.02
64100  6867.81  0.02
64300  6867.81  0.02
64500  6867.81  0.02
64700  6867.81  0.02
64900  6867.81  0.02
65100  6867.81  0.02
65300  6867.81  0.02
65500  6867.81  0.02
65700  6867.81  0.02
65900  6867.81  0.02
66100  6867.81  0.02
66300  6867.81  0.02
66500  6867.81  0.02
66700  6867.81  0.02
66900  6867.81  0.02
67100  6867.81  0.02
67300  6867.81  0.02
67500  6867.81  0.02
67700  6867.81  0.02
67900  6867.81  0.02
68100  6867.81  0.02
68300  6867.81  0.02
68500  6867.81  0.02
68700  6867.81  0.02
68900  6867.81  0.02
69100  6867.81  0.02
69300  6867.81  0.02
69500  6867.81  0.02
69700  6867.81  0.02
69900  6867.81  0.02
70100  6867.81  0.02
70300  6867.81  0.02
70500  6867.81  0.02
70700  6867.81  0.02
70900  6867.81  0.02
71100  6867.81  0.02
71300  6867.81  0.02
71500  6867.81  0.02
71700  6867.81  0.02
71900  6867.81  0.02
72100  6867.81  0.02
72300  6867.81  0.02
72500  6867.81  0.02
72700  6867.81  0.02
72900  6867.81  0.02
73100  6867.81  0.02
73300  6867.81  0.02
73500  6867.81  0.02
73700  6867.81  0.02
73900  6867.81  0.02
74100  6867.81  0.02
74300  6867.81  0.02
74500  6867.81  0.02
74700  6867.81  0.02
74900  6867.81  0.02
75100  6867.81  0.02
75300  6867.81  0.02
75500  6867.81  0.02
75700  6867.81  0.02
75900  6867.81  0.02
76100  6867.81  0.02
76300  6867.81  0.02
76500  6867.81  0.02
76700  6867.81  0.02
76900  6867.81  0.02
77100  6867.81  0.02
77300  6867.81  0.02
77500  6867.81  0.02
77700  6867.81  0.02
77900  6867.81  0.02
78100  6867.81  0.02
78300  6867.81  0.02
78500  6867.81  0.02
78700  6867.81  0.02
78900  6867.81  0.02
79100  6867.81  0.02
79300  6867.81  0.02
79500  6867.81  0.02
79700  6867.81  0.02
79900  6867.81  0.02
80100  6867.81  0.02
80300  6867.81  0.02
80500  6867.81  0.02
80700  6867.81  0.02
80900  6867.81  0.02
81100  6867.81  0.02
81300  6867.81  0.02
81500  6867.81  0.02
81700  6867.81  0.02
81900  6867.81  0.02
82100  6867.81  0.02
82300  6867.81  0.02
82500  6867.81  0.02
82700  6867.81  0.02
82900  6867.81  0.02
83100  6867.81  0.02
83300  6867.81  0.02
83500  6867.81  0.02
83700  6867.81  0.02
83900  6867.81  0.02
84100  6867.81  0.02
84300  6867.81  0.02
84500  6867.81  0.02
84700  6867.81  0.02
84900  6867.81  0.02
85100  6867.81  0.02
85300  6867.81  0.02
85500  6867.81  0.02
85700  6867.81  0.02
85900  6867.81  0.02
86100  6867.81  0.02
86300  6867.81  0.02
86500  6867.81  0.02
86700  6867.81  0.02
86900  6867.81  0.02
87100  6867.81  0.02
87300  6867.81  0.02
87500  6867.81  0.02
87700  6867.81  0.02
87900  6867.81  0.02
88100  6867.81  0.02
88300  6867.81  0.02
88500  6867.81  0.02
88700  6867.81  0.02
88900  6867.81  0.02
89100  6867.81  0.02
89300  6867.81  0.02
89500  6867.81  0.02
89700  6867.81  0.02
89900  6867.81  0.02
90100  6867.81  0.02
90300  6867.81  0.02
90500  6867.81  0.02
90700  6867.81  0.02
90900  6867.81  0.02
91100  6867.81  0.02
91300  6867.81  0.02
91500  6867.81  0.02
91700  6867.81  0.02
91900  6867.81  0.02
92100  6867.81  0.02
92300  6867.81  0.02
92500  6867.81  0.02
92700  6867.81  0.02
92900  6867.81  0.02
93100  6867.81  0.02
93300  6867.81  0.02
93500  6867.81  0.02
93700  6867.81  0.02
93900  6867.81  0.02
94100  6867.81  0.02
94300  6867.81  0.02
94500  6867.81  0.02
94700  6867.81  0.02
94900  6867.81  0.02
95100  6867.81  0.02
95300  6867.81  0.02
95500  6867.81  0.02
95700  6867.81  0.02
95900  6867.81  0.02
96100  6867.81  0.02
96300  6867.81  0.02
96500  6867.81  0.02
96700  6867.81  0.02
96900  6867.81  0.02
97100  6867.81  0.02
97300  6867.81  0.02
97500  6867.81  0.02
97700  6867.81  0.02
97900  6867.81  0.02
98100  6867.81  0.02
98300  6867.81  0.02
98500  6867.81  0.02
98700  6867.81  0.02
98900  6867.81  0.02
99100  6867.81  0.02
99300  6867.81  0.02
99500  6867.81  0.02
99700  6867.81  0.02
99900  6867.81  0.02
100100  6867.81  0.02
100300  6867.81  0.02
100500  6867.81  0.02
100700  6867.81  0.02
100900  6867.81  0.02
101100  6867.81  0.02
101300  6867.81  0.02
101500  6867.81  0.02
101700  6867.81  0.02
101900  6867.81  0.02
102100  6867.81  0.02
102300  6867.81  0.02
102500  6867.81  0.02
102700  6867.81  0.02
102900  6867.81  0.02
103100  6867.81  0.02
103300  6867.81  0.02
103500  6867.81  0.02
103700  6867.81  0.02
103900  6867.81  0.02
104100  6867.81  0.02
104300  6867.81  0.02
104500  6867.81  0.02
104700  6867.81  0.02
104900  6867.81  0.02
105100  6867.81  0.02
105300  6867.81  0.02
105500  6867.81  0.02
105700  6867.81  0.02
105900  6867.81  0.02
106100  6867.81  0.02
106300  6867.81  0.02
106500  6867.81  0.02
106700  6867.81  0.02
106900  6867.81  0.02
107100  6867.81  0.02
107300  6867.81  0.02
107500  6867.81  0.02
107700  6867.81  0.02
107900  6867.81  0.02
108100  6867.81  0.02
108300  6867.81  0.02
108500  6867.81  0.02
108700  6867.81  0.02
108900  6867.81  0.02
109100  6867.81  0.02
109300  6867.81  0.02
109500  6867.81  0.02
109700  6867.81  0.02
109900  6867.81  0.02
110100  6867.81  0.02
110300  6867.81  0.02
110500  6867.81  0.02
110700  6867.81  0.02
110900  6867.81  0.02
111100  6867.81  0.02
111300  6867.81  0.02
111500  6867.81  0.02
111700  6867.81  0.02
111900  6867.81  0.02
112100  6867.81  0.02
112300  6867.81  0.02
112500  6867.81  0.02
112700  6867.81  0.02
112900  6867.81  0.02
113100  6867.81  0.02
113300  6867.81  0.02
113500  6867.81  0.02
113700  6867.81  0.02
113900  6867.81  0.02
114100  6867.81  0.02
114300  6867.81  0.02
114500  6867.81  0.02
114700  6867.81  0.02
114900  6867.81  0.02
115100  6867.81  0.02
115300  6867.81  0.02
115500  6867.81  0.02
115700  6867.81  0.02
115900  6867.81  0.02
116100  6867.81  0.02
116300  6867.81  0.02
116500  6867.81  0.02
116700  6867.81  0.02
116900  6867.81  0.02
117100  6867.81  0.02
117300  6867.81  0.02
117500  6867.81  0.02
117700  6867.81  0.02
117900  6867.81  0.02
118100  6867.81  0.02
118300  6867.81  0.02
118500  6867.81  0.02
118700  6867.81  0.02
118900  6867.81  0.02
119100  6867.81  0.02
119300  6867.81  0.02
119500  6867.81  0.02
119700  6867.81  0.02
119900  6867.81  0.02
120100  6867.81  0.02
120300  6867.81  0.02
120500  6867.81  0.02
120700  6867.81  0.02
120900  6867.81  0.02
121100  6867.81  0.02
121300  6867.81  0.02
121500  6867.81  0.02
121700  6867.81  0.02
121900  6867.81  0.02
122100  6867.81  0.02
122300  6867.81  0.02
122500  6867.81  0.02
122700  6867.81  0.02
122900  6867.81  0.02
123100  6867.81  0.02
123300  6867.81  0.02
123500  6867.81  0.02
123700  6867.81  0.02
123900  6867.81  0.02
124100  6867.81  0.02
124300  6867.81  0.02
124500  6867.81  0.02
124700  6867.81  0.02
124900  6867.81  0.02
125100  6867.81  0.02
125300  6867.81  0.02
125500  6867.81  0.02
125700  6867.81  0.02
125900  6867.81  0.02
126100  6867.81  0.02
126300  6867.81  0.02
126500  6867.81  0.02
126700  6867.81  0.02
126900  6867.81  0.02
127100  6867.81  0.02
127300  6867.81  0.02
127500  6867.81  0.02
127700  6867.81  0.02
127900  6867.81  0.02
128100  6867.81  0.02
128300  6867.81  0.02
128500  6867.81  0.02
128700  6867.81  0.02
128900  6867.81  0.02
129100  6867.81  0.02
129300  6867.81  0.02
129500  6867.81  0.02
129700  6867.81  0.02
129900  6867.81  0.02
130100  6867.81  0.02
130300  6867.81  0.02
130500  6867.81  0.02
130700  6867.81  0.02
130900  6867.81  0.02
131100  6867.81  0.02
131300  6867.81  0.02
131500  6867.81  0.02
131700  6867.81  0.02
131900  6867.81  0.02
132100  6867.81  0.02
132300  6867.81  0.02
132500  6867.81  0.02
132700  6867.81  0.02
132900  6867.81  0.02
133100  6867.81  0.02
133300  6867.81  0.02
133500  6867.81  0.02
133700  6867.81  0.02
133900  6867.81  0.02
134100  6867.81  0.02
134300  6867.81  0.02
134500  6867.81  0.02
134700  6867.81  0.02
134900  6867.81  0.02
135100  6867.81  0.02
135300  6867.81  0.02
135500  6867.81  0.02
135700  6867.81  0.02
135900  6867.81  0.02
136100  6867.81  0.02
136300  6867.81  0.02
136500  6867.81  0.02
136700  6867.81  0.02
136900  6867.81  0.02
137100  6867.81  0.02
137300  6867.81  0.02
137500  6867.81  0.02
137700  6867.81  0.02
137900  6867.81  0.02
138100  6867.81  0.02
138300  6867.81  0.02
138500  6867.81  0.02
138700  6867.81  0.02
138900  6867.81  0.02
139100  6867.81  0.02
139300  6867.81  0.02
139500  6867.81  0.02
139700  6867.81  0.02
139900  6867.81  0.02
140100  6867.81  0.02
140300  6867.81  0.02
140500  6867.81  0.02
140700  6867.81  0.02
140900  6867.81  0.02
141100  6867.81  0.02
141300  6867.81  0.02
141500  6867.81  0.02
141700  6867.81  0.02
141900  6867.81  0.02
142100  6867.81  0.02
142300  6867.81  0.02
142500  6867.81  0.02
142700  6867.81  0.02
142900  6867.81  0.02
143100  6867.81  0.02
143300  6867.81  0.02
143500  6867.81  0.02
143700  6867.81  0.02
143900  6867.81  0.02
144100  6867.81  0.02
144300  6867.81  0.02
144500  6867.81  0.02
144700  6867.81  0.02
144900  6867.81  0.02
145100  6867.81  0.02
145300  6867.81  0.02
145500  6867.81  0.02
145700  6867.81  0.02
145900  6867.81  0.02
146100  6867.81  0.02
146300  6867.81  0.02
146500  6867.81  0.02
146700  6867.81  0.02
146900  6867.81  0.02
147100  6867.81  0.02
147300  6867.81  0.02
147500  6867.81  0.02
147700  6867.81  0.02
147900  6867.81  0.02
148100  6867.81  0.02
148300  6867.81  0.02
148500  6867.81  0.02
148700  6867.81  0.02
148900  6867.81  0.02
149100  6867.81  0.02
149300  6867.81  0.02
149500  6867.81  0.02
149700  6867.81  0.02
149900  6867.81  0.02
