100  4577.25  0.96
300  13509.1  0.88
500  20349.3  0.82
700  22920.3  0.66
900  28261.2  0.62
1100  31514.1  0.58
1300  24098.8  0.38
1500  27608  0.38
1700  27910.5  0.34
1900  29277.4  0.32
2100  30149  0.3
2300  35290.9  0.32
2500  45867.8  0.38
2700  41310.3  0.32
2900  41342.8  0.3
3100  27489.7  0.18
3300  36832.9  0.24
3500  39262.4  0.24
3700  37671.5  0.22
3900  31970.5  0.18
4100  21260.9  0.12
4300  21518.7  0.1
4500  17981  0.08
4700  18759.3  0.08
4900  20333.1  0.1
5100  20000.3  0.08
5300  20601.8  0.08
5500  48500.9  0.18
5700  44619.6  0.16
5900  34142  0.12
6100  42474.2  0.14
6300  38002.8  0.12
6500  32493.7  0.1
6700  20099.9  0.06
6900  25510.5  0.08
7100  18978.3  0.06
7300  19377.8  0.06
7500  28937.9  0.08
7700  29518.5  0.08
7900  23705.7  0.06
8100  37147.3  0.1
8300  37988.3  0.1
8500  21704.3  0.06
8700  25797.5  0.06
8900  26175.5  0.06
9100  17585.2  0.04
9300  17785.3  0.04
9500  23704.3  0.06
9700  14401.4  0.04
9900  14601.5  0.04
10100  14801.6  0.04
10300  15001.6  0.04
10500  36246.6  0.08
10700  36834  0.08
10900  37508  0.08
11100  26972.2  0.06
11300  16077.3  0.04
11500  28652  0.06
11700  12410.5  0.04
11900  12610.6  0.04
12100  12809.4  0.04
12300  12299.5  0.02
12500  12407.1  0.02
12700  12407.1  0.02
12900  12407.1  0.02
13100  12407.1  0.02
13300  12407.1  0.02
13500  12407.1  0.02
13700  12407.1  0.02
13900  12407.1  0.02
14100  12407.1  0.02
14300  12407.1  0.02
14500  12407.1  0.02
14700  12407.1  0.02
14900  12407.1  0.02
15100  12407.1  0.02
15300  12407.1  0.02
15500  12407.1  0.02
15700  12407.1  0.02
15900  12407.1  0.02
16100  12407.1  0.02
16300  12407.1  0.02
16500  12407.1  0.02
16700  12407.1  0.02
16900  12407.1  0.02
17100  12407.1  0.02
17300  12407.1  0.02
17500  12407.1  0.02
17700  12407.1  0.02
17900  12407.1  0.02
18100  12407.1  0.02
18300  12407.1  0.02
18500  12407.1  0.02
18700  12407.1  0.02
18900  12407.1  0.02
19100  12407.1  0.02
19300  12407.1  0.02
19500  12407.1  0.02
19700  12407.1  0.02
19900  12407.1  0.02
20100  12407.1  0.02
20300  12407.1  0.02
20500  12407.1  0.02
20700  12407.1  0.02
20900  12407.1  0.02
21100  12407.1  0.02
21300  12407.1  0.02
21500  12407.1  0.02
21700  12407.1  0.02
21900  12407.1  0.02
22100  12407.1  0.02
22300  12407.1  0.02
22500  12407.1  0.02
22700  12407.1  0.02
22900  12407.1  0.02
23100  12407.1  0.02
23300  12407.1  0.02
23500  12407.1  0.02
23700  12407.1  0.02
23900  12407.1  0.02
24100  12407.1  0.02
24300  12407.1  0.02
24500  12407.1  0.02
24700  12407.1  0.02
24900  12407.1  0.02
25100  12407.1  0.02
25300  12407.1  0.02
25500  12407.1  0.02
25700  12407.1  0.02
25900  12407.1  0.02
26100  12407.1  0.02
26300  12407.1  0.02
26500  12407.1  0.02
26700  12407.1  0.02
26900  12407.1  0.02
27100  12407.1  0.02
27300  12407.1  0.02
27500  12407.1  0.02
27700  12407.1  0.02
27900  12407.1  0.02
28100  12407.1  0.02
28300  12407.1  0.02
28500  12407.1  0.02
28700  12407.1  0.02
28900  12407.1  0.02
29100  12407.1  0.02
29300  12407.1  0.02
29500  12407.1  0.02
29700  12407.1  0.02
29900  12407.1  0.02
30100  12407.1  0.02
30300  12407.1  0.02
30500  12407.1  0.02
30700  12407.1  0.02
30900  12407.1  0.02
31100  12407.1  0.02
31300  12407.1  0.02
31500  12407.1  0.02
31700  12407.1  0.02
31900  12407.1  0.02
32100  12407.1  0.02
32300  12407.1  0.02
32500  12407.1  0.02
32700  12407.1  0.02
32900  12407.1  0.02
33100  12407.1  0.02
33300  12407.1  0.02
33500  12407.1  0.02
33700  12407.1  0.02
33900  12407.1  0.02
34100  12407.1  0.02
34300  12407.1  0.02
34500  12407.1  0.02
34700  12407.1  0.02
34900  12407.1  0.02
35100  12407.1  0.02
35300  12407.1  0.02
35500  12407.1  0.02
35700  12407.1  0.02
35900  12407.1  0.02
36100  12407.1  0.02
36300  12407.1  0.02
36500  12407.1  0.02
36700  12407.1  0.02
36900  12407.1  0.02
37100  12407.1  0.02
37300  12407.1  0.02
37500  12407.1  0.02
37700  12407.1  0.02
37900  12407.1  0.02
38100  12407.1  0.02
38300  12407.1  0.02
38500  12407.1  0.02
38700  12407.1  0.02
38900  12407.1  0.02
39100  12407.1  0.02
39300  12407.1  0.02
39500  12407.1  0.02
39700  12407.1  0.02
39900  12407.1  0.02
40100  12407.1  0.02
40300  12407.1  0.02
40500  12407.1  0.02
40700  12407.1  0.02
40900  12407.1  0.02
41100  12407.1  0.02
41300  12407.1  0.02
41500  12407.1  0.02
41700  12407.1  0.02
41900  12407.1  0.02
42100  12407.1  0.02
42300  12407.1  0.02
42500  12407.1  0.02
42700  12407.1  0.02
42900  12407.1  0.02
43100  12407.1  0.02
43300  12407.1  0.02
43500  12407.1  0.02
43700  12407.1  0.02
43900  12407.1  0.02
44100  12407.1  0.02
44300  12407.1  0.02
44500  12407.1  0.02
44700  12407.1  0.02
44900  12407.1  0.02
45100  12407.1  0.02
45300  12407.1  0.02
45500  12407.1  0.02
45700  12407.1  0.02
45900  12407.1  0.02
46100  12407.1  0.02
46300  12407.1  0.02
46500  12407.1  0.02
46700  12407.1  0.02
46900  12407.1  0.02
47100  12407.1  0.02
47300  12407.1  0.02
47500  12407.1  0.02
47700  12407.1  0.02
47900  12407.1  0.02
48100  12407.1  0.02
48300  12407.1  0.02
48500  12407.1  0.02
48700  12407.1  0.02
48900  12407.1  0.02
49100  12407.1  0.02
49300  12407.1  0.02
49500  12407.1  0.02
49700  12407.1  0.02
49900  12407.1  0.02
50100  12407.1  0.02
50300  12407.1  0.02
50500  12407.1  0.02
50700  12407.1  0.02
50900  12407.1  0.02
51100  12407.1  0.02
51300  12407.1  0.02
51500  12407.1  0.02
51700  12407.1  0.02
51900  12407.1  0.02
52100  12407.1  0.02
52300  12407.1  0.02
52500  12407.1  0.02
52700  12407.1  0.02
52900  12407.1  0.02
53100  12407.1  0.02
53300  12407.1  0.02
53500  12407.1  0.02
53700  12407.1  0.02
53900  12407.1  0.02
54100  12407.1  0.02
54300  12407.1  0.02
54500  12407.1  0.02
54700  12407.1  0.02
54900  12407.1  0.02
55100  12407.1  0.02
55300  12407.1  0.02
55500  12407.1  0.02
55700  12407.1  0.02
55900  12407.1  0.02
56100  12407.1  0.02
56300  12407.1  0.02
56500  12407.1  0.02
56700  12407.1  0.02
56900  12407.1  0.02
57100  12407.1  0.02
57300  12407.1  0.02
57500  12407.1  0.02
57700  12407.1  0.02
57900  12407.1  0.02
58100  12407.1  0.02
58300  12407.1  0.02
58500  12407.1  0.02
58700  12407.1  0.02
58900  12407.1  0.02
59100  12407.1  0.02
59300  12407.1  0.02
59500  12407.1  0.02
59700  12407.1  0.02
59900  12407.1  0.02
60100  12407.1  0.02
60300  12407.1  0.02
60500  12407.1  0.02
60700  12407.1  0.02
60900  12407.1  0.02
61100  12407.1  0.02
61300  12407.1  0.02
61500  12407.1  0.02
61700  12407.1  0.02
61900  12407.1  0.02
62100  12407.1  0.02
62300  12407.1  0.02
62500  12407.1  0.02
62700  12407.1  0.02
62900  12407.1  0.02
63100  12407.1  0.02
63300  12407.1  0.02
63500  12407.1  0.02
63700  12407.1  0.02
63900  12407.1  0.02
64100  12407.1  0.02
64300  12407.1  0.02
64500  12407.1  0.02
64700  12407.1  0.02
64900  12407.1  0.02
65100  12407.1  0.02
65300  12407.1  0.02
65500  12407.1  0.02
65700  12407.1  0.02
65900  12407.1  0.02
66100  12407.1  0.02
66300  12407.1  0.02
66500  12407.1  0.02
66700  12407.1  0.02
66900  12407.1  0.02
67100  12407.1  0.02
67300  12407.1  0.02
67500  12407.1  0.02
67700  12407.1  0.02
67900  12407.1  0.02
68100  12407.1  0.02
68300  12407.1  0.02
68500  12407.1  0.02
68700  12407.1  0.02
68900  12407.1  0.02
69100  12407.1  0.02
69300  12407.1  0.02
69500  12407.1  0.02
69700  12407.1  0.02
69900  12407.1  0.02
70100  12407.1  0.02
70300  12407.1  0.02
70500  12407.1  0.02
70700  12407.1  0.02
70900  12407.1  0.02
71100  12407.1  0.02
71300  12407.1  0.02
71500  12407.1  0.02
71700  12407.1  0.02
71900  12407.1  0.02
72100  12407.1  0.02
72300  12407.1  0.02
72500  12407.1  0.02
72700  12407.1  0.02
72900  12407.1  0.02
73100  12407.1  0.02
73300  12407.1  0.02
73500  12407.1  0.02
73700  12407.1  0.02
73900  12407.1  0.02
74100  12407.1  0.02
74300  12407.1  0.02
74500  12407.1  0.02
74700  12407.1  0.02
74900  12407.1  0.02
75100  12407.1  0.02
75300  12407.1  0.02
75500  12407.1  0.02
75700  12407.1  0.02
75900  12407.1  0.02
76100  12407.1  0.02
76300  12407.1  0.02
76500  12407.1  0.02
76700  12407.1  0.02
76900  12407.1  0.02
77100  12407.1  0.02
77300  12407.1  0.02
77500  12407.1  0.02
77700  12407.1  0.02
77900  12407.1  0.02
78100  12407.1  0.02
78300  12407.1  0.02
78500  12407.1  0.02
78700  12407.1  0.02
78900  12407.1  0.02
79100  12407.1  0.02
79300  12407.1  0.02
79500  12407.1  0.02
79700  12407.1  0.02
79900  12407.1  0.02
80100  12407.1  0.02
80300  12407.1  0.02
80500  12407.1  0.02
80700  12407.1  0.02
80900  12407.1  0.02
81100  12407.1  0.02
81300  12407.1  0.02
81500  12407.1  0.02
81700  12407.1  0.02
81900  12407.1  0.02
82100  12407.1  0.02
82300  12407.1  0.02
82500  12407.1  0.02
82700  12407.1  0.02
82900  12407.1  0.02
83100  12407.1  0.02
83300  12407.1  0.02
83500  12407.1  0.02
83700  12407.1  0.02
83900  12407.1  0.02
84100  12407.1  0.02
84300  12407.1  0.02
84500  12407.1  0.02
84700  12407.1  0.02
84900  12407.1  0.02
85100  12407.1  0.02
85300  12407.1  0.02
85500  12407.1  0.02
85700  12407.1  0.02
85900  12407.1  0.02
86100  12407.1  0.02
86300  12407.1  0.02
86500  12407.1  0.02
86700  12407.1  0.02
86900  12407.1  0.02
87100  12407.1  0.02
87300  12407.1  0.02
87500  12407.1  0.02
87700  12407.1  0.02
87900  12407.1  0.02
88100  12407.1  0.02
88300  12407.1  0.02
88500  12407.1  0.02
88700  12407.1  0.02
88900  12407.1  0.02
89100  12407.1  0.02
89300  12407.1  0.02
89500  12407.1  0.02
89700  12407.1  0.02
89900  12407.1  0.02
90100  12407.1  0.02
90300  12407.1  0.02
90500  12407.1  0.02
90700  12407.1  0.02
90900  12407.1  0.02
91100  12407.1  0.02
91300  12407.1  0.02
91500  12407.1  0.02
91700  12407.1  0.02
91900  12407.1  0.02
92100  12407.1  0.02
92300  12407.1  0.02
92500  12407.1  0.02
92700  12407.1  0.02
92900  12407.1  0.02
93100  12407.1  0.02
93300  12407.1  0.02
93500  12407.1  0.02
93700  12407.1  0.02
93900  12407.1  0.02
94100  12407.1  0.02
94300  12407.1  0.02
94500  12407.1  0.02
94700  12407.1  0.02
94900  12407.1  0.02
95100  12407.1  0.02
95300  12407.1  0.02
95500  12407.1  0.02
95700  12407.1  0.02
95900  12407.1  0.02
96100  12407.1  0.02
96300  12407.1  0.02
96500  12407.1  0.02
96700  12407.1  0.02
96900  12407.1  0.02
97100  12407.1  0.02
97300  12407.1  0.02
97500  12407.1  0.02
97700  12407.1  0.02
97900  12407.1  0.02
98100  12407.1  0.02
98300  12407.1  0.02
98500  12407.1  0.02
98700  12407.1  0.02
98900  12407.1  0.02
99100  12407.1  0.02
99300  12407.1  0.02
99500  12407.1  0.02
99700  12407.1  0.02
99900  12407.1  0.02
100100  12407.1  0.02
100300  12407.1  0.02
100500  12407.1  0.02
100700  12407.1  0.02
100900  12407.1  0.02
101100  12407.1  0.02
101300  12407.1  0.02
101500  12407.1  0.02
101700  12407.1  0.02
101900  12407.1  0.02
102100  12407.1  0.02
102300  12407.1  0.02
102500  12407.1  0.02
102700  12407.1  0.02
102900  12407.1  0.02
103100  12407.1  0.02
103300  12407.1  0.02
103500  12407.1  0.02
103700  12407.1  0.02
103900  12407.1  0.02
104100  12407.1  0.02
104300  12407.1  0.02
104500  12407.1  0.02
104700  12407.1  0.02
104900  12407.1  0.02
105100  12407.1  0.02
105300  12407.1  0.02
105500  12407.1  0.02
105700  12407.1  0.02
105900  12407.1  0.02
106100  12407.1  0.02
106300  12407.1  0.02
106500  12407.1  0.02
106700  12407.1  0.02
106900  12407.1  0.02
107100  12407.1  0.02
107300  12407.1  0.02
107500  12407.1  0.02
107700  12407.1  0.02
107900  12407.1  0.02
108100  12407.1  0.02
108300  12407.1  0.02
108500  12407.1  0.02
108700  12407.1  0.02
108900  12407.1  0.02
109100  12407.1  0.02
109300  12407.1  0.02
109500  12407.1  0.02
109700  12407.1  0.02
109900  12407.1  0.02
110100  12407.1  0.02
110300  12407.1  0.02
110500  12407.1  0.02
110700  12407.1  0.02
110900  12407.1  0.02
111100  12407.1  0.02
111300  12407.1  0.02
111500  12407.1  0.02
111700  12407.1  0.02
111900  12407.1  0.02
112100  12407.1  0.02
112300  12407.1  0.02
112500  12407.1  0.02
112700  12407.1  0.02
112900  12407.1  0.02
113100  12407.1  0.02
113300  12407.1  0.02
113500  12407.1  0.02
113700  12407.1  0.02
113900  12407.1  0.02
114100  12407.1  0.02
114300  12407.1  0.02
114500  12407.1  0.02
114700  12407.1  0.02
114900  12407.1  0.02
115100  12407.1  0.02
115300  12407.1  0.02
115500  12407.1  0.02
115700  12407.1  0.02
115900  12407.1  0.02
116100  12407.1  0.02
116300  12407.1  0.02
116500  12407.1  0.02
116700  12407.1  0.02
116900  12407.1  0.02
117100  12407.1  0.02
117300  12407.1  0.02
117500  12407.1  0.02
117700  12407.1  0.02
117900  12407.1  0.02
118100  12407.1  0.02
118300  12407.1  0.02
118500  12407.1  0.02
118700  12407.1  0.02
118900  12407.1  0.02
119100  12407.1  0.02
119300  12407.1  0.02
119500  12407.1  0.02
119700  12407.1  0.02
119900  12407.1  0.02
120100  12407.1  0.02
120300  12407.1  0.02
120500  12407.1  0.02
120700  12407.1  0.02
120900  12407.1  0.02
121100  12407.1  0.02
121300  12407.1  0.02
121500  12407.1  0.02
121700  12407.1  0.02
121900  12407.1  0.02
122100  12407.1  0.02
122300  12407.1  0.02
122500  12407.1  0.02
122700  12407.1  0.02
122900  12407.1  0.02
123100  12407.1  0.02
123300  12407.1  0.02
123500  12407.1  0.02
123700  12407.1  0.02
123900  12407.1  0.02
124100  12407.1  0.02
124300  12407.1  0.02
124500  12407.1  0.02
124700  12407.1  0.02
124900  12407.1  0.02
125100  12407.1  0.02
125300  12407.1  0.02
125500  12407.1  0.02
125700  12407.1  0.02
125900  12407.1  0.02
126100  12407.1  0.02
126300  12407.1  0.02
126500  12407.1  0.02
126700  12407.1  0.02
126900  12407.1  0.02
127100  12407.1  0.02
127300  12407.1  0.02
127500  12407.1  0.02
127700  12407.1  0.02
127900  12407.1  0.02
128100  12407.1  0.02
128300  12407.1  0.02
128500  12407.1  0.02
128700  12407.1  0.02
128900  12407.1  0.02
129100  12407.1  0.02
129300  12407.1  0.02
129500  12407.1  0.02
129700  12407.1  0.02
129900  12407.1  0.02
130100  12407.1  0.02
130300  12407.1  0.02
130500  12407.1  0.02
130700  12407.1  0.02
130900  12407.1  0.02
131100  12407.1  0.02
131300  12407.1  0.02
131500  12407.1  0.02
131700  12407.1  0.02
131900  12407.1  0.02
132100  12407.1  0.02
132300  12407.1  0.02
132500  12407.1  0.02
132700  12407.1  0.02
132900  12407.1  0.02
133100  12407.1  0.02
133300  12407.1  0.02
133500  12407.1  0.02
133700  12407.1  0.02
133900  12407.1  0.02
134100  12407.1  0.02
134300  12407.1  0.02
134500  12407.1  0.02
134700  12407.1  0.02
134900  12407.1  0.02
135100  12407.1  0.02
135300  12407.1  0.02
135500  12407.1  0.02
135700  12407.1  0.02
135900  12407.1  0.02
136100  12407.1  0.02
136300  12407.1  0.02
136500  12407.1  0.02
136700  12407.1  0.02
136900  12407.1  0.02
137100  12407.1  0.02
137300  12407.1  0.02
137500  12407.1  0.02
137700  12407.1  0.02
137900  12407.1  0.02
138100  12407.1  0.02
138300  12407.1  0.02
138500  12407.1  0.02
138700  12407.1  0.02
138900  12407.1  0.02
139100  12407.1  0.02
139300  12407.1  0.02
139500  12407.1  0.02
139700  12407.1  0.02
139900  12407.1  0.02
140100  12407.1  0.02
140300  12407.1  0.02
140500  12407.1  0.02
140700  12407.1  0.02
140900  12407.1  0.02
141100  12407.1  0.02
141300  12407.1  0.02
141500  12407.1  0.02
141700  12407.1  0.02
141900  12407.1  0.02
142100  12407.1  0.02
142300  12407.1  0.02
142500  12407.1  0.02
142700  12407.1  0.02
142900  12407.1  0.02
143100  12407.1  0.02
143300  12407.1  0.02
143500  12407.1  0.02
143700  12407.1  0.02
143900  12407.1  0.02
144100  12407.1  0.02
144300  12407.1  0.02
144500  12407.1  0.02
144700  12407.1  0.02
144900  12407.1  0.02
145100  12407.1  0.02
145300  12407.1  0.02
145500  12407.1  0.02
145700  12407.1  0.02
145900  12407.1  0.02
146100  12407.1  0.02
146300  12407.1  0.02
146500  12407.1  0.02
146700  12407.1  0.02
146900  12407.1  0.02
147100  12407.1  0.02
147300  12407.1  0.02
147500  12407.1  0.02
147700  12407.1  0.02
147900  12407.1  0.02
148100  12407.1  0.02
148300  12407.1  0.02
148500  12407.1  0.02
148700  12407.1  0.02
148900  12407.1  0.02
149100  12407.1  0.02
149300  12407.1  0.02
149500  12407.1  0.02
149700  12407.1  0.02
149900  12407.1  0.02
