100  4500.72  0.98
300  11749.8  0.76
500  15975.7  0.64
700  19669.8  0.56
900  20889.3  0.46
1100  24015  0.44
1300  24711.4  0.38
1500  28580.1  0.38
1700  20409.4  0.24
1900  22548.4  0.24
2100  34015.3  0.32
2300  30703  0.28
2500  26131.8  0.22
2700  22622.1  0.18
2900  15326.3  0.12
3100  17371.3  0.12
3300  30732.5  0.2
3500  31208  0.18
3700  32918.1  0.18
3900  34476.8  0.18
4100  36074.3  0.18
4300  37850.6  0.18
4500  31676.4  0.14
4700  28156.4  0.12
4900  34272  0.14
5100  35598.3  0.14
5300  37183.8  0.14
5500  33050.1  0.12
5700  33975.6  0.12
5900  20129.8  0.08
6100  19901.9  0.08
6300  20014.6  0.08
6500  29331  0.1
6700  26733.8  0.08
6900  27663.4  0.08
7100  21269.7  0.06
7300  21624.7  0.06
7500  21979.8  0.06
7700  22429.2  0.06
7900  22950.4  0.06
8100  23305.4  0.06
8300  23660.4  0.06
8500  24015.5  0.06
8700  24370.5  0.06
8900  24891.7  0.06
9100  25246.7  0.06
9300  25601.7  0.06
9500  26051.2  0.06
9700  26406.2  0.06
9900  26927.4  0.06
10100  27282.4  0.06
10300  27637.4  0.06
10500  27992.4  0.06
10700  28347.5  0.06
10900  28868.6  0.06
11100  29318.1  0.06
11300  29673.1  0.06
11500  30028.1  0.06
11700  30383.2  0.06
11900  30904.3  0.06
12100  31259.3  0.06
12300  31612.9  0.06
12500  31966.4  0.06
12700  32320  0.06
12900  32933.4  0.06
13100  33286.9  0.06
13300  33640.5  0.06
13500  33994  0.06
13700  34347.5  0.06
13900  34867.2  0.06
14100  35220.8  0.06
14300  35574.3  0.06
14500  63020.9  0.1
14700  63574.8  0.1
14900  64301.1  0.1
15100  65300.6  0.1
15300  65854.4  0.1
15500  87732.2  0.12
15700  88665.4  0.12
15900  89860.9  0.12
16100  90604.3  0.12
16300  139680  0.18
16500  140844  0.18
16700  142532  0.18
16900  127334  0.16
17100  128497  0.16
17300  130175  0.16
17500  131228  0.16
17700  133013  0.16
17900  134330  0.16
18100  135835  0.16
18300  137067  0.16
18500  138686  0.16
18700  139895  0.16
18900  141127  0.16
19100  142752  0.16
19300  106432  0.12
19500  107642  0.12
19700  108614  0.12
19900  109824  0.12
20100  110595  0.12
20300  111752  0.12
20500  92128.1  0.1
20700  92848.1  0.1
20900  93847.6  0.1
21100  94407.8  0.1
21300  95501.7  0.1
21500  96055.6  0.1
21700  97221.2  0.1
21900  97775  0.1
22100  98774.5  0.1
22300  99334.7  0.1
22500  100754  0.1
22700  101920  0.1
22900  102474  0.1
23100  103568  0.1
23300  104128  0.1
23500  105127  0.1
23700  98428.2  0.1
23900  99427.7  0.1
24100  99981.5  0.1
24300  100987  0.1
24500  101541  0.1
24700  102356  0.1
24900  103355  0.1
25100  103909  0.1
25300  127639  0.12
25500  105396  0.1
25700  106561  0.1
25900  107115  0.1
26100  108115  0.1
26300  236494  0.18
26500  238092  0.18
26700  239919  0.18
26900  241008  0.18
27100  242785  0.18
27300  124822  0.1
27500  125994  0.1
27700  126548  0.1
27900  141171  0.12
28100  142012  0.12
28300  142767  0.12
28500  129109  0.1
28700  129663  0.1
28900  131452  0.1
29100  132006  0.1
29300  255216  0.18
29500  227218  0.16
29700  98942.9  0.08
29900  99392.4  0.08
30100  100193  0.08
30300  157079  0.12
30500  158024  0.12
30700  159204  0.12
30900  159983  0.12
31100  161163  0.12
31300  161942  0.12
31500  163381  0.12
31700  164160  0.12
31900  165340  0.12
32100  166075  0.12
32300  166786  0.12
32500  168132  0.12
32700  168911  0.12
32900  170091  0.12
33100  170870  0.12
33300  172143  0.12
33500  173088  0.12
33700  174268  0.12
33900  175003  0.12
34100  176227  0.12
34300  176962  0.12
34500  177839  0.12
34700  179019  0.12
34900  179891  0.12
35100  181071  0.12
35300  181850  0.12
35500  183196  0.12
35700  183931  0.12
35900  117488  0.08
36100  117841  0.08
36300  118194  0.08
36500  119157  0.08
36700  119604  0.08
36900  142528  0.08
37100  142883  0.08
37300  143850  0.08
37500  144205  0.08
37700  145005  0.08
37900  145360  0.08
38100  145715  0.08
38300  146777  0.08
38500  147132  0.08
38700  147932  0.08
38900  148287  0.08
39100  149088  0.08
39300  149609  0.08
39500  150410  0.08
39700  150765  0.08
39900  151566  0.08
40100  152015  0.08
40300  152536  0.08
40500  153337  0.08
40700  153692  0.08
40900  154493  0.08
41100  154848  0.08
41300  155815  0.08
41500  156170  0.08
41700  157065  0.08
41900  157420  0.08
42100  157775  0.08
42300  158742  0.08
42500  159097  0.08
42700  159898  0.08
42900  160253  0.08
43100  161053  0.08
43300  161575  0.08
43500  162470  0.08
43700  162818  0.08
43900  163166  0.08
44100  163956  0.08
44300  164470  0.08
44500  165260  0.08
44700  165605  0.08
44900  166392  0.08
45100  166827  0.08
45300  167777  0.08
45500  168121  0.08
45700  168908  0.08
45900  169253  0.08
46100  169597  0.08
46300  170547  0.08
46500  170891  0.08
46700  171678  0.08
46900  172113  0.08
47100  173063  0.08
47300  173407  0.08
47500  174194  0.08
47700  174539  0.08
47900  174883  0.08
48100  175833  0.08
48300  176177  0.08
48500  177055  0.08
48700  177400  0.08
48900  178186  0.08
49100  178693  0.08
49300  179480  0.08
49500  179825  0.08
49700  180612  0.08
49900  205318  0.1
50100  206045  0.1
50300  207146  0.1
50500  207638  0.1
50700  208645  0.1
50900  209206  0.1
51100  210379  0.1
51300  210940  0.1
51500  211947  0.1
51700  212508  0.1
51900  213163  0.1
52100  214336  0.1
52300  214897  0.1
52500  215904  0.1
52700  216465  0.1
52900  217403  0.1
53100  218130  0.1
53300  219136  0.1
53500  219697  0.1
53700  220353  0.1
53900  221360  0.1
54100  222087  0.1
54300  223094  0.1
54500  223655  0.1
54700  224661  0.1
54900  225222  0.1
55100  226326  0.1
55300  226982  0.1
55500  227989  0.1
55700  228550  0.1
55900  229111  0.1
56100  230283  0.1
56300  230844  0.1
56500  231851  0.1
56700  232412  0.1
56900  233419  0.1
57100  234241  0.1
57300  235247  0.1
57500  235740  0.1
57700  236301  0.1
57900  237473  0.1
58100  238034  0.1
58300  239041  0.1
58500  239602  0.1
58700  240703  0.1
58900  241430  0.1
59100  242437  0.1
59300  242998  0.1
59500  243559  0.1
59700  244497  0.1
59900  245224  0.1
60100  246231  0.1
60300  246792  0.1
60500  247893  0.1
60700  248454  0.1
60900  249627  0.1
61100  250188  0.1
61300  251195  0.1
61500  251756  0.1
61700  252317  0.1
61900  253490  0.1
62100  254077  0.1
62300  255083  0.1
62500  255644  0.1
62700  256651  0.1
62900  257378  0.1
63100  330699  0.12
63300  331444  0.12
63500  332215  0.12
63700  333432  0.12
63900  334437  0.12
64100  335654  0.12
64300  337145  0.12
64500  338336  0.12
64700  339107  0.12
64900  340464  0.12
65100  341235  0.12
65300  342451  0.12
65500  343290  0.12
65700  344061  0.12
65900  345418  0.12
66100  346189  0.12
66300  444258  0.14
66500  445204  0.14
66700  446553  0.14
66900  447699  0.14
67100  449066  0.14
67300  450166  0.14
67500  451087  0.14
67700  452705  0.14
67900  453652  0.14
68100  455019  0.14
68300  456025  0.14
68500  457418  0.14
68700  458564  0.14
68900  459982  0.14
69100  460903  0.14
69300  461909  0.14
69500  463302  0.14
69700  464448  0.14
69900  465841  0.14
70100  466762  0.14
70300  468214  0.14
70500  469161  0.14
70700  159990  0.06
70900  160345  0.06
71100  160700  0.06
71300  161055  0.06
71500  161410  0.06
71700  161932  0.06
71900  162287  0.06
72100  162642  0.06
72300  163091  0.06
72500  163446  0.06
72700  163967  0.06
72900  164322  0.06
73100  164677  0.06
73300  165032  0.06
73500  165387  0.06
73700  165908  0.06
73900  166264  0.06
74100  166713  0.06
74300  167068  0.06
74500  154732  0.06
74700  155253  0.06
74900  155608  0.06
75100  155963  0.06
75300  156318  0.06
75500  156674  0.06
75700  157289  0.06
75900  157644  0.06
76100  157999  0.06
76300  158354  0.06
76500  158709  0.06
76700  159230  0.06
76900  159585  0.06
77100  159940  0.06
77300  160295  0.06
77500  160745  0.06
77700  161266  0.06
77900  161621  0.06
78100  161976  0.06
78300  162331  0.06
78500  162852  0.06
78700  163207  0.06
78900  163562  0.06
79100  164012  0.06
79300  164367  0.06
79500  164888  0.06
79700  165243  0.06
79900  165598  0.06
80100  165953  0.06
80300  166308  0.06
80500  166829  0.06
80700  167184  0.06
80900  167634  0.06
81100  167989  0.06
81300  168344  0.06
81500  168865  0.06
81700  169220  0.06
81900  169575  0.06
82100  169930  0.06
82300  170285  0.06
82500  170901  0.06
82700  171256  0.06
82900  171611  0.06
83100  171966  0.06
83300  172321  0.06
83500  172842  0.06
83700  173197  0.06
83900  173552  0.06
84100  173907  0.06
84300  174356  0.06
84500  174878  0.06
84700  175233  0.06
84900  175588  0.06
85100  175943  0.06
85300  176298  0.06
85500  176819  0.06
85700  177174  0.06
85900  177623  0.06
86100  177978  0.06
86300  178333  0.06
86500  178855  0.06
86700  179210  0.06
86900  179565  0.06
87100  179920  0.06
87300  180275  0.06
87500  180796  0.06
87700  147552  0.04
87900  147718  0.04
88100  147884  0.04
88300  148217  0.04
88500  148383  0.04
88700  148549  0.04
88900  148715  0.04
89100  148881  0.04
89300  149214  0.04
89500  149380  0.04
89700  149546  0.04
89900  149712  0.04
90100  149878  0.04
90300  150210  0.04
90500  150376  0.04
90700  150543  0.04
90900  150709  0.04
91100  150875  0.04
91300  151207  0.04
91500  151373  0.04
91700  151539  0.04
91900  151706  0.04
92100  151872  0.04
92300  152204  0.04
92500  152370  0.04
92700  152536  0.04
92900  152702  0.04
93100  152868  0.04
93300  153201  0.04
93500  153367  0.04
93700  153533  0.04
93900  153699  0.04
94100  153865  0.04
94300  154198  0.04
94500  154364  0.04
94700  154530  0.04
94900  154696  0.04
95100  154862  0.04
95300  155194  0.04
95500  155360  0.04
95700  155527  0.04
95900  155693  0.04
96100  155859  0.04
96300  156191  0.04
96500  156357  0.04
96700  156523  0.04
96900  156690  0.04
97100  156856  0.04
97300  157188  0.04
97500  157354  0.04
97700  157520  0.04
97900  157686  0.04
98100  200924  0.06
98300  201481  0.06
98500  201827  0.06
98700  202218  0.06
98900  202564  0.06
99100  203076  0.06
99300  203467  0.06
99500  203814  0.06
99700  204205  0.06
99900  204551  0.06
100100  205108  0.06
100300  205454  0.06
100500  205845  0.06
100700  206191  0.06
100900  206537  0.06
101100  207095  0.06
101300  207441  0.06
101500  207832  0.06
101700  208178  0.06
101900  208569  0.06
102100  209081  0.06
102300  209473  0.06
102500  209819  0.06
102700  210165  0.06
102900  210556  0.06
103100  211068  0.06
103300  211459  0.06
103500  211805  0.06
103700  212196  0.06
103900  212543  0.06
104100  213100  0.06
104300  213446  0.06
104500  213792  0.06
104700  214183  0.06
104900  214529  0.06
105100  427861  0.1
105300  428871  0.1
105500  429452  0.1
105700  430438  0.1
105900  431042  0.1
106100  431744  0.1
106300  432754  0.1
106500  433335  0.1
106700  434345  0.1
106900  328137  0.08
107100  328839  0.08
107300  329444  0.08
107500  329979  0.08
107700  330584  0.08
107900  117507  0.04
108100  117840  0.04
108300  118006  0.04
108500  118172  0.04
108700  118338  0.04
108900  118504  0.04
109100  118836  0.04
109300  119003  0.04
109500  141206  0.04
109700  141372  0.04
109900  141705  0.04
110100  141871  0.04
110300  142037  0.04
110500  142203  0.04
110700  142369  0.04
110900  142701  0.04
111100  142867  0.04
111300  143034  0.04
111500  143200  0.04
111700  143366  0.04
111900  143698  0.04
112100  143864  0.04
112300  144030  0.04
112500  144197  0.04
112700  144363  0.04
112900  144695  0.04
113100  144861  0.04
113300  145027  0.04
113500  145193  0.04
113700  145359  0.04
113900  145692  0.04
114100  145858  0.04
114300  146024  0.04
114500  146190  0.04
114700  146356  0.04
114900  146689  0.04
115100  146855  0.04
115300  147021  0.04
115500  147187  0.04
115700  147353  0.04
115900  147685  0.04
116100  147851  0.04
116300  148018  0.04
116500  148184  0.04
116700  148350  0.04
116900  148682  0.04
117100  148848  0.04
117300  149014  0.04
117500  149181  0.04
117700  149347  0.04
117900  149679  0.04
118100  149845  0.04
118300  150011  0.04
118500  150177  0.04
118700  150343  0.04
118900  150676  0.04
119100  150842  0.04
119300  151008  0.04
119500  151174  0.04
119700  151506  0.04
119900  151673  0.04
120100  151839  0.04
120300  152005  0.04
120500  152171  0.04
120700  152503  0.04
120900  152669  0.04
121100  152835  0.04
121300  153002  0.04
121500  153168  0.04
121700  153500  0.04
121900  153666  0.04
122100  153832  0.04
122300  153998  0.04
122500  154165  0.04
122700  154497  0.04
122900  154663  0.04
123100  154829  0.04
123300  154995  0.04
123500  155161  0.04
123700  155494  0.04
123900  155660  0.04
124100  155826  0.04
124300  155992  0.04
124500  156158  0.04
124700  156490  0.04
124900  156657  0.04
125100  156823  0.04
125300  156989  0.04
125500  157155  0.04
125700  157487  0.04
125900  157653  0.04
126100  157819  0.04
126300  157986  0.04
126500  158152  0.04
126700  158484  0.04
126900  158650  0.04
127100  158816  0.04
127300  158982  0.04
127500  159149  0.04
127700  159481  0.04
127900  159647  0.04
128100  159813  0.04
128300  159979  0.04
128500  160145  0.04
128700  160478  0.04
128900  160644  0.04
129100  160810  0.04
129300  160976  0.04
129500  161142  0.04
129700  161474  0.04
129900  161640  0.04
130100  161807  0.04
130300  161973  0.04
130500  162305  0.04
130700  162471  0.04
130900  162637  0.04
131100  162803  0.04
131300  162970  0.04
131500  163302  0.04
131700  163468  0.04
131900  163634  0.04
132100  163800  0.04
132300  163966  0.04
132500  164299  0.04
132700  164465  0.04
132900  164631  0.04
133100  164797  0.04
133300  164963  0.04
133500  165295  0.04
133700  165462  0.04
133900  165628  0.04
134100  165794  0.04
134300  165960  0.04
134500  166292  0.04
134700  166458  0.04
134900  166624  0.04
135100  166791  0.04
135300  166957  0.04
135500  167289  0.04
135700  167455  0.04
135900  167621  0.04
136100  167787  0.04
136300  167954  0.04
136500  168286  0.04
136700  168452  0.04
136900  168618  0.04
137100  168784  0.04
137300  168950  0.04
137500  169283  0.04
137700  473940  0.08
137900  474652  0.08
138100  475024  0.08
138300  475736  0.08
138500  476614  0.08
138700  476986  0.08
138900  477697  0.08
139100  478070  0.08
139300  478762  0.08
139500  479271  0.08
139700  479954  0.08
139900  480637  0.08
140100  480921  0.08
140300  481770  0.08
140500  482113  0.08
140700  482796  0.08
140900  483139  0.08
141100  483822  0.08
141300  484671  0.08
141500  485014  0.08
141700  485697  0.08
141900  486040  0.08
142100  486723  0.08
142300  487173  0.08
142500  487856  0.08
142700  488539  0.08
142900  488882  0.08
143100  489565  0.08
143300  490074  0.08
143500  490757  0.08
143700  491100  0.08
143900  491783  0.08
144100  492465  0.08
144300  492975  0.08
144500  493657  0.08
144700  493942  0.08
144900  494624  0.08
145100  494968  0.08
145300  495817  0.08
145500  496499  0.08
145700  496842  0.08
145900  497525  0.08
146100  497868  0.08
146300  498717  0.08
146500  499400  0.08
146700  499743  0.08
146900  500367  0.08
147100  500710  0.08
147300  501559  0.08
147500  501902  0.08
147700  502585  0.08
147900  503268  0.08
148100  503611  0.08
148300  455281  0.08
148500  455653  0.08
148700  456374  0.08
148900  456747  0.08
149100  457468  0.08
149300  458287  0.08
149500  458659  0.08
149700  459380  0.08
149900  459752  0.08
