100  4264.39  0.98
300  12868.5  0.86
500  16455.2  0.66
700  19654.8  0.56
900  17856.7  0.4
1100  18812.9  0.34
1300  20324.1  0.32
1500  26553.3  0.36
1700  19729.2  0.24
1900  21895.5  0.24
2100  20697.1  0.2
2300  28483.7  0.26
2500  20931.5  0.18
2700  22483.2  0.18
2900  12987.1  0.1
3100  23238.2  0.16
3300  32408.6  0.2
3500  28906.9  0.18
3700  26760.6  0.16
3900  22236.5  0.12
4100  13201.6  0.08
4300  13795.5  0.08
4500  14391.7  0.08
4700  14985.7  0.08
4900  16092.3  0.08
5100  15309.8  0.06
5300  16067.4  0.06
5500  10901.9  0.04
5700  13178.2  0.06
5900  7302.29  0.04
6100  13053.6  0.06
6300  13448.9  0.06
6500  7501.04  0.04
6700  8480.31  0.04
6900  23343.2  0.08
7100  9773.3  0.04
7300  14645.2  0.04
7500  14951.7  0.04
7700  7700.08  0.02
7900  7721.09  0.02
8100  7721.09  0.02
8300  7721.09  0.02
8500  7721.09  0.02
8700  7721.09  0.02
8900  7721.09  0.02
9100  7721.09  0.02
9300  7721.09  0.02
9500  7721.09  0.02
9700  7721.09  0.02
9900  7721.09  0.02
10100  7721.09  0.02
10300  7721.09  0.02
10500  7721.09  0.02
10700  7721.09  0.02
10900  7721.09  0.02
11100  7721.09  0.02
11300  7721.09  0.02
11500  7721.09  0.02
11700  7721.09  0.02
11900  7721.09  0.02
12100  7721.09  0.02
12300  7721.09  0.02
12500  7721.09  0.02
12700  7721.09  0.02
12900  7721.09  0.02
13100  7721.09  0.02
13300  7721.09  0.02
13500  7721.09  0.02
13700  7721.09  0.02
13900  7721.09  0.02
14100  7721.09  0.02
14300  7721.09  0.02
14500  7721.09  0.02
14700  7721.09  0.02
14900  7721.09  0.02
15100  7721.09  0.02
15300  7721.09  0.02
15500  7721.09  0.02
15700  7721.09  0.02
15900  7721.09  0.02
16100  7721.09  0.02
16300  7721.09  0.02
16500  7721.09  0.02
16700  7721.09  0.02
16900  7721.09  0.02
17100  7721.09  0.02
17300  7721.09  0.02
17500  7721.09  0.02
17700  7721.09  0.02
17900  7721.09  0.02
18100  7721.09  0.02
18300  7721.09  0.02
18500  7721.09  0.02
18700  7721.09  0.02
18900  7721.09  0.02
19100  7721.09  0.02
19300  7721.09  0.02
19500  7721.09  0.02
19700  7721.09  0.02
19900  7721.09  0.02
20100  7721.09  0.02
20300  7721.09  0.02
20500  7721.09  0.02
20700  7721.09  0.02
20900  7721.09  0.02
21100  7721.09  0.02
21300  7721.09  0.02
21500  7721.09  0.02
21700  7721.09  0.02
21900  7721.09  0.02
22100  7721.09  0.02
22300  7721.09  0.02
22500  7721.09  0.02
22700  7721.09  0.02
22900  7721.09  0.02
23100  7721.09  0.02
23300  7721.09  0.02
23500  7721.09  0.02
23700  7721.09  0.02
23900  7721.09  0.02
24100  7721.09  0.02
24300  7721.09  0.02
24500  7721.09  0.02
24700  7721.09  0.02
24900  7721.09  0.02
25100  7721.09  0.02
25300  7721.09  0.02
25500  7721.09  0.02
25700  7721.09  0.02
25900  7721.09  0.02
26100  7721.09  0.02
26300  7721.09  0.02
26500  7721.09  0.02
26700  7721.09  0.02
26900  7721.09  0.02
27100  7721.09  0.02
27300  7721.09  0.02
27500  7721.09  0.02
27700  7721.09  0.02
27900  7721.09  0.02
28100  7721.09  0.02
28300  7721.09  0.02
28500  7721.09  0.02
28700  7721.09  0.02
28900  7721.09  0.02
29100  7721.09  0.02
29300  7721.09  0.02
29500  7721.09  0.02
29700  7721.09  0.02
29900  7721.09  0.02
30100  7721.09  0.02
30300  7721.09  0.02
30500  7721.09  0.02
30700  7721.09  0.02
30900  7721.09  0.02
31100  7721.09  0.02
31300  7721.09  0.02
31500  7721.09  0.02
31700  7721.09  0.02
31900  7721.09  0.02
32100  7721.09  0.02
32300  7721.09  0.02
32500  7721.09  0.02
32700  7721.09  0.02
32900  7721.09  0.02
33100  7721.09  0.02
33300  7721.09  0.02
33500  7721.09  0.02
33700  7721.09  0.02
33900  7721.09  0.02
34100  7721.09  0.02
34300  7721.09  0.02
34500  7721.09  0.02
34700  7721.09  0.02
34900  7721.09  0.02
35100  7721.09  0.02
35300  7721.09  0.02
35500  7721.09  0.02
35700  7721.09  0.02
35900  7721.09  0.02
36100  7721.09  0.02
36300  7721.09  0.02
36500  7721.09  0.02
36700  7721.09  0.02
36900  7721.09  0.02
37100  7721.09  0.02
37300  7721.09  0.02
37500  7721.09  0.02
37700  7721.09  0.02
37900  7721.09  0.02
38100  7721.09  0.02
38300  7721.09  0.02
38500  7721.09  0.02
38700  7721.09  0.02
38900  7721.09  0.02
39100  7721.09  0.02
39300  7721.09  0.02
39500  7721.09  0.02
39700  7721.09  0.02
39900  7721.09  0.02
40100  7721.09  0.02
40300  7721.09  0.02
40500  7721.09  0.02
40700  7721.09  0.02
40900  7721.09  0.02
41100  7721.09  0.02
41300  7721.09  0.02
41500  7721.09  0.02
41700  7721.09  0.02
41900  7721.09  0.02
42100  7721.09  0.02
42300  7721.09  0.02
42500  7721.09  0.02
42700  7721.09  0.02
42900  7721.09  0.02
43100  7721.09  0.02
43300  7721.09  0.02
43500  7721.09  0.02
43700  7721.09  0.02
43900  7721.09  0.02
44100  7721.09  0.02
44300  7721.09  0.02
44500  7721.09  0.02
44700  7721.09  0.02
44900  7721.09  0.02
45100  7721.09  0.02
45300  7721.09  0.02
45500  7721.09  0.02
45700  7721.09  0.02
45900  7721.09  0.02
46100  7721.09  0.02
46300  7721.09  0.02
46500  7721.09  0.02
46700  7721.09  0.02
46900  7721.09  0.02
47100  7721.09  0.02
47300  7721.09  0.02
47500  7721.09  0.02
47700  7721.09  0.02
47900  7721.09  0.02
48100  7721.09  0.02
48300  7721.09  0.02
48500  7721.09  0.02
48700  7721.09  0.02
48900  7721.09  0.02
49100  7721.09  0.02
49300  7721.09  0.02
49500  7721.09  0.02
49700  7721.09  0.02
49900  7721.09  0.02
50100  7721.09  0.02
50300  7721.09  0.02
50500  7721.09  0.02
50700  7721.09  0.02
50900  7721.09  0.02
51100  7721.09  0.02
51300  7721.09  0.02
51500  7721.09  0.02
51700  7721.09  0.02
51900  7721.09  0.02
52100  7721.09  0.02
52300  7721.09  0.02
52500  7721.09  0.02
52700  7721.09  0.02
52900  7721.09  0.02
53100  7721.09  0.02
53300  7721.09  0.02
53500  7721.09  0.02
53700  7721.09  0.02
53900  7721.09  0.02
54100  7721.09  0.02
54300  7721.09  0.02
54500  7721.09  0.02
54700  7721.09  0.02
54900  7721.09  0.02
55100  7721.09  0.02
55300  7721.09  0.02
55500  7721.09  0.02
55700  7721.09  0.02
55900  7721.09  0.02
56100  7721.09  0.02
56300  7721.09  0.02
56500  7721.09  0.02
56700  7721.09  0.02
56900  7721.09  0.02
57100  7721.09  0.02
57300  7721.09  0.02
57500  7721.09  0.02
57700  7721.09  0.02
57900  7721.09  0.02
58100  7721.09  0.02
58300  7721.09  0.02
58500  7721.09  0.02
58700  7721.09  0.02
58900  7721.09  0.02
59100  7721.09  0.02
59300  7721.09  0.02
59500  7721.09  0.02
59700  7721.09  0.02
59900  7721.09  0.02
60100  7721.09  0.02
60300  7721.09  0.02
60500  7721.09  0.02
60700  7721.09  0.02
60900  7721.09  0.02
61100  7721.09  0.02
61300  7721.09  0.02
61500  7721.09  0.02
61700  7721.09  0.02
61900  7721.09  0.02
62100  7721.09  0.02
62300  7721.09  0.02
62500  7721.09  0.02
62700  7721.09  0.02
62900  7721.09  0.02
63100  7721.09  0.02
63300  7721.09  0.02
63500  7721.09  0.02
63700  7721.09  0.02
63900  7721.09  0.02
64100  7721.09  0.02
64300  7721.09  0.02
64500  7721.09  0.02
64700  7721.09  0.02
64900  7721.09  0.02
65100  7721.09  0.02
65300  7721.09  0.02
65500  7721.09  0.02
65700  7721.09  0.02
65900  7721.09  0.02
66100  7721.09  0.02
66300  7721.09  0.02
66500  7721.09  0.02
66700  7721.09  0.02
66900  7721.09  0.02
67100  7721.09  0.02
67300  7721.09  0.02
67500  7721.09  0.02
67700  7721.09  0.02
67900  7721.09  0.02
68100  7721.09  0.02
68300  7721.09  0.02
68500  7721.09  0.02
68700  7721.09  0.02
68900  7721.09  0.02
69100  7721.09  0.02
69300  7721.09  0.02
69500  7721.09  0.02
69700  7721.09  0.02
69900  7721.09  0.02
70100  7721.09  0.02
70300  7721.09  0.02
70500  7721.09  0.02
70700  7721.09  0.02
70900  7721.09  0.02
71100  7721.09  0.02
71300  7721.09  0.02
71500  7721.09  0.02
71700  7721.09  0.02
71900  7721.09  0.02
72100  7721.09  0.02
72300  7721.09  0.02
72500  7721.09  0.02
72700  7721.09  0.02
72900  7721.09  0.02
73100  7721.09  0.02
73300  7721.09  0.02
73500  7721.09  0.02
73700  7721.09  0.02
73900  7721.09  0.02
74100  7721.09  0.02
74300  7721.09  0.02
74500  7721.09  0.02
74700  7721.09  0.02
74900  7721.09  0.02
75100  7721.09  0.02
75300  7721.09  0.02
75500  7721.09  0.02
75700  7721.09  0.02
75900  7721.09  0.02
76100  7721.09  0.02
76300  7721.09  0.02
76500  7721.09  0.02
76700  7721.09  0.02
76900  7721.09  0.02
77100  7721.09  0.02
77300  7721.09  0.02
77500  7721.09  0.02
77700  7721.09  0.02
77900  7721.09  0.02
78100  7721.09  0.02
78300  7721.09  0.02
78500  7721.09  0.02
78700  7721.09  0.02
78900  7721.09  0.02
79100  7721.09  0.02
79300  7721.09  0.02
79500  7721.09  0.02
79700  7721.09  0.02
79900  7721.09  0.02
80100  7721.09  0.02
80300  7721.09  0.02
80500  7721.09  0.02
80700  7721.09  0.02
80900  7721.09  0.02
81100  7721.09  0.02
81300  7721.09  0.02
81500  7721.09  0.02
81700  7721.09  0.02
81900  7721.09  0.02
82100  7721.09  0.02
82300  7721.09  0.02
82500  7721.09  0.02
82700  7721.09  0.02
82900  7721.09  0.02
83100  7721.09  0.02
83300  7721.09  0.02
83500  7721.09  0.02
83700  7721.09  0.02
83900  7721.09  0.02
84100  7721.09  0.02
84300  7721.09  0.02
84500  7721.09  0.02
84700  7721.09  0.02
84900  7721.09  0.02
85100  7721.09  0.02
85300  7721.09  0.02
85500  7721.09  0.02
85700  7721.09  0.02
85900  7721.09  0.02
86100  7721.09  0.02
86300  7721.09  0.02
86500  7721.09  0.02
86700  7721.09  0.02
86900  7721.09  0.02
87100  7721.09  0.02
87300  7721.09  0.02
87500  7721.09  0.02
87700  7721.09  0.02
87900  7721.09  0.02
88100  7721.09  0.02
88300  7721.09  0.02
88500  7721.09  0.02
88700  7721.09  0.02
88900  7721.09  0.02
89100  7721.09  0.02
89300  7721.09  0.02
89500  7721.09  0.02
89700  7721.09  0.02
89900  7721.09  0.02
90100  7721.09  0.02
90300  7721.09  0.02
90500  7721.09  0.02
90700  7721.09  0.02
90900  7721.09  0.02
91100  7721.09  0.02
91300  7721.09  0.02
91500  7721.09  0.02
91700  7721.09  0.02
91900  7721.09  0.02
92100  7721.09  0.02
92300  7721.09  0.02
92500  7721.09  0.02
92700  7721.09  0.02
92900  7721.09  0.02
93100  7721.09  0.02
93300  7721.09  0.02
93500  7721.09  0.02
93700  7721.09  0.02
93900  7721.09  0.02
94100  7721.09  0.02
94300  7721.09  0.02
94500  7721.09  0.02
94700  7721.09  0.02
94900  7721.09  0.02
95100  7721.09  0.02
95300  7721.09  0.02
95500  7721.09  0.02
95700  7721.09  0.02
95900  7721.09  0.02
96100  7721.09  0.02
96300  7721.09  0.02
96500  7721.09  0.02
96700  7721.09  0.02
96900  7721.09  0.02
97100  7721.09  0.02
97300  7721.09  0.02
97500  7721.09  0.02
97700  7721.09  0.02
97900  7721.09  0.02
98100  7721.09  0.02
98300  7721.09  0.02
98500  7721.09  0.02
98700  7721.09  0.02
98900  7721.09  0.02
99100  7721.09  0.02
99300  7721.09  0.02
99500  7721.09  0.02
99700  7721.09  0.02
99900  7721.09  0.02
100100  7721.09  0.02
100300  7721.09  0.02
100500  7721.09  0.02
100700  7721.09  0.02
100900  7721.09  0.02
101100  7721.09  0.02
101300  7721.09  0.02
101500  7721.09  0.02
101700  7721.09  0.02
101900  7721.09  0.02
102100  7721.09  0.02
102300  7721.09  0.02
102500  7721.09  0.02
102700  7721.09  0.02
102900  7721.09  0.02
103100  7721.09  0.02
103300  7721.09  0.02
103500  7721.09  0.02
103700  7721.09  0.02
103900  7721.09  0.02
104100  7721.09  0.02
104300  7721.09  0.02
104500  7721.09  0.02
104700  7721.09  0.02
104900  7721.09  0.02
105100  7721.09  0.02
105300  7721.09  0.02
105500  7721.09  0.02
105700  7721.09  0.02
105900  7721.09  0.02
106100  7721.09  0.02
106300  7721.09  0.02
106500  7721.09  0.02
106700  7721.09  0.02
106900  7721.09  0.02
107100  7721.09  0.02
107300  7721.09  0.02
107500  7721.09  0.02
107700  7721.09  0.02
107900  7721.09  0.02
108100  7721.09  0.02
108300  7721.09  0.02
108500  7721.09  0.02
108700  7721.09  0.02
108900  7721.09  0.02
109100  7721.09  0.02
109300  7721.09  0.02
109500  7721.09  0.02
109700  7721.09  0.02
109900  7721.09  0.02
110100  7721.09  0.02
110300  7721.09  0.02
110500  7721.09  0.02
110700  7721.09  0.02
110900  7721.09  0.02
111100  7721.09  0.02
111300  7721.09  0.02
111500  7721.09  0.02
111700  7721.09  0.02
111900  7721.09  0.02
112100  7721.09  0.02
112300  7721.09  0.02
112500  7721.09  0.02
112700  7721.09  0.02
112900  7721.09  0.02
113100  7721.09  0.02
113300  7721.09  0.02
113500  7721.09  0.02
113700  7721.09  0.02
113900  7721.09  0.02
114100  7721.09  0.02
114300  7721.09  0.02
114500  7721.09  0.02
114700  7721.09  0.02
114900  7721.09  0.02
115100  7721.09  0.02
115300  7721.09  0.02
115500  7721.09  0.02
115700  7721.09  0.02
115900  7721.09  0.02
116100  7721.09  0.02
116300  7721.09  0.02
116500  7721.09  0.02
116700  7721.09  0.02
116900  7721.09  0.02
117100  7721.09  0.02
117300  7721.09  0.02
117500  7721.09  0.02
117700  7721.09  0.02
117900  7721.09  0.02
118100  7721.09  0.02
118300  7721.09  0.02
118500  7721.09  0.02
118700  7721.09  0.02
118900  7721.09  0.02
119100  7721.09  0.02
119300  7721.09  0.02
119500  7721.09  0.02
119700  7721.09  0.02
119900  7721.09  0.02
120100  7721.09  0.02
120300  7721.09  0.02
120500  7721.09  0.02
120700  7721.09  0.02
120900  7721.09  0.02
121100  7721.09  0.02
121300  7721.09  0.02
121500  7721.09  0.02
121700  7721.09  0.02
121900  7721.09  0.02
122100  7721.09  0.02
122300  7721.09  0.02
122500  7721.09  0.02
122700  7721.09  0.02
122900  7721.09  0.02
123100  7721.09  0.02
123300  7721.09  0.02
123500  7721.09  0.02
123700  7721.09  0.02
123900  7721.09  0.02
124100  7721.09  0.02
124300  7721.09  0.02
124500  7721.09  0.02
124700  7721.09  0.02
124900  7721.09  0.02
125100  7721.09  0.02
125300  7721.09  0.02
125500  7721.09  0.02
125700  7721.09  0.02
125900  7721.09  0.02
126100  7721.09  0.02
126300  7721.09  0.02
126500  7721.09  0.02
126700  7721.09  0.02
126900  7721.09  0.02
127100  7721.09  0.02
127300  7721.09  0.02
127500  7721.09  0.02
127700  7721.09  0.02
127900  7721.09  0.02
128100  7721.09  0.02
128300  7721.09  0.02
128500  7721.09  0.02
128700  7721.09  0.02
128900  7721.09  0.02
129100  7721.09  0.02
129300  7721.09  0.02
129500  7721.09  0.02
129700  7721.09  0.02
129900  7721.09  0.02
130100  7721.09  0.02
130300  7721.09  0.02
130500  7721.09  0.02
130700  7721.09  0.02
130900  7721.09  0.02
131100  7721.09  0.02
131300  7721.09  0.02
131500  7721.09  0.02
131700  7721.09  0.02
131900  7721.09  0.02
132100  7721.09  0.02
132300  7721.09  0.02
132500  7721.09  0.02
132700  7721.09  0.02
132900  7721.09  0.02
133100  7721.09  0.02
133300  7721.09  0.02
133500  7721.09  0.02
133700  7721.09  0.02
133900  7721.09  0.02
134100  7721.09  0.02
134300  7721.09  0.02
134500  7721.09  0.02
134700  7721.09  0.02
134900  7721.09  0.02
135100  7721.09  0.02
135300  7721.09  0.02
135500  7721.09  0.02
135700  7721.09  0.02
135900  7721.09  0.02
136100  7721.09  0.02
136300  7721.09  0.02
136500  7721.09  0.02
136700  7721.09  0.02
136900  7721.09  0.02
137100  7721.09  0.02
137300  7721.09  0.02
137500  7721.09  0.02
137700  7721.09  0.02
137900  7721.09  0.02
138100  7721.09  0.02
138300  7721.09  0.02
138500  7721.09  0.02
138700  7721.09  0.02
138900  7721.09  0.02
139100  7721.09  0.02
139300  7721.09  0.02
139500  7721.09  0.02
139700  7721.09  0.02
139900  7721.09  0.02
140100  7721.09  0.02
140300  7721.09  0.02
140500  7721.09  0.02
140700  7721.09  0.02
140900  7721.09  0.02
141100  7721.09  0.02
141300  7721.09  0.02
141500  7721.09  0.02
141700  7721.09  0.02
141900  7721.09  0.02
142100  7721.09  0.02
142300  7721.09  0.02
142500  7721.09  0.02
142700  7721.09  0.02
142900  7721.09  0.02
143100  7721.09  0.02
143300  7721.09  0.02
143500  7721.09  0.02
143700  7721.09  0.02
143900  7721.09  0.02
144100  7721.09  0.02
144300  7721.09  0.02
144500  7721.09  0.02
144700  7721.09  0.02
144900  7721.09  0.02
145100  7721.09  0.02
145300  7721.09  0.02
145500  7721.09  0.02
145700  7721.09  0.02
145900  7721.09  0.02
146100  7721.09  0.02
146300  7721.09  0.02
146500  7721.09  0.02
146700  7721.09  0.02
146900  7721.09  0.02
147100  7721.09  0.02
147300  7721.09  0.02
147500  7721.09  0.02
147700  7721.09  0.02
147900  7721.09  0.02
148100  7721.09  0.02
148300  7721.09  0.02
148500  7721.09  0.02
148700  7721.09  0.02
148900  7721.09  0.02
149100  7721.09  0.02
149300  7721.09  0.02
149500  7721.09  0.02
149700  7721.09  0.02
149900  7721.09  0.02
