100  4347.34  0.96
300  10728.6  0.74
500  14958.6  0.6
700  15202.2  0.44
900  18765.4  0.42
1100  23950.2  0.44
1300  24899.3  0.4
1500  28793.5  0.4
1700  21109.8  0.26
1900  23417.2  0.26
2100  29330.3  0.28
2300  19252.9  0.18
2500  27134.4  0.22
2700  34444.3  0.26
2900  37011.8  0.26
3100  39508.5  0.26
3300  30101.1  0.2
3500  28864.6  0.18
3700  33515.6  0.2
3900  31798.2  0.18
4100  29451.3  0.16
4300  22304.1  0.12
4500  23298.3  0.12
4700  33068.1  0.16
4900  20398  0.1
5100  27944.6  0.12
5300  21982  0.1
5500  16657.3  0.08
5700  17250.9  0.08
5900  28414.6  0.1
6100  29342.4  0.1
6300  30276.4  0.1
6500  25907.9  0.08
6700  26728.8  0.08
6900  21556.8  0.08
7100  22145.8  0.08
7300  34423.8  0.1
7500  22957.3  0.08
7700  23245.3  0.08
7900  23833.4  0.08
8100  16350.3  0.06
8300  16589.3  0.04
8500  16784.4  0.04
8700  16989.3  0.04
8900  17184.4  0.04
9100  17389.3  0.04
9300  17584.4  0.04
9500  17789.3  0.04
9700  17984.4  0.04
9900  18189.3  0.04
10100  18384.4  0.04
10300  18589.3  0.04
10500  18784.4  0.04
10700  18989.3  0.04
10900  19184.4  0.04
11100  19389.3  0.04
11300  19584.4  0.04
11500  42884.1  0.08
11700  43464.7  0.08
11900  44055  0.08
12100  32536  0.06
12300  32936.1  0.06
12500  33326.4  0.06
12700  33726.5  0.06
12900  34097.3  0.06
13100  34497.4  0.06
13300  34887.7  0.06
13500  35268.3  0.06
13700  35658.6  0.06
13900  36058.7  0.06
14100  36449  0.06
14300  36829.6  0.06
14500  37219.9  0.06
14700  37620  0.06
14900  37990.8  0.06
15100  38390.9  0.06
15300  38781.2  0.06
15500  23917.7  0.04
15700  24112.8  0.04
15900  24317.7  0.04
16100  24512.8  0.04
16300  24717.7  0.04
16500  24912.8  0.04
16700  25117.7  0.04
16900  25312.8  0.04
17100  25517.7  0.04
17300  25712.8  0.04
17500  25917.7  0.04
17700  26112.8  0.04
17900  26317.7  0.04
18100  26512.8  0.04
18300  26717.7  0.04
18500  26912.8  0.04
18700  27117.7  0.04
18900  27312.8  0.04
19100  27517.7  0.04
19300  27712.8  0.04
19500  27917.7  0.04
19700  28112.8  0.04
19900  28317.7  0.04
20100  28512.8  0.04
20300  28717.7  0.04
20500  28912.8  0.04
20700  104460  0.12
20900  105192  0.12
21100  106277  0.12
21300  107181  0.12
21500  116133  0.12
21700  117235  0.12
21900  111564  0.12
22100  112666  0.12
22300  113652  0.12
22500  112972  0.12
22700  114084  0.12
22900  115034  0.12
23100  115610  0.12
23300  116560  0.12
23500  117672  0.12
23700  118778  0.12
23900  71851.7  0.08
24100  72457.3  0.08
24300  73046.3  0.08
24500  73651.9  0.08
24700  74240.9  0.08
24900  74850.8  0.08
25100  75466.2  0.08
25300  76045.4  0.08
25500  76508.2  0.06
25700  77087.4  0.06
25900  77702.8  0.06
26100  31065  0.04
26300  31269.9  0.04
26500  31465  0.04
26700  31669.9  0.04
26900  31865  0.04
27100  32069.9  0.04
27300  32265  0.04
27500  32469.9  0.04
27700  32665  0.04
27900  32869.9  0.04
28100  33065  0.04
28300  33269.9  0.04
28500  33465  0.04
28700  33669.9  0.04
28900  33865  0.04
29100  34069.9  0.04
29300  46714  0.04
29500  46918.9  0.04
29700  47114  0.04
29900  47318.9  0.04
30100  47514  0.04
30300  47718.9  0.04
30500  117769  0.08
30700  118100  0.08
30900  118791  0.08
31100  119367  0.08
31300  88754.9  0.06
31500  89204.7  0.06
31700  89399.8  0.06
31900  89849.6  0.06
32100  90289.6  0.06
32300  90739.4  0.06
32500  91179.4  0.06
32700  91629.2  0.06
32900  91824.3  0.06
33100  92274.1  0.06
33300  92714.1  0.06
33500  93163.9  0.06
33700  93603.9  0.06
33900  93808.8  0.06
34100  94248.8  0.06
34300  94698.6  0.06
34500  95138.6  0.06
34700  95588.4  0.06
34900  61008  0.04
35100  61212.9  0.04
35300  61408  0.04
35500  61612.9  0.04
35700  61808  0.04
35900  62012.9  0.04
36100  62208  0.04
36300  62412.9  0.04
36500  62608  0.04
36700  62812.9  0.04
36900  131630  0.08
37100  132338  0.08
37300  132859  0.08
37500  133426  0.08
37700  134088  0.08
37900  134618  0.08
38100  135317  0.08
38300  135848  0.08
38500  136405  0.08
38700  137077  0.08
38900  137635  0.08
39100  138306  0.08
39300  138827  0.08
39500  139535  0.08
39700  140056  0.08
39900  100781  0.06
40100  101161  0.06
40300  101587  0.06
40500  101966  0.06
40700  102355  0.06
40900  102771  0.06
41100  103160  0.06
41300  103577  0.06
41500  103966  0.06
41700  104345  0.06
41900  88273.3  0.06
42100  88468.5  0.06
42300  88974.4  0.06
42500  89470.5  0.06
42700  89675.4  0.06
42900  90171.6  0.06
43100  90677.5  0.06
43300  90872.6  0.06
43500  91378.5  0.06
43700  91874.7  0.06
43900  92079.6  0.06
44100  48576.8  0.04
44300  48781.7  0.04
44500  48976.8  0.04
44700  82667.1  0.04
44900  82862.2  0.04
45100  83067.1  0.04
45300  83262.2  0.04
45500  83467.1  0.04
45700  83662.2  0.04
45900  144958  0.08
46100  145324  0.08
46300  145943  0.08
46500  146523  0.08
46700  147142  0.08
46900  147751  0.08
47100  148341  0.08
47300  148950  0.08
47500  55230.2  0.04
47700  55425.3  0.04
47900  55630.2  0.04
48100  55825.3  0.04
48300  56030.2  0.04
48500  118064  0.06
48700  118269  0.06
48900  118681  0.06
49100  119103  0.06
49300  119515  0.06
49500  63621.5  0.04
49700  63816.7  0.04
49900  64021.5  0.04
50100  63996.3  0.04
50300  64201.2  0.04
50500  64396.3  0.04
50700  116319  0.06
50900  116706  0.06
51100  72068.2  0.04
51300  72263.3  0.04
51500  72468.2  0.04
51700  72663.3  0.04
51900  72868.2  0.04
52100  73063.3  0.04
52300  73268.2  0.04
52500  73463.3  0.04
52700  73668.2  0.04
52900  73863.3  0.04
53100  74068.2  0.04
53300  74263.3  0.04
53500  74468.2  0.04
53700  74663.3  0.04
53900  74868.2  0.04
54100  75063.3  0.04
54300  75268.2  0.04
54500  75463.4  0.04
54700  75668.2  0.04
54900  75863.4  0.04
55100  76068.2  0.04
55300  76263.4  0.04
55500  76468.2  0.04
55700  76663.4  0.04
55900  76868.2  0.04
56100  77063.4  0.04
56300  77268.2  0.04
56500  77463.4  0.04
56700  77668.2  0.04
56900  77863.4  0.04
57100  78068.2  0.04
57300  78263.4  0.04
57500  78468.2  0.04
57700  78663.4  0.04
57900  78868.2  0.04
58100  79063.4  0.04
58300  79268.2  0.04
58500  79463.4  0.04
58700  79668.2  0.04
58900  79863.4  0.04
59100  80068.2  0.04
59300  80263.4  0.04
59500  80468.2  0.04
59700  80663.4  0.04
59900  80868.2  0.04
60100  81063.4  0.04
60300  81268.2  0.04
60500  81463.4  0.04
60700  68106.5  0.04
60900  68301.6  0.04
61100  68506.5  0.04
61300  68701.6  0.04
61500  68906.5  0.04
61700  69101.6  0.04
61900  69306.5  0.04
62100  69501.6  0.04
62300  69706.5  0.04
62500  69901.6  0.04
62700  70106.5  0.04
62900  70301.6  0.04
63100  134062  0.06
63300  134428  0.06
63500  134803  0.06
63700  135339  0.06
63900  135715  0.06
64100  136080  0.06
64300  136456  0.06
64500  136821  0.06
64700  137197  0.06
64900  137733  0.06
65100  138108  0.06
65300  138474  0.06
65500  204023  0.08
65700  204810  0.08
65900  205607  0.08
66100  205802  0.08
66300  68609.9  0.04
66500  140952  0.06
66700  141157  0.06
66900  141643  0.06
67100  142138  0.06
67300  142333  0.06
67500  142829  0.06
67700  75576.9  0.04
67900  75781.8  0.04
68100  75976.9  0.04
68300  76181.8  0.04
68500  76376.9  0.04
68700  76581.8  0.04
68900  76776.9  0.04
69100  76981.8  0.04
69300  77176.9  0.04
69500  77381.8  0.04
69700  77576.9  0.04
69900  77781.8  0.04
70100  74541.4  0.04
70300  74746.3  0.04
70500  74941.4  0.04
70700  75146.3  0.04
70900  75341.4  0.04
71100  75546.3  0.04
71300  75741.4  0.04
71500  75946.3  0.04
71700  76141.4  0.04
71900  76346.3  0.04
72100  76541.4  0.04
72300  76746.3  0.04
72500  76941.4  0.04
72700  77146.3  0.04
72900  83764.8  0.04
73100  146358  0.06
73300  146766  0.06
73500  147148  0.06
73700  88614.9  0.04
73900  88819.8  0.04
74100  89014.9  0.04
74300  89219.8  0.04
74500  81045.6  0.04
74700  81250.5  0.04
74900  81445.6  0.04
75100  81650.5  0.04
75300  81845.7  0.04
75500  82050.5  0.04
75700  82245.7  0.04
75900  82450.5  0.04
76100  82645.7  0.04
76300  82850.5  0.04
76500  83045.7  0.04
76700  83250.5  0.04
76900  83445.7  0.04
77100  83650.5  0.04
77300  83845.7  0.04
77500  84050.5  0.04
77700  84245.7  0.04
77900  84450.5  0.04
78100  84645.7  0.04
78300  84850.5  0.04
78500  85045.7  0.04
78700  85250.5  0.04
78900  85445.7  0.04
79100  85650.5  0.04
79300  85845.7  0.04
79500  86050.5  0.04
79700  86245.7  0.04
79900  86450.5  0.04
80100  86645.7  0.04
80300  86850.5  0.04
80500  87045.7  0.04
80700  87250.5  0.04
80900  87445.7  0.04
81100  87650.5  0.04
81300  87845.7  0.04
81500  90701.7  0.04
81700  90896.8  0.04
81900  82700.3  0.04
82100  82895.5  0.04
82300  83100.3  0.04
82500  83295.5  0.04
82700  83500.3  0.04
82900  83695.5  0.04
83100  83900.3  0.04
83300  84095.5  0.04
83500  84300.3  0.04
83700  84495.5  0.04
83900  84700.3  0.04
84100  84895.5  0.04
84300  85100.3  0.04
84500  85295.5  0.04
84700  85500.3  0.04
84900  85695.5  0.04
85100  85900.3  0.04
85300  86095.5  0.04
85500  86300.3  0.04
85700  86418.8  0.04
85900  86623.6  0.04
86100  94686.2  0.04
86300  94891  0.04
86500  95086.2  0.04
86700  95291  0.04
86900  89100.1  0.04
87100  89305  0.04
87300  89500.1  0.04
87500  89705  0.04
87700  89900.1  0.04
87900  90105  0.04
88100  90300.1  0.04
88300  90505  0.04
88500  88940.6  0.04
88700  89145.5  0.04
88900  89340.6  0.04
89100  89545.5  0.04
89300  89740.6  0.04
89500  89945.5  0.04
89700  90140.6  0.04
89900  90345.5  0.04
90100  112381  0.04
90300  112586  0.04
90500  90650.4  0.04
90700  90855.3  0.04
90900  91050.4  0.04
91100  91255.3  0.04
91300  91450.4  0.04
91500  91655.3  0.04
91700  91850.4  0.04
91900  92055.3  0.04
92100  92250.4  0.04
92300  92455.3  0.04
92500  92650.4  0.04
92700  92855.3  0.04
92900  93050.4  0.04
93100  93255.3  0.04
93300  93450.4  0.04
93500  93655.3  0.04
93700  93850.4  0.04
93900  94055.3  0.04
94100  94250.4  0.04
94300  94455.3  0.04
94500  94650.4  0.04
94700  94855.3  0.04
94900  95050.4  0.04
95100  95102.7  0.02
95300  95297.8  0.02
95500  95502.7  0.02
95700  95697.8  0.02
95900  95902.7  0.02
96100  96097.8  0.02
96300  96302.7  0.02
96500  96497.8  0.02
96700  96702.7  0.02
96900  96800.3  0.02
97100  96800.3  0.02
97300  96800.3  0.02
97500  96800.3  0.02
97700  96800.3  0.02
97900  96800.3  0.02
98100  96800.3  0.02
98300  96800.3  0.02
98500  96800.3  0.02
98700  96800.3  0.02
98900  96800.3  0.02
99100  96800.3  0.02
99300  96800.3  0.02
99500  96800.3  0.02
99700  96800.3  0.02
99900  96800.3  0.02
100100  96800.3  0.02
100300  96800.3  0.02
100500  96800.3  0.02
100700  96800.3  0.02
100900  96800.3  0.02
101100  96800.3  0.02
101300  96800.3  0.02
101500  96800.3  0.02
101700  96800.3  0.02
101900  96800.3  0.02
102100  96800.3  0.02
102300  96800.3  0.02
102500  96800.3  0.02
102700  96800.3  0.02
102900  96800.3  0.02
103100  96800.3  0.02
103300  96800.3  0.02
103500  96800.3  0.02
103700  96800.3  0.02
103900  96800.3  0.02
104100  96800.3  0.02
104300  96800.3  0.02
104500  96800.3  0.02
104700  96800.3  0.02
104900  96800.3  0.02
105100  96800.3  0.02
105300  96800.3  0.02
105500  96800.3  0.02
105700  96800.3  0.02
105900  96800.3  0.02
106100  96800.3  0.02
106300  96800.3  0.02
106500  96800.3  0.02
106700  96800.3  0.02
106900  96800.3  0.02
107100  96800.3  0.02
107300  96800.3  0.02
107500  96800.3  0.02
107700  96800.3  0.02
107900  96800.3  0.02
108100  96800.3  0.02
108300  96800.3  0.02
108500  96800.3  0.02
108700  96800.3  0.02
108900  96800.3  0.02
109100  96800.3  0.02
109300  96800.3  0.02
109500  96800.3  0.02
109700  96800.3  0.02
109900  96800.3  0.02
110100  96800.3  0.02
110300  96800.3  0.02
110500  96800.3  0.02
110700  96800.3  0.02
110900  96800.3  0.02
111100  96800.3  0.02
111300  96800.3  0.02
111500  96800.3  0.02
111700  96800.3  0.02
111900  96800.3  0.02
112100  96800.3  0.02
112300  96800.3  0.02
112500  96800.3  0.02
112700  96800.3  0.02
112900  96800.3  0.02
113100  96800.3  0.02
113300  96800.3  0.02
113500  96800.3  0.02
113700  96800.3  0.02
113900  96800.3  0.02
114100  96800.3  0.02
114300  96800.3  0.02
114500  96800.3  0.02
114700  96800.3  0.02
114900  96800.3  0.02
115100  96800.3  0.02
115300  96800.3  0.02
115500  96800.3  0.02
115700  96800.3  0.02
115900  96800.3  0.02
116100  96800.3  0.02
116300  96800.3  0.02
116500  96800.3  0.02
116700  96800.3  0.02
116900  96800.3  0.02
117100  96800.3  0.02
117300  96800.3  0.02
117500  96800.3  0.02
117700  96800.3  0.02
117900  96800.3  0.02
118100  96800.3  0.02
118300  96800.3  0.02
118500  96800.3  0.02
118700  96800.3  0.02
118900  96800.3  0.02
119100  96800.3  0.02
119300  96800.3  0.02
119500  96800.3  0.02
119700  96800.3  0.02
119900  96800.3  0.02
120100  96800.3  0.02
120300  96800.3  0.02
120500  96800.3  0.02
120700  96800.3  0.02
120900  96800.3  0.02
121100  96800.3  0.02
121300  96800.3  0.02
121500  96800.3  0.02
121700  96800.3  0.02
121900  96800.3  0.02
122100  96800.3  0.02
122300  96800.3  0.02
122500  96800.3  0.02
122700  96800.3  0.02
122900  96800.3  0.02
123100  96800.3  0.02
123300  96800.3  0.02
123500  96800.3  0.02
123700  96800.3  0.02
123900  96800.3  0.02
124100  96800.3  0.02
124300  96800.3  0.02
124500  96800.3  0.02
124700  96800.3  0.02
124900  96800.3  0.02
125100  96800.3  0.02
125300  96800.3  0.02
125500  96800.3  0.02
125700  96800.3  0.02
125900  96800.3  0.02
126100  96800.3  0.02
126300  96800.3  0.02
126500  96800.3  0.02
126700  96800.3  0.02
126900  96800.3  0.02
127100  96800.3  0.02
127300  96800.3  0.02
127500  96800.3  0.02
127700  96800.3  0.02
127900  96800.3  0.02
128100  96800.3  0.02
128300  96800.3  0.02
128500  96800.3  0.02
128700  96800.3  0.02
128900  96800.3  0.02
129100  96800.3  0.02
129300  96800.3  0.02
129500  96800.3  0.02
129700  96800.3  0.02
129900  96800.3  0.02
130100  96800.3  0.02
130300  96800.3  0.02
130500  96800.3  0.02
130700  96800.3  0.02
130900  96800.3  0.02
131100  96800.3  0.02
131300  96800.3  0.02
131500  96800.3  0.02
131700  96800.3  0.02
131900  96800.3  0.02
132100  96800.3  0.02
132300  96800.3  0.02
132500  96800.3  0.02
132700  96800.3  0.02
132900  96800.3  0.02
133100  96800.3  0.02
133300  96800.3  0.02
133500  96800.3  0.02
133700  96800.3  0.02
133900  96800.3  0.02
134100  96800.3  0.02
134300  96800.3  0.02
134500  96800.3  0.02
134700  96800.3  0.02
134900  96800.3  0.02
135100  96800.3  0.02
135300  96800.3  0.02
135500  96800.3  0.02
135700  96800.3  0.02
135900  96800.3  0.02
136100  96800.3  0.02
136300  96800.3  0.02
136500  96800.3  0.02
136700  96800.3  0.02
136900  96800.3  0.02
137100  96800.3  0.02
137300  96800.3  0.02
137500  96800.3  0.02
137700  96800.3  0.02
137900  96800.3  0.02
138100  96800.3  0.02
138300  96800.3  0.02
138500  96800.3  0.02
138700  96800.3  0.02
138900  96800.3  0.02
139100  96800.3  0.02
139300  96800.3  0.02
139500  96800.3  0.02
139700  96800.3  0.02
139900  96800.3  0.02
140100  96800.3  0.02
140300  96800.3  0.02
140500  96800.3  0.02
140700  96800.3  0.02
140900  96800.3  0.02
141100  96800.3  0.02
141300  96800.3  0.02
141500  96800.3  0.02
141700  96800.3  0.02
141900  96800.3  0.02
142100  96800.3  0.02
142300  96800.3  0.02
142500  96800.3  0.02
142700  96800.3  0.02
142900  96800.3  0.02
143100  96800.3  0.02
143300  96800.3  0.02
143500  96800.3  0.02
143700  96800.3  0.02
143900  96800.3  0.02
144100  96800.3  0.02
144300  96800.3  0.02
144500  96800.3  0.02
144700  96800.3  0.02
144900  96800.3  0.02
145100  96800.3  0.02
145300  96800.3  0.02
145500  96800.3  0.02
145700  96800.3  0.02
145900  96800.3  0.02
146100  96800.3  0.02
146300  96800.3  0.02
146500  96800.3  0.02
146700  96800.3  0.02
146900  96800.3  0.02
147100  96800.3  0.02
147300  96800.3  0.02
147500  96800.3  0.02
147700  96800.3  0.02
147900  96800.3  0.02
148100  96800.3  0.02
148300  96800.3  0.02
148500  96800.3  0.02
148700  96800.3  0.02
148900  96800.3  0.02
149100  96800.3  0.02
149300  96800.3  0.02
149500  96800.3  0.02
149700  96800.3  0.02
149900  96800.3  0.02
