100  4123.73  0.94
300  11684.5  0.76
500  14273  0.6
700  16016.7  0.46
900  13804.5  0.3
1100  18400.3  0.34
1300  14000.9  0.22
1500  18773.5  0.26
1700  17947.5  0.22
1900  14263.3  0.16
2100  13595.3  0.14
2300  26395.5  0.24
2500  17323.9  0.14
2700  19820.7  0.16
2900  18359.1  0.14
3100  16411.5  0.12
3300  14108.2  0.1
3500  21806  0.14
3700  11990.9  0.08
3900  8945.23  0.06
4100  9344.73  0.06
4300  26909.3  0.14
4500  23651.1  0.12
4700  24720.2  0.12
4900  20657.4  0.1
5100  16447.4  0.08
5300  11448.2  0.06
5500  11840.3  0.06
5700  12231.7  0.06
5900  7044.8  0.04
6100  6652.76  0.04
6300  7798.73  0.04
6500  9297.49  0.04
6700  9497.53  0.04
6900  6844.05  0.02
7100  6844.05  0.02
7300  6844.05  0.02
7500  6844.05  0.02
7700  6844.05  0.02
7900  6844.05  0.02
8100  6844.05  0.02
8300  6844.05  0.02
8500  6844.05  0.02
8700  6844.05  0.02
8900  6844.05  0.02
9100  6844.05  0.02
9300  6844.05  0.02
9500  6844.05  0.02
9700  6844.05  0.02
9900  6844.05  0.02
10100  6844.05  0.02
10300  6844.05  0.02
10500  6844.05  0.02
10700  6844.05  0.02
10900  6844.05  0.02
11100  6844.05  0.02
11300  6844.05  0.02
11500  6844.05  0.02
11700  6844.05  0.02
11900  6844.05  0.02
12100  6844.05  0.02
12300  6844.05  0.02
12500  6844.05  0.02
12700  6844.05  0.02
12900  6844.05  0.02
13100  6844.05  0.02
13300  6844.05  0.02
13500  6844.05  0.02
13700  6844.05  0.02
13900  6844.05  0.02
14100  6844.05  0.02
14300  6844.05  0.02
14500  6844.05  0.02
14700  6844.05  0.02
14900  6844.05  0.02
15100  6844.05  0.02
15300  6844.05  0.02
15500  6844.05  0.02
15700  6844.05  0.02
15900  6844.05  0.02
16100  6844.05  0.02
16300  6844.05  0.02
16500  6844.05  0.02
16700  6844.05  0.02
16900  6844.05  0.02
17100  6844.05  0.02
17300  6844.05  0.02
17500  6844.05  0.02
17700  6844.05  0.02
17900  6844.05  0.02
18100  6844.05  0.02
18300  6844.05  0.02
18500  6844.05  0.02
18700  6844.05  0.02
18900  6844.05  0.02
19100  6844.05  0.02
19300  6844.05  0.02
19500  6844.05  0.02
19700  6844.05  0.02
19900  6844.05  0.02
20100  6844.05  0.02
20300  6844.05  0.02
20500  6844.05  0.02
20700  6844.05  0.02
20900  6844.05  0.02
21100  6844.05  0.02
21300  6844.05  0.02
21500  6844.05  0.02
21700  6844.05  0.02
21900  6844.05  0.02
22100  6844.05  0.02
22300  6844.05  0.02
22500  6844.05  0.02
22700  6844.05  0.02
22900  6844.05  0.02
23100  6844.05  0.02
23300  6844.05  0.02
23500  6844.05  0.02
23700  6844.05  0.02
23900  6844.05  0.02
24100  6844.05  0.02
24300  6844.05  0.02
24500  6844.05  0.02
24700  6844.05  0.02
24900  6844.05  0.02
25100  6844.05  0.02
25300  6844.05  0.02
25500  6844.05  0.02
25700  6844.05  0.02
25900  6844.05  0.02
26100  6844.05  0.02
26300  6844.05  0.02
26500  6844.05  0.02
26700  6844.05  0.02
26900  6844.05  0.02
27100  6844.05  0.02
27300  6844.05  0.02
27500  6844.05  0.02
27700  6844.05  0.02
27900  6844.05  0.02
28100  6844.05  0.02
28300  6844.05  0.02
28500  6844.05  0.02
28700  6844.05  0.02
28900  6844.05  0.02
29100  6844.05  0.02
29300  6844.05  0.02
29500  6844.05  0.02
29700  6844.05  0.02
29900  6844.05  0.02
30100  6844.05  0.02
30300  6844.05  0.02
30500  6844.05  0.02
30700  6844.05  0.02
30900  6844.05  0.02
31100  6844.05  0.02
31300  6844.05  0.02
31500  6844.05  0.02
31700  6844.05  0.02
31900  6844.05  0.02
32100  6844.05  0.02
32300  6844.05  0.02
32500  6844.05  0.02
32700  6844.05  0.02
32900  6844.05  0.02
33100  6844.05  0.02
33300  6844.05  0.02
33500  6844.05  0.02
33700  6844.05  0.02
33900  6844.05  0.02
34100  6844.05  0.02
34300  6844.05  0.02
34500  6844.05  0.02
34700  6844.05  0.02
34900  6844.05  0.02
35100  6844.05  0.02
35300  6844.05  0.02
35500  6844.05  0.02
35700  6844.05  0.02
35900  6844.05  0.02
36100  6844.05  0.02
36300  6844.05  0.02
36500  6844.05  0.02
36700  6844.05  0.02
36900  6844.05  0.02
37100  6844.05  0.02
37300  6844.05  0.02
37500  6844.05  0.02
37700  6844.05  0.02
37900  6844.05  0.02
38100  6844.05  0.02
38300  6844.05  0.02
38500  6844.05  0.02
38700  6844.05  0.02
38900  6844.05  0.02
39100  6844.05  0.02
39300  6844.05  0.02
39500  6844.05  0.02
39700  6844.05  0.02
39900  6844.05  0.02
40100  6844.05  0.02
40300  6844.05  0.02
40500  6844.05  0.02
40700  6844.05  0.02
40900  6844.05  0.02
41100  6844.05  0.02
41300  6844.05  0.02
41500  6844.05  0.02
41700  6844.05  0.02
41900  6844.05  0.02
42100  6844.05  0.02
42300  6844.05  0.02
42500  6844.05  0.02
42700  6844.05  0.02
42900  6844.05  0.02
43100  6844.05  0.02
43300  6844.05  0.02
43500  6844.05  0.02
43700  6844.05  0.02
43900  6844.05  0.02
44100  6844.05  0.02
44300  6844.05  0.02
44500  6844.05  0.02
44700  6844.05  0.02
44900  6844.05  0.02
45100  6844.05  0.02
45300  6844.05  0.02
45500  6844.05  0.02
45700  6844.05  0.02
45900  6844.05  0.02
46100  6844.05  0.02
46300  6844.05  0.02
46500  6844.05  0.02
46700  6844.05  0.02
46900  6844.05  0.02
47100  6844.05  0.02
47300  6844.05  0.02
47500  6844.05  0.02
47700  6844.05  0.02
47900  6844.05  0.02
48100  6844.05  0.02
48300  6844.05  0.02
48500  6844.05  0.02
48700  6844.05  0.02
48900  6844.05  0.02
49100  6844.05  0.02
49300  6844.05  0.02
49500  6844.05  0.02
49700  6844.05  0.02
49900  6844.05  0.02
50100  6844.05  0.02
50300  6844.05  0.02
50500  6844.05  0.02
50700  6844.05  0.02
50900  6844.05  0.02
51100  6844.05  0.02
51300  6844.05  0.02
51500  6844.05  0.02
51700  6844.05  0.02
51900  6844.05  0.02
52100  6844.05  0.02
52300  6844.05  0.02
52500  6844.05  0.02
52700  6844.05  0.02
52900  6844.05  0.02
53100  6844.05  0.02
53300  6844.05  0.02
53500  6844.05  0.02
53700  6844.05  0.02
53900  6844.05  0.02
54100  6844.05  0.02
54300  6844.05  0.02
54500  6844.05  0.02
54700  6844.05  0.02
54900  6844.05  0.02
55100  6844.05  0.02
55300  6844.05  0.02
55500  6844.05  0.02
55700  6844.05  0.02
55900  6844.05  0.02
56100  6844.05  0.02
56300  6844.05  0.02
56500  6844.05  0.02
56700  6844.05  0.02
56900  6844.05  0.02
57100  6844.05  0.02
57300  6844.05  0.02
57500  6844.05  0.02
57700  6844.05  0.02
57900  6844.05  0.02
58100  6844.05  0.02
58300  6844.05  0.02
58500  6844.05  0.02
58700  6844.05  0.02
58900  6844.05  0.02
59100  6844.05  0.02
59300  6844.05  0.02
59500  6844.05  0.02
59700  6844.05  0.02
59900  6844.05  0.02
60100  6844.05  0.02
60300  6844.05  0.02
60500  6844.05  0.02
60700  6844.05  0.02
60900  6844.05  0.02
61100  6844.05  0.02
61300  6844.05  0.02
61500  6844.05  0.02
61700  6844.05  0.02
61900  6844.05  0.02
62100  6844.05  0.02
62300  6844.05  0.02
62500  6844.05  0.02
62700  6844.05  0.02
62900  6844.05  0.02
63100  6844.05  0.02
63300  6844.05  0.02
63500  6844.05  0.02
63700  6844.05  0.02
63900  6844.05  0.02
64100  6844.05  0.02
64300  6844.05  0.02
64500  6844.05  0.02
64700  6844.05  0.02
64900  6844.05  0.02
65100  6844.05  0.02
65300  6844.05  0.02
65500  6844.05  0.02
65700  6844.05  0.02
65900  6844.05  0.02
66100  6844.05  0.02
66300  6844.05  0.02
66500  6844.05  0.02
66700  6844.05  0.02
66900  6844.05  0.02
67100  6844.05  0.02
67300  6844.05  0.02
67500  6844.05  0.02
67700  6844.05  0.02
67900  6844.05  0.02
68100  6844.05  0.02
68300  6844.05  0.02
68500  6844.05  0.02
68700  6844.05  0.02
68900  6844.05  0.02
69100  6844.05  0.02
69300  6844.05  0.02
69500  6844.05  0.02
69700  6844.05  0.02
69900  6844.05  0.02
70100  6844.05  0.02
70300  6844.05  0.02
70500  6844.05  0.02
70700  6844.05  0.02
70900  6844.05  0.02
71100  6844.05  0.02
71300  6844.05  0.02
71500  6844.05  0.02
71700  6844.05  0.02
71900  6844.05  0.02
72100  6844.05  0.02
72300  6844.05  0.02
72500  6844.05  0.02
72700  6844.05  0.02
72900  6844.05  0.02
73100  6844.05  0.02
73300  6844.05  0.02
73500  6844.05  0.02
73700  6844.05  0.02
73900  6844.05  0.02
74100  6844.05  0.02
74300  6844.05  0.02
74500  6844.05  0.02
74700  6844.05  0.02
74900  6844.05  0.02
75100  6844.05  0.02
75300  6844.05  0.02
75500  6844.05  0.02
75700  6844.05  0.02
75900  6844.05  0.02
76100  6844.05  0.02
76300  6844.05  0.02
76500  6844.05  0.02
76700  6844.05  0.02
76900  6844.05  0.02
77100  6844.05  0.02
77300  6844.05  0.02
77500  6844.05  0.02
77700  6844.05  0.02
77900  6844.05  0.02
78100  6844.05  0.02
78300  6844.05  0.02
78500  6844.05  0.02
78700  6844.05  0.02
78900  6844.05  0.02
79100  6844.05  0.02
79300  6844.05  0.02
79500  6844.05  0.02
79700  6844.05  0.02
79900  6844.05  0.02
80100  6844.05  0.02
80300  6844.05  0.02
80500  6844.05  0.02
80700  6844.05  0.02
80900  6844.05  0.02
81100  6844.05  0.02
81300  6844.05  0.02
81500  6844.05  0.02
81700  6844.05  0.02
81900  6844.05  0.02
82100  6844.05  0.02
82300  6844.05  0.02
82500  6844.05  0.02
82700  6844.05  0.02
82900  6844.05  0.02
83100  6844.05  0.02
83300  6844.05  0.02
83500  6844.05  0.02
83700  6844.05  0.02
83900  6844.05  0.02
84100  6844.05  0.02
84300  6844.05  0.02
84500  6844.05  0.02
84700  6844.05  0.02
84900  6844.05  0.02
85100  6844.05  0.02
85300  6844.05  0.02
85500  6844.05  0.02
85700  6844.05  0.02
85900  6844.05  0.02
86100  6844.05  0.02
86300  6844.05  0.02
86500  6844.05  0.02
86700  6844.05  0.02
86900  6844.05  0.02
87100  6844.05  0.02
87300  6844.05  0.02
87500  6844.05  0.02
87700  6844.05  0.02
87900  6844.05  0.02
88100  6844.05  0.02
88300  6844.05  0.02
88500  6844.05  0.02
88700  6844.05  0.02
88900  6844.05  0.02
89100  6844.05  0.02
89300  6844.05  0.02
89500  6844.05  0.02
89700  6844.05  0.02
89900  6844.05  0.02
90100  6844.05  0.02
90300  6844.05  0.02
90500  6844.05  0.02
90700  6844.05  0.02
90900  6844.05  0.02
91100  6844.05  0.02
91300  6844.05  0.02
91500  6844.05  0.02
91700  6844.05  0.02
91900  6844.05  0.02
92100  6844.05  0.02
92300  6844.05  0.02
92500  6844.05  0.02
92700  6844.05  0.02
92900  6844.05  0.02
93100  6844.05  0.02
93300  6844.05  0.02
93500  6844.05  0.02
93700  6844.05  0.02
93900  6844.05  0.02
94100  6844.05  0.02
94300  6844.05  0.02
94500  6844.05  0.02
94700  6844.05  0.02
94900  6844.05  0.02
95100  6844.05  0.02
95300  6844.05  0.02
95500  6844.05  0.02
95700  6844.05  0.02
95900  6844.05  0.02
96100  6844.05  0.02
96300  6844.05  0.02
96500  6844.05  0.02
96700  6844.05  0.02
96900  6844.05  0.02
97100  6844.05  0.02
97300  6844.05  0.02
97500  6844.05  0.02
97700  6844.05  0.02
97900  6844.05  0.02
98100  6844.05  0.02
98300  6844.05  0.02
98500  6844.05  0.02
98700  6844.05  0.02
98900  6844.05  0.02
99100  6844.05  0.02
99300  6844.05  0.02
99500  6844.05  0.02
99700  6844.05  0.02
99900  6844.05  0.02
100100  6844.05  0.02
100300  6844.05  0.02
100500  6844.05  0.02
100700  6844.05  0.02
100900  6844.05  0.02
101100  6844.05  0.02
101300  6844.05  0.02
101500  6844.05  0.02
101700  6844.05  0.02
101900  6844.05  0.02
102100  6844.05  0.02
102300  6844.05  0.02
102500  6844.05  0.02
102700  6844.05  0.02
102900  6844.05  0.02
103100  6844.05  0.02
103300  6844.05  0.02
103500  6844.05  0.02
103700  6844.05  0.02
103900  6844.05  0.02
104100  6844.05  0.02
104300  6844.05  0.02
104500  6844.05  0.02
104700  6844.05  0.02
104900  6844.05  0.02
105100  6844.05  0.02
105300  6844.05  0.02
105500  6844.05  0.02
105700  6844.05  0.02
105900  6844.05  0.02
106100  6844.05  0.02
106300  6844.05  0.02
106500  6844.05  0.02
106700  6844.05  0.02
106900  6844.05  0.02
107100  6844.05  0.02
107300  6844.05  0.02
107500  6844.05  0.02
107700  6844.05  0.02
107900  6844.05  0.02
108100  6844.05  0.02
108300  6844.05  0.02
108500  6844.05  0.02
108700  6844.05  0.02
108900  6844.05  0.02
109100  6844.05  0.02
109300  6844.05  0.02
109500  6844.05  0.02
109700  6844.05  0.02
109900  6844.05  0.02
110100  6844.05  0.02
110300  6844.05  0.02
110500  6844.05  0.02
110700  6844.05  0.02
110900  6844.05  0.02
111100  6844.05  0.02
111300  6844.05  0.02
111500  6844.05  0.02
111700  6844.05  0.02
111900  6844.05  0.02
112100  6844.05  0.02
112300  6844.05  0.02
112500  6844.05  0.02
112700  6844.05  0.02
112900  6844.05  0.02
113100  6844.05  0.02
113300  6844.05  0.02
113500  6844.05  0.02
113700  6844.05  0.02
113900  6844.05  0.02
114100  6844.05  0.02
114300  6844.05  0.02
114500  6844.05  0.02
114700  6844.05  0.02
114900  6844.05  0.02
115100  6844.05  0.02
115300  6844.05  0.02
115500  6844.05  0.02
115700  6844.05  0.02
115900  6844.05  0.02
116100  6844.05  0.02
116300  6844.05  0.02
116500  6844.05  0.02
116700  6844.05  0.02
116900  6844.05  0.02
117100  6844.05  0.02
117300  6844.05  0.02
117500  6844.05  0.02
117700  6844.05  0.02
117900  6844.05  0.02
118100  6844.05  0.02
118300  6844.05  0.02
118500  6844.05  0.02
118700  6844.05  0.02
118900  6844.05  0.02
119100  6844.05  0.02
119300  6844.05  0.02
119500  6844.05  0.02
119700  6844.05  0.02
119900  6844.05  0.02
120100  6844.05  0.02
120300  6844.05  0.02
120500  6844.05  0.02
120700  6844.05  0.02
120900  6844.05  0.02
121100  6844.05  0.02
121300  6844.05  0.02
121500  6844.05  0.02
121700  6844.05  0.02
121900  6844.05  0.02
122100  6844.05  0.02
122300  6844.05  0.02
122500  6844.05  0.02
122700  6844.05  0.02
122900  6844.05  0.02
123100  6844.05  0.02
123300  6844.05  0.02
123500  6844.05  0.02
123700  6844.05  0.02
123900  6844.05  0.02
124100  6844.05  0.02
124300  6844.05  0.02
124500  6844.05  0.02
124700  6844.05  0.02
124900  6844.05  0.02
125100  6844.05  0.02
125300  6844.05  0.02
125500  6844.05  0.02
125700  6844.05  0.02
125900  6844.05  0.02
126100  6844.05  0.02
126300  6844.05  0.02
126500  6844.05  0.02
126700  6844.05  0.02
126900  6844.05  0.02
127100  6844.05  0.02
127300  6844.05  0.02
127500  6844.05  0.02
127700  6844.05  0.02
127900  6844.05  0.02
128100  6844.05  0.02
128300  6844.05  0.02
128500  6844.05  0.02
128700  6844.05  0.02
128900  6844.05  0.02
129100  6844.05  0.02
129300  6844.05  0.02
129500  6844.05  0.02
129700  6844.05  0.02
129900  6844.05  0.02
130100  6844.05  0.02
130300  6844.05  0.02
130500  6844.05  0.02
130700  6844.05  0.02
130900  6844.05  0.02
131100  6844.05  0.02
131300  6844.05  0.02
131500  6844.05  0.02
131700  6844.05  0.02
131900  6844.05  0.02
132100  6844.05  0.02
132300  6844.05  0.02
132500  6844.05  0.02
132700  6844.05  0.02
132900  6844.05  0.02
133100  6844.05  0.02
133300  6844.05  0.02
133500  6844.05  0.02
133700  6844.05  0.02
133900  6844.05  0.02
134100  6844.05  0.02
134300  6844.05  0.02
134500  6844.05  0.02
134700  6844.05  0.02
134900  6844.05  0.02
135100  6844.05  0.02
135300  6844.05  0.02
135500  6844.05  0.02
135700  6844.05  0.02
135900  6844.05  0.02
136100  6844.05  0.02
136300  6844.05  0.02
136500  6844.05  0.02
136700  6844.05  0.02
136900  6844.05  0.02
137100  6844.05  0.02
137300  6844.05  0.02
137500  6844.05  0.02
137700  6844.05  0.02
137900  6844.05  0.02
138100  6844.05  0.02
138300  6844.05  0.02
138500  6844.05  0.02
138700  6844.05  0.02
138900  6844.05  0.02
139100  6844.05  0.02
139300  6844.05  0.02
139500  6844.05  0.02
139700  6844.05  0.02
139900  6844.05  0.02
140100  6844.05  0.02
140300  6844.05  0.02
140500  6844.05  0.02
140700  6844.05  0.02
140900  6844.05  0.02
141100  6844.05  0.02
141300  6844.05  0.02
141500  6844.05  0.02
141700  6844.05  0.02
141900  6844.05  0.02
142100  6844.05  0.02
142300  6844.05  0.02
142500  6844.05  0.02
142700  6844.05  0.02
142900  6844.05  0.02
143100  6844.05  0.02
143300  6844.05  0.02
143500  6844.05  0.02
143700  6844.05  0.02
143900  6844.05  0.02
144100  6844.05  0.02
144300  6844.05  0.02
144500  6844.05  0.02
144700  6844.05  0.02
144900  6844.05  0.02
145100  6844.05  0.02
145300  6844.05  0.02
145500  6844.05  0.02
145700  6844.05  0.02
145900  6844.05  0.02
146100  6844.05  0.02
146300  6844.05  0.02
146500  6844.05  0.02
146700  6844.05  0.02
146900  6844.05  0.02
147100  6844.05  0.02
147300  6844.05  0.02
147500  6844.05  0.02
147700  6844.05  0.02
147900  6844.05  0.02
148100  6844.05  0.02
148300  6844.05  0.02
148500  6844.05  0.02
148700  6844.05  0.02
148900  6844.05  0.02
149100  6844.05  0.02
149300  6844.05  0.02
149500  6844.05  0.02
149700  6844.05  0.02
149900  6844.05  0.02
