100  4391.59  0.94
300  11536.6  0.76
500  15421.2  0.64
700  17092.7  0.5
900  20930.9  0.48
1100  24964.7  0.46
1300  17173.4  0.26
1500  9251.52  0.14
1700  26968.5  0.32
1900  29716.8  0.32
2100  32790.3  0.32
2300  33245.5  0.3
2500  40475.5  0.34
2700  40653.4  0.32
2900  46711.6  0.34
3100  37285.5  0.26
3300  30975.9  0.2
3500  26695.7  0.16
3700  24028.4  0.14
3900  13598.6  0.08
4100  32774.4  0.16
4300  21529.1  0.1
4500  10259.5  0.06
4700  10659.8  0.06
4900  25355.1  0.12
5100  20660  0.1
5300  11859.5  0.06
5500  11000.5  0.04
5700  11228  0.04
5900  8957.77  0.04
6100  10994.5  0.04
6300  10318.6  0.04
6500  29363.7  0.1
6700  16596.8  0.06
6900  10361.1  0.04
7100  37373  0.12
7300  38522.6  0.12
7500  39390.7  0.12
7700  40509.4  0.12
7900  37780.6  0.1
8100  42463.8  0.12
8300  43272.3  0.12
8500  35928.2  0.1
8700  27816.9  0.08
8900  28565.6  0.08
9100  38399.2  0.1
9300  15705.4  0.04
9500  20987.6  0.06
9700  11597.4  0.04
9900  11796.4  0.04
10100  30581.4  0.08
10300  29034.6  0.06
10500  29434.7  0.06
10700  29833.5  0.06
10900  30167  0.06
11100  30567.1  0.06
11300  12560.5  0.04
11500  12759.5  0.04
11700  12959.8  0.04
11900  36011.7  0.08
12100  28736.9  0.06
12300  16839.4  0.04
12500  12788.9  0.04
12700  12989.2  0.04
12900  13189.6  0.04
13100  13388.5  0.04
13300  13299.9  0.02
13500  13340.2  0.02
13700  13340.2  0.02
13900  13340.2  0.02
14100  13340.2  0.02
14300  13340.2  0.02
14500  13340.2  0.02
14700  13340.2  0.02
14900  13340.2  0.02
15100  13340.2  0.02
15300  13340.2  0.02
15500  13340.2  0.02
15700  13340.2  0.02
15900  13340.2  0.02
16100  13340.2  0.02
16300  13340.2  0.02
16500  13340.2  0.02
16700  13340.2  0.02
16900  13340.2  0.02
17100  13340.2  0.02
17300  13340.2  0.02
17500  13340.2  0.02
17700  13340.2  0.02
17900  13340.2  0.02
18100  13340.2  0.02
18300  13340.2  0.02
18500  13340.2  0.02
18700  13340.2  0.02
18900  13340.2  0.02
19100  13340.2  0.02
19300  13340.2  0.02
19500  13340.2  0.02
19700  13340.2  0.02
19900  13340.2  0.02
20100  13340.2  0.02
20300  13340.2  0.02
20500  13340.2  0.02
20700  13340.2  0.02
20900  13340.2  0.02
21100  13340.2  0.02
21300  13340.2  0.02
21500  13340.2  0.02
21700  13340.2  0.02
21900  13340.2  0.02
22100  13340.2  0.02
22300  13340.2  0.02
22500  13340.2  0.02
22700  13340.2  0.02
22900  13340.2  0.02
23100  13340.2  0.02
23300  13340.2  0.02
23500  13340.2  0.02
23700  13340.2  0.02
23900  13340.2  0.02
24100  13340.2  0.02
24300  13340.2  0.02
24500  13340.2  0.02
24700  13340.2  0.02
24900  13340.2  0.02
25100  13340.2  0.02
25300  13340.2  0.02
25500  13340.2  0.02
25700  13340.2  0.02
25900  13340.2  0.02
26100  13340.2  0.02
26300  13340.2  0.02
26500  13340.2  0.02
26700  13340.2  0.02
26900  13340.2  0.02
27100  13340.2  0.02
27300  13340.2  0.02
27500  13340.2  0.02
27700  13340.2  0.02
27900  13340.2  0.02
28100  13340.2  0.02
28300  13340.2  0.02
28500  13340.2  0.02
28700  13340.2  0.02
28900  13340.2  0.02
29100  13340.2  0.02
29300  13340.2  0.02
29500  13340.2  0.02
29700  13340.2  0.02
29900  13340.2  0.02
30100  13340.2  0.02
30300  13340.2  0.02
30500  13340.2  0.02
30700  13340.2  0.02
30900  13340.2  0.02
31100  13340.2  0.02
31300  13340.2  0.02
31500  13340.2  0.02
31700  13340.2  0.02
31900  13340.2  0.02
32100  13340.2  0.02
32300  13340.2  0.02
32500  13340.2  0.02
32700  13340.2  0.02
32900  13340.2  0.02
33100  13340.2  0.02
33300  13340.2  0.02
33500  13340.2  0.02
33700  13340.2  0.02
33900  13340.2  0.02
34100  13340.2  0.02
34300  13340.2  0.02
34500  13340.2  0.02
34700  13340.2  0.02
34900  13340.2  0.02
35100  13340.2  0.02
35300  13340.2  0.02
35500  13340.2  0.02
35700  13340.2  0.02
35900  13340.2  0.02
36100  13340.2  0.02
36300  13340.2  0.02
36500  13340.2  0.02
36700  13340.2  0.02
36900  13340.2  0.02
37100  13340.2  0.02
37300  13340.2  0.02
37500  13340.2  0.02
37700  13340.2  0.02
37900  13340.2  0.02
38100  13340.2  0.02
38300  13340.2  0.02
38500  13340.2  0.02
38700  13340.2  0.02
38900  13340.2  0.02
39100  13340.2  0.02
39300  13340.2  0.02
39500  13340.2  0.02
39700  13340.2  0.02
39900  13340.2  0.02
40100  13340.2  0.02
40300  13340.2  0.02
40500  13340.2  0.02
40700  13340.2  0.02
40900  13340.2  0.02
41100  13340.2  0.02
41300  13340.2  0.02
41500  13340.2  0.02
41700  13340.2  0.02
41900  13340.2  0.02
42100  13340.2  0.02
42300  13340.2  0.02
42500  13340.2  0.02
42700  13340.2  0.02
42900  13340.2  0.02
43100  13340.2  0.02
43300  13340.2  0.02
43500  13340.2  0.02
43700  13340.2  0.02
43900  13340.2  0.02
44100  13340.2  0.02
44300  13340.2  0.02
44500  13340.2  0.02
44700  13340.2  0.02
44900  13340.2  0.02
45100  13340.2  0.02
45300  13340.2  0.02
45500  13340.2  0.02
45700  13340.2  0.02
45900  13340.2  0.02
46100  13340.2  0.02
46300  13340.2  0.02
46500  13340.2  0.02
46700  13340.2  0.02
46900  13340.2  0.02
47100  13340.2  0.02
47300  13340.2  0.02
47500  13340.2  0.02
47700  13340.2  0.02
47900  13340.2  0.02
48100  13340.2  0.02
48300  13340.2  0.02
48500  13340.2  0.02
48700  13340.2  0.02
48900  13340.2  0.02
49100  13340.2  0.02
49300  13340.2  0.02
49500  13340.2  0.02
49700  13340.2  0.02
49900  13340.2  0.02
50100  13340.2  0.02
50300  13340.2  0.02
50500  13340.2  0.02
50700  13340.2  0.02
50900  13340.2  0.02
51100  13340.2  0.02
51300  13340.2  0.02
51500  13340.2  0.02
51700  13340.2  0.02
51900  13340.2  0.02
52100  13340.2  0.02
52300  13340.2  0.02
52500  13340.2  0.02
52700  13340.2  0.02
52900  13340.2  0.02
53100  13340.2  0.02
53300  13340.2  0.02
53500  13340.2  0.02
53700  13340.2  0.02
53900  13340.2  0.02
54100  13340.2  0.02
54300  13340.2  0.02
54500  13340.2  0.02
54700  13340.2  0.02
54900  13340.2  0.02
55100  13340.2  0.02
55300  13340.2  0.02
55500  13340.2  0.02
55700  13340.2  0.02
55900  13340.2  0.02
56100  13340.2  0.02
56300  13340.2  0.02
56500  13340.2  0.02
56700  13340.2  0.02
56900  13340.2  0.02
57100  13340.2  0.02
57300  13340.2  0.02
57500  13340.2  0.02
57700  13340.2  0.02
57900  13340.2  0.02
58100  13340.2  0.02
58300  13340.2  0.02
58500  13340.2  0.02
58700  13340.2  0.02
58900  13340.2  0.02
59100  13340.2  0.02
59300  13340.2  0.02
59500  13340.2  0.02
59700  13340.2  0.02
59900  13340.2  0.02
60100  13340.2  0.02
60300  13340.2  0.02
60500  13340.2  0.02
60700  13340.2  0.02
60900  13340.2  0.02
61100  13340.2  0.02
61300  13340.2  0.02
61500  13340.2  0.02
61700  13340.2  0.02
61900  13340.2  0.02
62100  13340.2  0.02
62300  13340.2  0.02
62500  13340.2  0.02
62700  13340.2  0.02
62900  13340.2  0.02
63100  13340.2  0.02
63300  13340.2  0.02
63500  13340.2  0.02
63700  13340.2  0.02
63900  13340.2  0.02
64100  13340.2  0.02
64300  13340.2  0.02
64500  13340.2  0.02
64700  13340.2  0.02
64900  13340.2  0.02
65100  13340.2  0.02
65300  13340.2  0.02
65500  13340.2  0.02
65700  13340.2  0.02
65900  13340.2  0.02
66100  13340.2  0.02
66300  13340.2  0.02
66500  13340.2  0.02
66700  13340.2  0.02
66900  13340.2  0.02
67100  13340.2  0.02
67300  13340.2  0.02
67500  13340.2  0.02
67700  13340.2  0.02
67900  13340.2  0.02
68100  13340.2  0.02
68300  13340.2  0.02
68500  13340.2  0.02
68700  13340.2  0.02
68900  13340.2  0.02
69100  13340.2  0.02
69300  13340.2  0.02
69500  13340.2  0.02
69700  13340.2  0.02
69900  13340.2  0.02
70100  13340.2  0.02
70300  13340.2  0.02
70500  13340.2  0.02
70700  13340.2  0.02
70900  13340.2  0.02
71100  13340.2  0.02
71300  13340.2  0.02
71500  13340.2  0.02
71700  13340.2  0.02
71900  13340.2  0.02
72100  13340.2  0.02
72300  13340.2  0.02
72500  13340.2  0.02
72700  13340.2  0.02
72900  13340.2  0.02
73100  13340.2  0.02
73300  13340.2  0.02
73500  13340.2  0.02
73700  13340.2  0.02
73900  13340.2  0.02
74100  13340.2  0.02
74300  13340.2  0.02
74500  13340.2  0.02
74700  13340.2  0.02
74900  13340.2  0.02
75100  13340.2  0.02
75300  13340.2  0.02
75500  13340.2  0.02
75700  13340.2  0.02
75900  13340.2  0.02
76100  13340.2  0.02
76300  13340.2  0.02
76500  13340.2  0.02
76700  13340.2  0.02
76900  13340.2  0.02
77100  13340.2  0.02
77300  13340.2  0.02
77500  13340.2  0.02
77700  13340.2  0.02
77900  13340.2  0.02
78100  13340.2  0.02
78300  13340.2  0.02
78500  13340.2  0.02
78700  13340.2  0.02
78900  13340.2  0.02
79100  13340.2  0.02
79300  13340.2  0.02
79500  13340.2  0.02
79700  13340.2  0.02
79900  13340.2  0.02
80100  13340.2  0.02
80300  13340.2  0.02
80500  13340.2  0.02
80700  13340.2  0.02
80900  13340.2  0.02
81100  13340.2  0.02
81300  13340.2  0.02
81500  13340.2  0.02
81700  13340.2  0.02
81900  13340.2  0.02
82100  13340.2  0.02
82300  13340.2  0.02
82500  13340.2  0.02
82700  13340.2  0.02
82900  13340.2  0.02
83100  13340.2  0.02
83300  13340.2  0.02
83500  13340.2  0.02
83700  13340.2  0.02
83900  13340.2  0.02
84100  13340.2  0.02
84300  13340.2  0.02
84500  13340.2  0.02
84700  13340.2  0.02
84900  13340.2  0.02
85100  13340.2  0.02
85300  13340.2  0.02
85500  13340.2  0.02
85700  13340.2  0.02
85900  13340.2  0.02
86100  13340.2  0.02
86300  13340.2  0.02
86500  13340.2  0.02
86700  13340.2  0.02
86900  13340.2  0.02
87100  13340.2  0.02
87300  13340.2  0.02
87500  13340.2  0.02
87700  13340.2  0.02
87900  13340.2  0.02
88100  13340.2  0.02
88300  13340.2  0.02
88500  13340.2  0.02
88700  13340.2  0.02
88900  13340.2  0.02
89100  13340.2  0.02
89300  13340.2  0.02
89500  13340.2  0.02
89700  13340.2  0.02
89900  13340.2  0.02
90100  13340.2  0.02
90300  13340.2  0.02
90500  13340.2  0.02
90700  13340.2  0.02
90900  13340.2  0.02
91100  13340.2  0.02
91300  13340.2  0.02
91500  13340.2  0.02
91700  13340.2  0.02
91900  13340.2  0.02
92100  13340.2  0.02
92300  13340.2  0.02
92500  13340.2  0.02
92700  13340.2  0.02
92900  13340.2  0.02
93100  13340.2  0.02
93300  13340.2  0.02
93500  13340.2  0.02
93700  13340.2  0.02
93900  13340.2  0.02
94100  13340.2  0.02
94300  13340.2  0.02
94500  13340.2  0.02
94700  13340.2  0.02
94900  13340.2  0.02
95100  13340.2  0.02
95300  13340.2  0.02
95500  13340.2  0.02
95700  13340.2  0.02
95900  13340.2  0.02
96100  13340.2  0.02
96300  13340.2  0.02
96500  13340.2  0.02
96700  13340.2  0.02
96900  13340.2  0.02
97100  13340.2  0.02
97300  13340.2  0.02
97500  13340.2  0.02
97700  13340.2  0.02
97900  13340.2  0.02
98100  13340.2  0.02
98300  13340.2  0.02
98500  13340.2  0.02
98700  13340.2  0.02
98900  13340.2  0.02
99100  13340.2  0.02
99300  13340.2  0.02
99500  13340.2  0.02
99700  13340.2  0.02
99900  13340.2  0.02
100100  13340.2  0.02
100300  13340.2  0.02
100500  13340.2  0.02
100700  13340.2  0.02
100900  13340.2  0.02
101100  13340.2  0.02
101300  13340.2  0.02
101500  13340.2  0.02
101700  13340.2  0.02
101900  13340.2  0.02
102100  13340.2  0.02
102300  13340.2  0.02
102500  13340.2  0.02
102700  13340.2  0.02
102900  13340.2  0.02
103100  13340.2  0.02
103300  13340.2  0.02
103500  13340.2  0.02
103700  13340.2  0.02
103900  13340.2  0.02
104100  13340.2  0.02
104300  13340.2  0.02
104500  13340.2  0.02
104700  13340.2  0.02
104900  13340.2  0.02
105100  13340.2  0.02
105300  13340.2  0.02
105500  13340.2  0.02
105700  13340.2  0.02
105900  13340.2  0.02
106100  13340.2  0.02
106300  13340.2  0.02
106500  13340.2  0.02
106700  13340.2  0.02
106900  13340.2  0.02
107100  13340.2  0.02
107300  13340.2  0.02
107500  13340.2  0.02
107700  13340.2  0.02
107900  13340.2  0.02
108100  13340.2  0.02
108300  13340.2  0.02
108500  13340.2  0.02
108700  13340.2  0.02
108900  13340.2  0.02
109100  13340.2  0.02
109300  13340.2  0.02
109500  13340.2  0.02
109700  13340.2  0.02
109900  13340.2  0.02
110100  13340.2  0.02
110300  13340.2  0.02
110500  13340.2  0.02
110700  13340.2  0.02
110900  13340.2  0.02
111100  13340.2  0.02
111300  13340.2  0.02
111500  13340.2  0.02
111700  13340.2  0.02
111900  13340.2  0.02
112100  13340.2  0.02
112300  13340.2  0.02
112500  13340.2  0.02
112700  13340.2  0.02
112900  13340.2  0.02
113100  13340.2  0.02
113300  13340.2  0.02
113500  13340.2  0.02
113700  13340.2  0.02
113900  13340.2  0.02
114100  13340.2  0.02
114300  13340.2  0.02
114500  13340.2  0.02
114700  13340.2  0.02
114900  13340.2  0.02
115100  13340.2  0.02
115300  13340.2  0.02
115500  13340.2  0.02
115700  13340.2  0.02
115900  13340.2  0.02
116100  13340.2  0.02
116300  13340.2  0.02
116500  13340.2  0.02
116700  13340.2  0.02
116900  13340.2  0.02
117100  13340.2  0.02
117300  13340.2  0.02
117500  13340.2  0.02
117700  13340.2  0.02
117900  13340.2  0.02
118100  13340.2  0.02
118300  13340.2  0.02
118500  13340.2  0.02
118700  13340.2  0.02
118900  13340.2  0.02
119100  13340.2  0.02
119300  13340.2  0.02
119500  13340.2  0.02
119700  13340.2  0.02
119900  13340.2  0.02
120100  13340.2  0.02
120300  13340.2  0.02
120500  13340.2  0.02
120700  13340.2  0.02
120900  13340.2  0.02
121100  13340.2  0.02
121300  13340.2  0.02
121500  13340.2  0.02
121700  13340.2  0.02
121900  13340.2  0.02
122100  13340.2  0.02
122300  13340.2  0.02
122500  13340.2  0.02
122700  13340.2  0.02
122900  13340.2  0.02
123100  13340.2  0.02
123300  13340.2  0.02
123500  13340.2  0.02
123700  13340.2  0.02
123900  13340.2  0.02
124100  13340.2  0.02
124300  13340.2  0.02
124500  13340.2  0.02
124700  13340.2  0.02
124900  13340.2  0.02
125100  13340.2  0.02
125300  13340.2  0.02
125500  13340.2  0.02
125700  13340.2  0.02
125900  13340.2  0.02
126100  13340.2  0.02
126300  13340.2  0.02
126500  13340.2  0.02
126700  13340.2  0.02
126900  13340.2  0.02
127100  13340.2  0.02
127300  13340.2  0.02
127500  13340.2  0.02
127700  13340.2  0.02
127900  13340.2  0.02
128100  13340.2  0.02
128300  13340.2  0.02
128500  13340.2  0.02
128700  13340.2  0.02
128900  13340.2  0.02
129100  13340.2  0.02
129300  13340.2  0.02
129500  13340.2  0.02
129700  13340.2  0.02
129900  13340.2  0.02
130100  13340.2  0.02
130300  13340.2  0.02
130500  13340.2  0.02
130700  13340.2  0.02
130900  13340.2  0.02
131100  13340.2  0.02
131300  13340.2  0.02
131500  13340.2  0.02
131700  13340.2  0.02
131900  13340.2  0.02
132100  13340.2  0.02
132300  13340.2  0.02
132500  13340.2  0.02
132700  13340.2  0.02
132900  13340.2  0.02
133100  13340.2  0.02
133300  13340.2  0.02
133500  13340.2  0.02
133700  13340.2  0.02
133900  13340.2  0.02
134100  13340.2  0.02
134300  13340.2  0.02
134500  13340.2  0.02
134700  13340.2  0.02
134900  13340.2  0.02
135100  13340.2  0.02
135300  13340.2  0.02
135500  13340.2  0.02
135700  13340.2  0.02
135900  13340.2  0.02
136100  13340.2  0.02
136300  13340.2  0.02
136500  13340.2  0.02
136700  13340.2  0.02
136900  13340.2  0.02
137100  13340.2  0.02
137300  13340.2  0.02
137500  13340.2  0.02
137700  13340.2  0.02
137900  13340.2  0.02
138100  13340.2  0.02
138300  13340.2  0.02
138500  13340.2  0.02
138700  13340.2  0.02
138900  13340.2  0.02
139100  13340.2  0.02
139300  13340.2  0.02
139500  13340.2  0.02
139700  13340.2  0.02
139900  13340.2  0.02
140100  13340.2  0.02
140300  13340.2  0.02
140500  13340.2  0.02
140700  13340.2  0.02
140900  13340.2  0.02
141100  13340.2  0.02
141300  13340.2  0.02
141500  13340.2  0.02
141700  13340.2  0.02
141900  13340.2  0.02
142100  13340.2  0.02
142300  13340.2  0.02
142500  13340.2  0.02
142700  13340.2  0.02
142900  13340.2  0.02
143100  13340.2  0.02
143300  13340.2  0.02
143500  13340.2  0.02
143700  13340.2  0.02
143900  13340.2  0.02
144100  13340.2  0.02
144300  13340.2  0.02
144500  13340.2  0.02
144700  13340.2  0.02
144900  13340.2  0.02
145100  13340.2  0.02
145300  13340.2  0.02
145500  13340.2  0.02
145700  13340.2  0.02
145900  13340.2  0.02
146100  13340.2  0.02
146300  13340.2  0.02
146500  13340.2  0.02
146700  13340.2  0.02
146900  13340.2  0.02
147100  13340.2  0.02
147300  13340.2  0.02
147500  13340.2  0.02
147700  13340.2  0.02
147900  13340.2  0.02
148100  13340.2  0.02
148300  13340.2  0.02
148500  13340.2  0.02
148700  13340.2  0.02
148900  13340.2  0.02
149100  13340.2  0.02
149300  13340.2  0.02
149500  13340.2  0.02
149700  13340.2  0.02
149900  13340.2  0.02
