100  4322.32  0.96
300  12120.5  0.8
500  15291.2  0.6
700  21623.8  0.62
900  21059.4  0.46
1100  24078.9  0.44
1300  18206.2  0.28
1500  24104.4  0.32
1700  15335.5  0.18
1900  16949.5  0.18
2100  18632.2  0.18
2300  24564.6  0.22
2500  21691.6  0.18
2700  20588.1  0.16
2900  24943.6  0.18
3100  20953  0.14
3300  28648.3  0.18
3500  26070.9  0.16
3700  36828.4  0.2
3900  25235.4  0.14
4100  26511.9  0.14
4300  27715.5  0.14
4500  28664.3  0.14
4700  25193.2  0.12
4900  26197.2  0.12
5100  22127.9  0.1
5300  18740.2  0.08
5500  24457.3  0.1
5700  13741.1  0.06
5900  14142  0.06
6100  20356.9  0.08
6300  18047.3  0.06
6500  21914.5  0.08
6700  22474.1  0.08
6900  23033.8  0.08
7100  37889  0.12
7300  34756  0.1
7500  35569.2  0.1
7700  36375.8  0.1
7900  37197.8  0.1
8100  37892.5  0.1
8300  38699.1  0.1
8500  39521.1  0.1
8700  40576.6  0.1
8900  41394.7  0.1
9100  42100.9  0.1
9300  33646.5  0.08
9500  34240.8  0.08
9700  34835.1  0.08
9900  35445.7  0.08
10100  36035.6  0.08
10300  36629.9  0.08
10500  37224.2  0.08
10700  37834.7  0.08
10900  38429  0.08
11100  39023.3  0.08
11300  39633.8  0.08
11500  40228.1  0.08
11700  22543.2  0.04
11900  22743.8  0.04
12100  22944.3  0.04
12300  23144.9  0.04
12500  23345.4  0.04
12700  23546  0.04
12900  23746.6  0.04
13100  31704  0.06
13300  32097.1  0.06
13500  32494.5  0.06
13700  19233.2  0.04
13900  19433.8  0.04
14100  19811.9  0.04
14300  20012.4  0.04
14500  20213  0.04
14700  20409.2  0.04
14900  20609.8  0.04
15100  20810.3  0.04
15300  21010.9  0.04
15500  21211.4  0.04
15700  37959.8  0.06
15900  38367  0.06
16100  38774.3  0.06
16300  39177.1  0.06
16500  23053.3  0.04
16700  23253.9  0.04
16900  23454.4  0.04
17100  23655  0.04
17300  23855.6  0.04
17500  24056.1  0.04
17700  24256.7  0.04
17900  25710.6  0.04
18100  25911.1  0.04
18300  26111.7  0.04
18500  26312.2  0.04
18700  29121.1  0.04
18900  29321.6  0.04
19100  29522.2  0.04
19300  29722.7  0.04
19500  29919  0.04
19700  22702.9  0.04
19900  22903.5  0.04
20100  24478.2  0.04
20300  24678.8  0.04
20500  29453  0.04
20700  29653.6  0.04
20900  29849.8  0.04
21100  30050.3  0.04
21300  44939.6  0.06
21500  45343.8  0.06
21700  88393.3  0.1
21900  89251.3  0.1
22100  90078.6  0.1
22300  90914.3  0.1
22500  33830.9  0.04
22700  37566.8  0.04
22900  70276.1  0.08
23100  70912.4  0.08
23300  71548.7  0.08
23500  72375.2  0.08
23700  73011.5  0.08
23900  73402.3  0.08
24100  74034.3  0.08
24300  74670.6  0.08
24500  75306.9  0.08
24700  75943.2  0.08
24900  76334  0.08
25100  76970.3  0.08
25300  77606.6  0.08
25500  78242.9  0.08
25700  78874.8  0.08
25900  79265.6  0.08
26100  79901.9  0.08
26300  80538.2  0.08
26500  81174.5  0.08
26700  81810.8  0.08
26900  82447.1  0.08
27100  82833.5  0.08
27300  56266.7  0.06
27500  56712.8  0.06
27700  57158.8  0.06
27900  57604.9  0.06
28100  57805.5  0.06
28300  30018.3  0.04
28500  30218.8  0.04
28700  30415  0.04
28900  30615.6  0.04
29100  30816.2  0.04
29300  47064.3  0.04
29500  47264.8  0.04
29700  32538.1  0.04
29900  32738.7  0.04
30100  32939.2  0.04
30300  32640.5  0.04
30500  32841.1  0.04
30700  33041.7  0.04
30900  33242.2  0.04
31100  33442.8  0.04
31300  63808.4  0.06
31500  64340.4  0.06
31700  64872.4  0.06
31900  65068.6  0.06
32100  65600.6  0.06
32300  65801.2  0.06
32500  66333.2  0.06
32700  38147.4  0.04
32900  34253.3  0.04
33100  34453.9  0.04
33300  68776.7  0.06
33500  69134.5  0.06
33700  69492.2  0.06
33900  70007.1  0.06
34100  70364.8  0.06
34300  70722.5  0.06
34500  71080.2  0.06
34700  71595.1  0.06
34900  71948.5  0.06
35100  72306.2  0.06
35300  72663.9  0.06
35500  73178.8  0.06
35700  73536.6  0.06
35900  73894.3  0.06
36100  74252  0.06
36300  74766.9  0.06
36500  38904.6  0.04
36700  39064.6  0.04
36900  39265.2  0.04
37100  39465.7  0.04
37300  39666.3  0.04
37500  39866.8  0.04
37700  40067.4  0.04
37900  40268  0.04
38100  40464.2  0.04
38300  191790  0.1
38500  153914  0.08
38700  154968  0.08
38900  44828.9  0.04
39100  45029.4  0.04
39300  45230  0.04
39500  45426.2  0.04
39700  43241.2  0.04
39900  43441.7  0.04
40100  43642.3  0.04
40300  121171  0.06
40500  80936.3  0.04
40700  81468.3  0.04
40900  81668.8  0.04
41100  82196.5  0.04
41300  82728.5  0.04
41500  82929  0.04
41700  83461  0.04
41900  83661.6  0.04
42100  84193.6  0.04
42300  84725.6  0.04
42500  42502.1  0.02
42700  42698.3  0.02
42900  42898.8  0.02
43100  43099.4  0.02
43300  43260.7  0.02
43500  43260.7  0.02
43700  43260.7  0.02
43900  43260.7  0.02
44100  43260.7  0.02
44300  43260.7  0.02
44500  43260.7  0.02
44700  43260.7  0.02
44900  43260.7  0.02
45100  43260.7  0.02
45300  43260.7  0.02
45500  43260.7  0.02
45700  43260.7  0.02
45900  43260.7  0.02
46100  43260.7  0.02
46300  43260.7  0.02
46500  43260.7  0.02
46700  43260.7  0.02
46900  43260.7  0.02
47100  43260.7  0.02
47300  43260.7  0.02
47500  43260.7  0.02
47700  43260.7  0.02
47900  43260.7  0.02
48100  43260.7  0.02
48300  43260.7  0.02
48500  43260.7  0.02
48700  43260.7  0.02
48900  43260.7  0.02
49100  43260.7  0.02
49300  43260.7  0.02
49500  43260.7  0.02
49700  43260.7  0.02
49900  43260.7  0.02
50100  43260.7  0.02
50300  43260.7  0.02
50500  43260.7  0.02
50700  43260.7  0.02
50900  43260.7  0.02
51100  43260.7  0.02
51300  43260.7  0.02
51500  43260.7  0.02
51700  43260.7  0.02
51900  43260.7  0.02
52100  43260.7  0.02
52300  43260.7  0.02
52500  43260.7  0.02
52700  43260.7  0.02
52900  43260.7  0.02
53100  43260.7  0.02
53300  43260.7  0.02
53500  43260.7  0.02
53700  43260.7  0.02
53900  43260.7  0.02
54100  43260.7  0.02
54300  43260.7  0.02
54500  43260.7  0.02
54700  43260.7  0.02
54900  43260.7  0.02
55100  43260.7  0.02
55300  43260.7  0.02
55500  43260.7  0.02
55700  43260.7  0.02
55900  43260.7  0.02
56100  43260.7  0.02
56300  43260.7  0.02
56500  43260.7  0.02
56700  43260.7  0.02
56900  43260.7  0.02
57100  43260.7  0.02
57300  43260.7  0.02
57500  43260.7  0.02
57700  43260.7  0.02
57900  43260.7  0.02
58100  43260.7  0.02
58300  43260.7  0.02
58500  43260.7  0.02
58700  43260.7  0.02
58900  43260.7  0.02
59100  43260.7  0.02
59300  43260.7  0.02
59500  43260.7  0.02
59700  43260.7  0.02
59900  43260.7  0.02
60100  43260.7  0.02
60300  43260.7  0.02
60500  43260.7  0.02
60700  43260.7  0.02
60900  43260.7  0.02
61100  43260.7  0.02
61300  43260.7  0.02
61500  43260.7  0.02
61700  43260.7  0.02
61900  43260.7  0.02
62100  43260.7  0.02
62300  43260.7  0.02
62500  43260.7  0.02
62700  43260.7  0.02
62900  43260.7  0.02
63100  43260.7  0.02
63300  43260.7  0.02
63500  43260.7  0.02
63700  43260.7  0.02
63900  43260.7  0.02
64100  43260.7  0.02
64300  43260.7  0.02
64500  43260.7  0.02
64700  43260.7  0.02
64900  43260.7  0.02
65100  43260.7  0.02
65300  43260.7  0.02
65500  43260.7  0.02
65700  43260.7  0.02
65900  43260.7  0.02
66100  43260.7  0.02
66300  43260.7  0.02
66500  43260.7  0.02
66700  43260.7  0.02
66900  43260.7  0.02
67100  43260.7  0.02
67300  43260.7  0.02
67500  43260.7  0.02
67700  43260.7  0.02
67900  43260.7  0.02
68100  43260.7  0.02
68300  43260.7  0.02
68500  43260.7  0.02
68700  43260.7  0.02
68900  43260.7  0.02
69100  43260.7  0.02
69300  43260.7  0.02
69500  43260.7  0.02
69700  43260.7  0.02
69900  43260.7  0.02
70100  43260.7  0.02
70300  43260.7  0.02
70500  43260.7  0.02
70700  43260.7  0.02
70900  43260.7  0.02
71100  43260.7  0.02
71300  43260.7  0.02
71500  43260.7  0.02
71700  43260.7  0.02
71900  43260.7  0.02
72100  43260.7  0.02
72300  43260.7  0.02
72500  43260.7  0.02
72700  43260.7  0.02
72900  43260.7  0.02
73100  43260.7  0.02
73300  43260.7  0.02
73500  43260.7  0.02
73700  43260.7  0.02
73900  43260.7  0.02
74100  43260.7  0.02
74300  43260.7  0.02
74500  43260.7  0.02
74700  43260.7  0.02
74900  43260.7  0.02
75100  43260.7  0.02
75300  43260.7  0.02
75500  43260.7  0.02
75700  43260.7  0.02
75900  43260.7  0.02
76100  43260.7  0.02
76300  43260.7  0.02
76500  43260.7  0.02
76700  43260.7  0.02
76900  43260.7  0.02
77100  43260.7  0.02
77300  43260.7  0.02
77500  43260.7  0.02
77700  43260.7  0.02
77900  43260.7  0.02
78100  43260.7  0.02
78300  43260.7  0.02
78500  43260.7  0.02
78700  43260.7  0.02
78900  43260.7  0.02
79100  43260.7  0.02
79300  43260.7  0.02
79500  43260.7  0.02
79700  43260.7  0.02
79900  43260.7  0.02
80100  43260.7  0.02
80300  43260.7  0.02
80500  43260.7  0.02
80700  43260.7  0.02
80900  43260.7  0.02
81100  43260.7  0.02
81300  43260.7  0.02
81500  43260.7  0.02
81700  43260.7  0.02
81900  43260.7  0.02
82100  43260.7  0.02
82300  43260.7  0.02
82500  43260.7  0.02
82700  43260.7  0.02
82900  43260.7  0.02
83100  43260.7  0.02
83300  43260.7  0.02
83500  43260.7  0.02
83700  43260.7  0.02
83900  43260.7  0.02
84100  43260.7  0.02
84300  43260.7  0.02
84500  43260.7  0.02
84700  43260.7  0.02
84900  43260.7  0.02
85100  43260.7  0.02
85300  43260.7  0.02
85500  43260.7  0.02
85700  43260.7  0.02
85900  43260.7  0.02
86100  43260.7  0.02
86300  43260.7  0.02
86500  43260.7  0.02
86700  43260.7  0.02
86900  43260.7  0.02
87100  43260.7  0.02
87300  43260.7  0.02
87500  43260.7  0.02
87700  43260.7  0.02
87900  43260.7  0.02
88100  43260.7  0.02
88300  43260.7  0.02
88500  43260.7  0.02
88700  43260.7  0.02
88900  43260.7  0.02
89100  43260.7  0.02
89300  43260.7  0.02
89500  43260.7  0.02
89700  43260.7  0.02
89900  43260.7  0.02
90100  43260.7  0.02
90300  43260.7  0.02
90500  43260.7  0.02
90700  43260.7  0.02
90900  43260.7  0.02
91100  43260.7  0.02
91300  43260.7  0.02
91500  43260.7  0.02
91700  43260.7  0.02
91900  43260.7  0.02
92100  43260.7  0.02
92300  43260.7  0.02
92500  43260.7  0.02
92700  43260.7  0.02
92900  43260.7  0.02
93100  43260.7  0.02
93300  43260.7  0.02
93500  43260.7  0.02
93700  43260.7  0.02
93900  43260.7  0.02
94100  43260.7  0.02
94300  43260.7  0.02
94500  43260.7  0.02
94700  43260.7  0.02
94900  43260.7  0.02
95100  43260.7  0.02
95300  43260.7  0.02
95500  43260.7  0.02
95700  43260.7  0.02
95900  43260.7  0.02
96100  43260.7  0.02
96300  43260.7  0.02
96500  43260.7  0.02
96700  43260.7  0.02
96900  43260.7  0.02
97100  43260.7  0.02
97300  43260.7  0.02
97500  43260.7  0.02
97700  43260.7  0.02
97900  43260.7  0.02
98100  43260.7  0.02
98300  43260.7  0.02
98500  43260.7  0.02
98700  43260.7  0.02
98900  43260.7  0.02
99100  43260.7  0.02
99300  43260.7  0.02
99500  43260.7  0.02
99700  43260.7  0.02
99900  43260.7  0.02
100100  43260.7  0.02
100300  43260.7  0.02
100500  43260.7  0.02
100700  43260.7  0.02
100900  43260.7  0.02
101100  43260.7  0.02
101300  43260.7  0.02
101500  43260.7  0.02
101700  43260.7  0.02
101900  43260.7  0.02
102100  43260.7  0.02
102300  43260.7  0.02
102500  43260.7  0.02
102700  43260.7  0.02
102900  43260.7  0.02
103100  43260.7  0.02
103300  43260.7  0.02
103500  43260.7  0.02
103700  43260.7  0.02
103900  43260.7  0.02
104100  43260.7  0.02
104300  43260.7  0.02
104500  43260.7  0.02
104700  43260.7  0.02
104900  43260.7  0.02
105100  43260.7  0.02
105300  43260.7  0.02
105500  43260.7  0.02
105700  43260.7  0.02
105900  43260.7  0.02
106100  43260.7  0.02
106300  43260.7  0.02
106500  43260.7  0.02
106700  43260.7  0.02
106900  43260.7  0.02
107100  43260.7  0.02
107300  43260.7  0.02
107500  43260.7  0.02
107700  43260.7  0.02
107900  43260.7  0.02
108100  43260.7  0.02
108300  43260.7  0.02
108500  43260.7  0.02
108700  43260.7  0.02
108900  43260.7  0.02
109100  43260.7  0.02
109300  43260.7  0.02
109500  43260.7  0.02
109700  43260.7  0.02
109900  43260.7  0.02
110100  43260.7  0.02
110300  43260.7  0.02
110500  43260.7  0.02
110700  43260.7  0.02
110900  43260.7  0.02
111100  43260.7  0.02
111300  43260.7  0.02
111500  43260.7  0.02
111700  43260.7  0.02
111900  43260.7  0.02
112100  43260.7  0.02
112300  43260.7  0.02
112500  43260.7  0.02
112700  43260.7  0.02
112900  43260.7  0.02
113100  43260.7  0.02
113300  43260.7  0.02
113500  43260.7  0.02
113700  43260.7  0.02
113900  43260.7  0.02
114100  43260.7  0.02
114300  43260.7  0.02
114500  43260.7  0.02
114700  43260.7  0.02
114900  43260.7  0.02
115100  43260.7  0.02
115300  43260.7  0.02
115500  43260.7  0.02
115700  43260.7  0.02
115900  43260.7  0.02
116100  43260.7  0.02
116300  43260.7  0.02
116500  43260.7  0.02
116700  43260.7  0.02
116900  43260.7  0.02
117100  43260.7  0.02
117300  43260.7  0.02
117500  43260.7  0.02
117700  43260.7  0.02
117900  43260.7  0.02
118100  43260.7  0.02
118300  43260.7  0.02
118500  43260.7  0.02
118700  43260.7  0.02
118900  43260.7  0.02
119100  43260.7  0.02
119300  43260.7  0.02
119500  43260.7  0.02
119700  43260.7  0.02
119900  43260.7  0.02
120100  43260.7  0.02
120300  43260.7  0.02
120500  43260.7  0.02
120700  43260.7  0.02
120900  43260.7  0.02
121100  43260.7  0.02
121300  43260.7  0.02
121500  43260.7  0.02
121700  43260.7  0.02
121900  43260.7  0.02
122100  43260.7  0.02
122300  43260.7  0.02
122500  43260.7  0.02
122700  43260.7  0.02
122900  43260.7  0.02
123100  43260.7  0.02
123300  43260.7  0.02
123500  43260.7  0.02
123700  43260.7  0.02
123900  43260.7  0.02
124100  43260.7  0.02
124300  43260.7  0.02
124500  43260.7  0.02
124700  43260.7  0.02
124900  43260.7  0.02
125100  43260.7  0.02
125300  43260.7  0.02
125500  43260.7  0.02
125700  43260.7  0.02
125900  43260.7  0.02
126100  43260.7  0.02
126300  43260.7  0.02
126500  43260.7  0.02
126700  43260.7  0.02
126900  43260.7  0.02
127100  43260.7  0.02
127300  43260.7  0.02
127500  43260.7  0.02
127700  43260.7  0.02
127900  43260.7  0.02
128100  43260.7  0.02
128300  43260.7  0.02
128500  43260.7  0.02
128700  43260.7  0.02
128900  43260.7  0.02
129100  43260.7  0.02
129300  43260.7  0.02
129500  43260.7  0.02
129700  43260.7  0.02
129900  43260.7  0.02
130100  43260.7  0.02
130300  43260.7  0.02
130500  43260.7  0.02
130700  43260.7  0.02
130900  43260.7  0.02
131100  43260.7  0.02
131300  43260.7  0.02
131500  43260.7  0.02
131700  43260.7  0.02
131900  43260.7  0.02
132100  43260.7  0.02
132300  43260.7  0.02
132500  43260.7  0.02
132700  43260.7  0.02
132900  43260.7  0.02
133100  43260.7  0.02
133300  43260.7  0.02
133500  43260.7  0.02
133700  43260.7  0.02
133900  43260.7  0.02
134100  43260.7  0.02
134300  43260.7  0.02
134500  43260.7  0.02
134700  43260.7  0.02
134900  43260.7  0.02
135100  43260.7  0.02
135300  43260.7  0.02
135500  43260.7  0.02
135700  43260.7  0.02
135900  43260.7  0.02
136100  43260.7  0.02
136300  43260.7  0.02
136500  43260.7  0.02
136700  43260.7  0.02
136900  43260.7  0.02
137100  43260.7  0.02
137300  43260.7  0.02
137500  43260.7  0.02
137700  43260.7  0.02
137900  43260.7  0.02
138100  43260.7  0.02
138300  43260.7  0.02
138500  43260.7  0.02
138700  43260.7  0.02
138900  43260.7  0.02
139100  43260.7  0.02
139300  43260.7  0.02
139500  43260.7  0.02
139700  43260.7  0.02
139900  43260.7  0.02
140100  43260.7  0.02
140300  43260.7  0.02
140500  43260.7  0.02
140700  43260.7  0.02
140900  43260.7  0.02
141100  43260.7  0.02
141300  43260.7  0.02
141500  43260.7  0.02
141700  43260.7  0.02
141900  43260.7  0.02
142100  43260.7  0.02
142300  43260.7  0.02
142500  43260.7  0.02
142700  43260.7  0.02
142900  43260.7  0.02
143100  43260.7  0.02
143300  43260.7  0.02
143500  43260.7  0.02
143700  43260.7  0.02
143900  43260.7  0.02
144100  43260.7  0.02
144300  43260.7  0.02
144500  43260.7  0.02
144700  43260.7  0.02
144900  43260.7  0.02
145100  43260.7  0.02
145300  43260.7  0.02
145500  43260.7  0.02
145700  43260.7  0.02
145900  43260.7  0.02
146100  43260.7  0.02
146300  43260.7  0.02
146500  43260.7  0.02
146700  43260.7  0.02
146900  43260.7  0.02
147100  43260.7  0.02
147300  43260.7  0.02
147500  43260.7  0.02
147700  43260.7  0.02
147900  43260.7  0.02
148100  43260.7  0.02
148300  43260.7  0.02
148500  43260.7  0.02
148700  43260.7  0.02
148900  43260.7  0.02
149100  43260.7  0.02
149300  43260.7  0.02
149500  43260.7  0.02
149700  43260.7  0.02
149900  43260.7  0.02
