100  4122.68  0.9
300  11611.7  0.78
500  14686.6  0.58
700  18993.3  0.54
900  21661  0.48
1100  19985  0.36
1300  18297  0.28
1500  20887  0.28
1700  20542.1  0.24
1900  26369.1  0.28
2100  29501.5  0.28
2300  36877.4  0.32
2500  17349.8  0.14
2700  29527.9  0.22
2900  23259.1  0.16
3100  21426.3  0.14
3300  22760.2  0.14
3500  28255  0.16
3700  29470.4  0.16
3900  18711.1  0.1
4100  24632.7  0.12
4300  21504.5  0.1
4500  20706.9  0.1
4700  16968.9  0.08
4900  38950.8  0.16
5100  14826.3  0.06
5300  15391.6  0.06
5500  10118.7  0.04
5700  10319.1  0.04
5900  23578.2  0.08
6100  11967.7  0.04
6300  12168  0.04
6500  25573.4  0.08
6700  13184.7  0.04
6900  9726.31  0.04
7100  27383  0.08
7300  35188.1  0.1
7500  21069.6  0.06
7700  21459.7  0.06
7900  21897.1  0.06
8100  22285.8  0.06
8300  22675.8  0.06
8500  23065.9  0.06
8700  23455.9  0.06
8900  14976.8  0.04
9100  15177.2  0.04
9300  65240.7  0.14
9500  47431.1  0.1
9700  77443.7  0.16
9900  69309.9  0.14
10100  60565.3  0.12
10300  12575.4  0.04
10500  12774.3  0.04
10700  42714.4  0.08
10900  32655  0.06
11100  33361.6  0.06
11300  33765.1  0.06
11500  34460.9  0.06
11700  35167.5  0.06
11900  30832.2  0.06
12100  31220.4  0.06
12300  31610  0.06
12500  21977.3  0.04
12700  15697.5  0.04
12900  44713.7  0.08
13100  26071.4  0.04
13300  26573.4  0.04
13500  27074  0.04
13700  27274.4  0.04
13900  13900.1  0.02
14100  14000.2  0.02
14300  14000.2  0.02
14500  14000.2  0.02
14700  14000.2  0.02
14900  14000.2  0.02
15100  14000.2  0.02
15300  14000.2  0.02
15500  14000.2  0.02
15700  14000.2  0.02
15900  14000.2  0.02
16100  14000.2  0.02
16300  14000.2  0.02
16500  14000.2  0.02
16700  14000.2  0.02
16900  14000.2  0.02
17100  14000.2  0.02
17300  14000.2  0.02
17500  14000.2  0.02
17700  14000.2  0.02
17900  14000.2  0.02
18100  14000.2  0.02
18300  14000.2  0.02
18500  14000.2  0.02
18700  14000.2  0.02
18900  14000.2  0.02
19100  14000.2  0.02
19300  14000.2  0.02
19500  14000.2  0.02
19700  14000.2  0.02
19900  14000.2  0.02
20100  14000.2  0.02
20300  14000.2  0.02
20500  14000.2  0.02
20700  14000.2  0.02
20900  14000.2  0.02
21100  14000.2  0.02
21300  14000.2  0.02
21500  14000.2  0.02
21700  14000.2  0.02
21900  14000.2  0.02
22100  14000.2  0.02
22300  14000.2  0.02
22500  14000.2  0.02
22700  14000.2  0.02
22900  14000.2  0.02
23100  14000.2  0.02
23300  14000.2  0.02
23500  14000.2  0.02
23700  14000.2  0.02
23900  14000.2  0.02
24100  14000.2  0.02
24300  14000.2  0.02
24500  14000.2  0.02
24700  14000.2  0.02
24900  14000.2  0.02
25100  14000.2  0.02
25300  14000.2  0.02
25500  14000.2  0.02
25700  14000.2  0.02
25900  14000.2  0.02
26100  14000.2  0.02
26300  14000.2  0.02
26500  14000.2  0.02
26700  14000.2  0.02
26900  14000.2  0.02
27100  14000.2  0.02
27300  14000.2  0.02
27500  14000.2  0.02
27700  14000.2  0.02
27900  14000.2  0.02
28100  14000.2  0.02
28300  14000.2  0.02
28500  14000.2  0.02
28700  14000.2  0.02
28900  14000.2  0.02
29100  14000.2  0.02
29300  14000.2  0.02
29500  14000.2  0.02
29700  14000.2  0.02
29900  14000.2  0.02
30100  14000.2  0.02
30300  14000.2  0.02
30500  14000.2  0.02
30700  14000.2  0.02
30900  14000.2  0.02
31100  14000.2  0.02
31300  14000.2  0.02
31500  14000.2  0.02
31700  14000.2  0.02
31900  14000.2  0.02
32100  14000.2  0.02
32300  14000.2  0.02
32500  14000.2  0.02
32700  14000.2  0.02
32900  14000.2  0.02
33100  14000.2  0.02
33300  14000.2  0.02
33500  14000.2  0.02
33700  14000.2  0.02
33900  14000.2  0.02
34100  14000.2  0.02
34300  14000.2  0.02
34500  14000.2  0.02
34700  14000.2  0.02
34900  14000.2  0.02
35100  14000.2  0.02
35300  14000.2  0.02
35500  14000.2  0.02
35700  14000.2  0.02
35900  14000.2  0.02
36100  14000.2  0.02
36300  14000.2  0.02
36500  14000.2  0.02
36700  14000.2  0.02
36900  14000.2  0.02
37100  14000.2  0.02
37300  14000.2  0.02
37500  14000.2  0.02
37700  14000.2  0.02
37900  14000.2  0.02
38100  14000.2  0.02
38300  14000.2  0.02
38500  14000.2  0.02
38700  14000.2  0.02
38900  14000.2  0.02
39100  14000.2  0.02
39300  14000.2  0.02
39500  14000.2  0.02
39700  14000.2  0.02
39900  14000.2  0.02
40100  14000.2  0.02
40300  14000.2  0.02
40500  14000.2  0.02
40700  14000.2  0.02
40900  14000.2  0.02
41100  14000.2  0.02
41300  14000.2  0.02
41500  14000.2  0.02
41700  14000.2  0.02
41900  14000.2  0.02
42100  14000.2  0.02
42300  14000.2  0.02
42500  14000.2  0.02
42700  14000.2  0.02
42900  14000.2  0.02
43100  14000.2  0.02
43300  14000.2  0.02
43500  14000.2  0.02
43700  14000.2  0.02
43900  14000.2  0.02
44100  14000.2  0.02
44300  14000.2  0.02
44500  14000.2  0.02
44700  14000.2  0.02
44900  14000.2  0.02
45100  14000.2  0.02
45300  14000.2  0.02
45500  14000.2  0.02
45700  14000.2  0.02
45900  14000.2  0.02
46100  14000.2  0.02
46300  14000.2  0.02
46500  14000.2  0.02
46700  14000.2  0.02
46900  14000.2  0.02
47100  14000.2  0.02
47300  14000.2  0.02
47500  14000.2  0.02
47700  14000.2  0.02
47900  14000.2  0.02
48100  14000.2  0.02
48300  14000.2  0.02
48500  14000.2  0.02
48700  14000.2  0.02
48900  14000.2  0.02
49100  14000.2  0.02
49300  14000.2  0.02
49500  14000.2  0.02
49700  14000.2  0.02
49900  14000.2  0.02
50100  14000.2  0.02
50300  14000.2  0.02
50500  14000.2  0.02
50700  14000.2  0.02
50900  14000.2  0.02
51100  14000.2  0.02
51300  14000.2  0.02
51500  14000.2  0.02
51700  14000.2  0.02
51900  14000.2  0.02
52100  14000.2  0.02
52300  14000.2  0.02
52500  14000.2  0.02
52700  14000.2  0.02
52900  14000.2  0.02
53100  14000.2  0.02
53300  14000.2  0.02
53500  14000.2  0.02
53700  14000.2  0.02
53900  14000.2  0.02
54100  14000.2  0.02
54300  14000.2  0.02
54500  14000.2  0.02
54700  14000.2  0.02
54900  14000.2  0.02
55100  14000.2  0.02
55300  14000.2  0.02
55500  14000.2  0.02
55700  14000.2  0.02
55900  14000.2  0.02
56100  14000.2  0.02
56300  14000.2  0.02
56500  14000.2  0.02
56700  14000.2  0.02
56900  14000.2  0.02
57100  14000.2  0.02
57300  14000.2  0.02
57500  14000.2  0.02
57700  14000.2  0.02
57900  14000.2  0.02
58100  14000.2  0.02
58300  14000.2  0.02
58500  14000.2  0.02
58700  14000.2  0.02
58900  14000.2  0.02
59100  14000.2  0.02
59300  14000.2  0.02
59500  14000.2  0.02
59700  14000.2  0.02
59900  14000.2  0.02
60100  14000.2  0.02
60300  14000.2  0.02
60500  14000.2  0.02
60700  14000.2  0.02
60900  14000.2  0.02
61100  14000.2  0.02
61300  14000.2  0.02
61500  14000.2  0.02
61700  14000.2  0.02
61900  14000.2  0.02
62100  14000.2  0.02
62300  14000.2  0.02
62500  14000.2  0.02
62700  14000.2  0.02
62900  14000.2  0.02
63100  14000.2  0.02
63300  14000.2  0.02
63500  14000.2  0.02
63700  14000.2  0.02
63900  14000.2  0.02
64100  14000.2  0.02
64300  14000.2  0.02
64500  14000.2  0.02
64700  14000.2  0.02
64900  14000.2  0.02
65100  14000.2  0.02
65300  14000.2  0.02
65500  14000.2  0.02
65700  14000.2  0.02
65900  14000.2  0.02
66100  14000.2  0.02
66300  14000.2  0.02
66500  14000.2  0.02
66700  14000.2  0.02
66900  14000.2  0.02
67100  14000.2  0.02
67300  14000.2  0.02
67500  14000.2  0.02
67700  14000.2  0.02
67900  14000.2  0.02
68100  14000.2  0.02
68300  14000.2  0.02
68500  14000.2  0.02
68700  14000.2  0.02
68900  14000.2  0.02
69100  14000.2  0.02
69300  14000.2  0.02
69500  14000.2  0.02
69700  14000.2  0.02
69900  14000.2  0.02
70100  14000.2  0.02
70300  14000.2  0.02
70500  14000.2  0.02
70700  14000.2  0.02
70900  14000.2  0.02
71100  14000.2  0.02
71300  14000.2  0.02
71500  14000.2  0.02
71700  14000.2  0.02
71900  14000.2  0.02
72100  14000.2  0.02
72300  14000.2  0.02
72500  14000.2  0.02
72700  14000.2  0.02
72900  14000.2  0.02
73100  14000.2  0.02
73300  14000.2  0.02
73500  14000.2  0.02
73700  14000.2  0.02
73900  14000.2  0.02
74100  14000.2  0.02
74300  14000.2  0.02
74500  14000.2  0.02
74700  14000.2  0.02
74900  14000.2  0.02
75100  14000.2  0.02
75300  14000.2  0.02
75500  14000.2  0.02
75700  14000.2  0.02
75900  14000.2  0.02
76100  14000.2  0.02
76300  14000.2  0.02
76500  14000.2  0.02
76700  14000.2  0.02
76900  14000.2  0.02
77100  14000.2  0.02
77300  14000.2  0.02
77500  14000.2  0.02
77700  14000.2  0.02
77900  14000.2  0.02
78100  14000.2  0.02
78300  14000.2  0.02
78500  14000.2  0.02
78700  14000.2  0.02
78900  14000.2  0.02
79100  14000.2  0.02
79300  14000.2  0.02
79500  14000.2  0.02
79700  14000.2  0.02
79900  14000.2  0.02
80100  14000.2  0.02
80300  14000.2  0.02
80500  14000.2  0.02
80700  14000.2  0.02
80900  14000.2  0.02
81100  14000.2  0.02
81300  14000.2  0.02
81500  14000.2  0.02
81700  14000.2  0.02
81900  14000.2  0.02
82100  14000.2  0.02
82300  14000.2  0.02
82500  14000.2  0.02
82700  14000.2  0.02
82900  14000.2  0.02
83100  14000.2  0.02
83300  14000.2  0.02
83500  14000.2  0.02
83700  14000.2  0.02
83900  14000.2  0.02
84100  14000.2  0.02
84300  14000.2  0.02
84500  14000.2  0.02
84700  14000.2  0.02
84900  14000.2  0.02
85100  14000.2  0.02
85300  14000.2  0.02
85500  14000.2  0.02
85700  14000.2  0.02
85900  14000.2  0.02
86100  14000.2  0.02
86300  14000.2  0.02
86500  14000.2  0.02
86700  14000.2  0.02
86900  14000.2  0.02
87100  14000.2  0.02
87300  14000.2  0.02
87500  14000.2  0.02
87700  14000.2  0.02
87900  14000.2  0.02
88100  14000.2  0.02
88300  14000.2  0.02
88500  14000.2  0.02
88700  14000.2  0.02
88900  14000.2  0.02
89100  14000.2  0.02
89300  14000.2  0.02
89500  14000.2  0.02
89700  14000.2  0.02
89900  14000.2  0.02
90100  14000.2  0.02
90300  14000.2  0.02
90500  14000.2  0.02
90700  14000.2  0.02
90900  14000.2  0.02
91100  14000.2  0.02
91300  14000.2  0.02
91500  14000.2  0.02
91700  14000.2  0.02
91900  14000.2  0.02
92100  14000.2  0.02
92300  14000.2  0.02
92500  14000.2  0.02
92700  14000.2  0.02
92900  14000.2  0.02
93100  14000.2  0.02
93300  14000.2  0.02
93500  14000.2  0.02
93700  14000.2  0.02
93900  14000.2  0.02
94100  14000.2  0.02
94300  14000.2  0.02
94500  14000.2  0.02
94700  14000.2  0.02
94900  14000.2  0.02
95100  14000.2  0.02
95300  14000.2  0.02
95500  14000.2  0.02
95700  14000.2  0.02
95900  14000.2  0.02
96100  14000.2  0.02
96300  14000.2  0.02
96500  14000.2  0.02
96700  14000.2  0.02
96900  14000.2  0.02
97100  14000.2  0.02
97300  14000.2  0.02
97500  14000.2  0.02
97700  14000.2  0.02
97900  14000.2  0.02
98100  14000.2  0.02
98300  14000.2  0.02
98500  14000.2  0.02
98700  14000.2  0.02
98900  14000.2  0.02
99100  14000.2  0.02
99300  14000.2  0.02
99500  14000.2  0.02
99700  14000.2  0.02
99900  14000.2  0.02
100100  14000.2  0.02
100300  14000.2  0.02
100500  14000.2  0.02
100700  14000.2  0.02
100900  14000.2  0.02
101100  14000.2  0.02
101300  14000.2  0.02
101500  14000.2  0.02
101700  14000.2  0.02
101900  14000.2  0.02
102100  14000.2  0.02
102300  14000.2  0.02
102500  14000.2  0.02
102700  14000.2  0.02
102900  14000.2  0.02
103100  14000.2  0.02
103300  14000.2  0.02
103500  14000.2  0.02
103700  14000.2  0.02
103900  14000.2  0.02
104100  14000.2  0.02
104300  14000.2  0.02
104500  14000.2  0.02
104700  14000.2  0.02
104900  14000.2  0.02
105100  14000.2  0.02
105300  14000.2  0.02
105500  14000.2  0.02
105700  14000.2  0.02
105900  14000.2  0.02
106100  14000.2  0.02
106300  14000.2  0.02
106500  14000.2  0.02
106700  14000.2  0.02
106900  14000.2  0.02
107100  14000.2  0.02
107300  14000.2  0.02
107500  14000.2  0.02
107700  14000.2  0.02
107900  14000.2  0.02
108100  14000.2  0.02
108300  14000.2  0.02
108500  14000.2  0.02
108700  14000.2  0.02
108900  14000.2  0.02
109100  14000.2  0.02
109300  14000.2  0.02
109500  14000.2  0.02
109700  14000.2  0.02
109900  14000.2  0.02
110100  14000.2  0.02
110300  14000.2  0.02
110500  14000.2  0.02
110700  14000.2  0.02
110900  14000.2  0.02
111100  14000.2  0.02
111300  14000.2  0.02
111500  14000.2  0.02
111700  14000.2  0.02
111900  14000.2  0.02
112100  14000.2  0.02
112300  14000.2  0.02
112500  14000.2  0.02
112700  14000.2  0.02
112900  14000.2  0.02
113100  14000.2  0.02
113300  14000.2  0.02
113500  14000.2  0.02
113700  14000.2  0.02
113900  14000.2  0.02
114100  14000.2  0.02
114300  14000.2  0.02
114500  14000.2  0.02
114700  14000.2  0.02
114900  14000.2  0.02
115100  14000.2  0.02
115300  14000.2  0.02
115500  14000.2  0.02
115700  14000.2  0.02
115900  14000.2  0.02
116100  14000.2  0.02
116300  14000.2  0.02
116500  14000.2  0.02
116700  14000.2  0.02
116900  14000.2  0.02
117100  14000.2  0.02
117300  14000.2  0.02
117500  14000.2  0.02
117700  14000.2  0.02
117900  14000.2  0.02
118100  14000.2  0.02
118300  14000.2  0.02
118500  14000.2  0.02
118700  14000.2  0.02
118900  14000.2  0.02
119100  14000.2  0.02
119300  14000.2  0.02
119500  14000.2  0.02
119700  14000.2  0.02
119900  14000.2  0.02
120100  14000.2  0.02
120300  14000.2  0.02
120500  14000.2  0.02
120700  14000.2  0.02
120900  14000.2  0.02
121100  14000.2  0.02
121300  14000.2  0.02
121500  14000.2  0.02
121700  14000.2  0.02
121900  14000.2  0.02
122100  14000.2  0.02
122300  14000.2  0.02
122500  14000.2  0.02
122700  14000.2  0.02
122900  14000.2  0.02
123100  14000.2  0.02
123300  14000.2  0.02
123500  14000.2  0.02
123700  14000.2  0.02
123900  14000.2  0.02
124100  14000.2  0.02
124300  14000.2  0.02
124500  14000.2  0.02
124700  14000.2  0.02
124900  14000.2  0.02
125100  14000.2  0.02
125300  14000.2  0.02
125500  14000.2  0.02
125700  14000.2  0.02
125900  14000.2  0.02
126100  14000.2  0.02
126300  14000.2  0.02
126500  14000.2  0.02
126700  14000.2  0.02
126900  14000.2  0.02
127100  14000.2  0.02
127300  14000.2  0.02
127500  14000.2  0.02
127700  14000.2  0.02
127900  14000.2  0.02
128100  14000.2  0.02
128300  14000.2  0.02
128500  14000.2  0.02
128700  14000.2  0.02
128900  14000.2  0.02
129100  14000.2  0.02
129300  14000.2  0.02
129500  14000.2  0.02
129700  14000.2  0.02
129900  14000.2  0.02
130100  14000.2  0.02
130300  14000.2  0.02
130500  14000.2  0.02
130700  14000.2  0.02
130900  14000.2  0.02
131100  14000.2  0.02
131300  14000.2  0.02
131500  14000.2  0.02
131700  14000.2  0.02
131900  14000.2  0.02
132100  14000.2  0.02
132300  14000.2  0.02
132500  14000.2  0.02
132700  14000.2  0.02
132900  14000.2  0.02
133100  14000.2  0.02
133300  14000.2  0.02
133500  14000.2  0.02
133700  14000.2  0.02
133900  14000.2  0.02
134100  14000.2  0.02
134300  14000.2  0.02
134500  14000.2  0.02
134700  14000.2  0.02
134900  14000.2  0.02
135100  14000.2  0.02
135300  14000.2  0.02
135500  14000.2  0.02
135700  14000.2  0.02
135900  14000.2  0.02
136100  14000.2  0.02
136300  14000.2  0.02
136500  14000.2  0.02
136700  14000.2  0.02
136900  14000.2  0.02
137100  14000.2  0.02
137300  14000.2  0.02
137500  14000.2  0.02
137700  14000.2  0.02
137900  14000.2  0.02
138100  14000.2  0.02
138300  14000.2  0.02
138500  14000.2  0.02
138700  14000.2  0.02
138900  14000.2  0.02
139100  14000.2  0.02
139300  14000.2  0.02
139500  14000.2  0.02
139700  14000.2  0.02
139900  14000.2  0.02
140100  14000.2  0.02
140300  14000.2  0.02
140500  14000.2  0.02
140700  14000.2  0.02
140900  14000.2  0.02
141100  14000.2  0.02
141300  14000.2  0.02
141500  14000.2  0.02
141700  14000.2  0.02
141900  14000.2  0.02
142100  14000.2  0.02
142300  14000.2  0.02
142500  14000.2  0.02
142700  14000.2  0.02
142900  14000.2  0.02
143100  14000.2  0.02
143300  14000.2  0.02
143500  14000.2  0.02
143700  14000.2  0.02
143900  14000.2  0.02
144100  14000.2  0.02
144300  14000.2  0.02
144500  14000.2  0.02
144700  14000.2  0.02
144900  14000.2  0.02
145100  14000.2  0.02
145300  14000.2  0.02
145500  14000.2  0.02
145700  14000.2  0.02
145900  14000.2  0.02
146100  14000.2  0.02
146300  14000.2  0.02
146500  14000.2  0.02
146700  14000.2  0.02
146900  14000.2  0.02
147100  14000.2  0.02
147300  14000.2  0.02
147500  14000.2  0.02
147700  14000.2  0.02
147900  14000.2  0.02
148100  14000.2  0.02
148300  14000.2  0.02
148500  14000.2  0.02
148700  14000.2  0.02
148900  14000.2  0.02
149100  14000.2  0.02
149300  14000.2  0.02
149500  14000.2  0.02
149700  14000.2  0.02
149900  14000.2  0.02
