100  4092.46  0.9
300  12146.7  0.82
500  17038.5  0.66
700  16793.4  0.5
900  16979.4  0.38
1100  23126.7  0.42
1300  23216.4  0.36
1500  28185.6  0.38
1700  32901.3  0.4
1900  21851.8  0.24
2100  21724.7  0.22
2300  29625.8  0.26
2500  30798.2  0.26
2700  22828  0.18
2900  24370  0.18
3100  25843.8  0.18
3300  26225.9  0.16
3500  20890.9  0.12
3700  33178.9  0.18
3900  35847.5  0.2
4100  25805.4  0.14
4300  24968.4  0.12
4500  26106.6  0.12
4700  21433.5  0.1
4900  21638.3  0.1
5100  21192.9  0.1
5300  22376  0.1
5500  21868.3  0.08
5700  22527.9  0.08
5900  23210.6  0.08
6100  23740.3  0.08
6300  24423  0.08
6500  25079  0.08
6700  25463.6  0.08
6900  26119.7  0.08
7100  26802.3  0.08
7300  27332.1  0.08
7500  28014.7  0.08
7700  28670.7  0.08
7900  29351  0.08
8100  29704.9  0.08
8300  30382.3  0.08
8500  31033.6  0.08
8700  49421.4  0.12
8900  50461.7  0.12
9100  51505.6  0.12
9300  52230.3  0.12
9500  79500.5  0.18
9700  81112.5  0.18
9900  82759.3  0.18
10100  84259.1  0.18
10300  44880.6  0.1
10500  87413.1  0.18
10700  89009.4  0.18
10900  57867.1  0.12
11100  58917.1  0.12
11300  48632.5  0.1
11500  49487.7  0.1
11700  50073.5  0.1
11900  112596  0.2
12100  102280  0.18
12300  91571  0.16
12500  93000.9  0.16
12700  81688.7  0.14
12900  82707.3  0.14
13100  83874.7  0.14
13300  71959.9  0.12
13500  59681.4  0.1
13700  72328.9  0.12
13900  73184.1  0.12
14100  74049.8  0.12
14300  75184.9  0.12
14500  76068.7  0.12
14700  77077.5  0.12
14900  65675.7  0.1
15100  66522.8  0.1
15300  67122.5  0.1
15500  67969.6  0.1
15700  68843.3  0.1
15900  69588  0.1
16100  70461.8  0.1
16300  71308.9  0.1
16500  71908.5  0.1
16700  72755.6  0.1
16900  73653.2  0.1
17100  74374.1  0.1
17300  75247.8  0.1
17500  76145.4  0.1
17700  76694.6  0.1
17900  77568.3  0.1
18100  78439.3  0.1
18300  79186.8  0.1
18500  80057.8  0.1
18700  80931.5  0.1
18900  81480.6  0.1
19100  82378.2  0.1
19300  83225.3  0.1
19500  83972.8  0.1
19700  84843.8  0.1
19900  85717.5  0.1
20100  86290.6  0.1
20300  87164.3  0.1
20500  88011.4  0.1
20700  88782.8  0.1
20900  89629.9  0.1
21100  90503.6  0.1
21300  91076.6  0.1
21500  91950.3  0.1
21700  92797.5  0.1
21900  93568.8  0.1
22100  94415.9  0.1
22300  129581  0.12
22500  130702  0.12
22700  131415  0.12
22900  132561  0.12
23100  133744  0.12
23300  134567  0.12
23500  135602  0.12
23700  136724  0.12
23900  137461  0.12
24100  138583  0.12
24300  78572  0.08
24500  78951.7  0.08
24700  79602.6  0.08
24900  80279.6  0.08
25100  80633.2  0.08
25300  81310.2  0.08
25500  81961.2  0.08
25700  82512.5  0.08
25900  91761.2  0.08
26100  92443.9  0.08
26300  92801.9  0.08
26500  93484.5  0.08
26700  94140.6  0.08
26900  94696.9  0.08
27100  95353  0.08
27300  96035.6  0.08
27500  96393.6  0.08
27700  97076.3  0.08
27900  97732.3  0.08
28100  98288.7  0.08
28300  98944.7  0.08
28500  99627.4  0.08
28700  99985.4  0.08
28900  100668  0.08
29100  101324  0.08
29300  101880  0.08
29500  102536  0.08
29700  103219  0.08
29900  103577  0.08
30100  104260  0.08
30300  104916  0.08
30500  105472  0.08
30700  106128  0.08
30900  106811  0.08
31100  107169  0.08
31300  107852  0.08
31500  108534  0.08
31700  109064  0.08
31900  109747  0.08
32100  110403  0.08
32300  110779  0.08
32500  111421  0.08
32700  112089  0.08
32900  112607  0.08
33100  113274  0.08
33300  113917  0.08
33500  114288  0.08
33700  114931  0.08
33900  115598  0.08
34100  116116  0.08
34300  116784  0.08
34500  117426  0.08
34700  117798  0.08
34900  118440  0.08
35100  111328  0.08
35300  111857  0.08
35500  112540  0.08
35700  113196  0.08
35900  113581  0.08
36100  114237  0.08
36300  114919  0.08
36500  115449  0.08
36700  116132  0.08
36900  116788  0.08
37100  117470  0.08
37300  117828  0.08
37500  118511  0.08
37700  119339  0.08
37900  119724  0.08
38100  120380  0.08
38300  121062  0.08
38500  121447  0.08
38700  122103  0.08
38900  122957  0.08
39100  123315  0.08
39300  123998  0.08
39500  124654  0.08
39700  125039  0.08
39900  125695  0.08
40100  126549  0.08
40300  126907  0.08
40500  127590  0.08
40700  128246  0.08
40900  128630  0.08
41100  129286  0.08
41300  129969  0.08
41500  130499  0.08
41700  131181  0.08
41900  131837  0.08
42100  132222  0.08
42300  132878  0.08
42500  133561  0.08
42700  134091  0.08
42900  134773  0.08
43100  135429  0.08
43300  135814  0.08
43500  136470  0.08
43700  137153  0.08
43900  137682  0.08
44100  138365  0.08
44300  139021  0.08
44500  139406  0.08
44700  140062  0.08
44900  140744  0.08
45100  141272  0.08
45300  141947  0.08
45500  142623  0.08
45700  142976  0.08
45900  143651  0.08
46100  144301  0.08
46300  144850  0.08
46500  145499  0.08
46700  146174  0.08
46900  146526  0.08
47100  147201  0.08
47300  147850  0.08
47500  148399  0.08
47700  149048  0.08
47900  149723  0.08
48100  150074  0.08
48300  150749  0.08
48500  151398  0.08
48700  212727  0.1
48900  213518  0.1
49100  214469  0.1
49300  214962  0.1
49500  215914  0.1
49700  216705  0.1
49900  217531  0.1
50100  218321  0.1
50300  219139  0.1
50500  219766  0.1
50700  220583  0.1
50900  221509  0.1
51100  222200  0.1
51300  223125  0.1
51500  223942  0.1
51700  224570  0.1
51900  225387  0.1
52100  226312  0.1
52300  227301  0.1
52500  227821  0.1
52700  228746  0.1
52900  229563  0.1
53100  230191  0.1
53300  231008  0.1
53500  232105  0.1
53700  232624  0.1
53900  233550  0.1
54100  234367  0.1
54300  234994  0.1
54500  235812  0.1
54700  236774  0.1
54900  237428  0.1
55100  238219  0.1
55300  239171  0.1
55500  239664  0.1
55700  240616  0.1
55900  241578  0.1
56100  242232  0.1
56300  243023  0.1
56500  243975  0.1
56700  244467  0.1
56900  245419  0.1
57100  246379  0.1
57300  246875  0.1
57500  247777  0.1
57700  246831  0.1
57900  247463  0.1
58100  248283  0.1
58300  249214  0.1
58500  249907  0.1
58700  250838  0.1
58900  251658  0.1
59100  252290  0.1
59300  254448  0.1
59500  255268  0.1
59700  256072  0.1
59900  256892  0.1
60100  257822  0.1
60300  258344  0.1
60500  259275  0.1
60700  260095  0.1
60900  260899  0.1
61100  261719  0.1
61300  262650  0.1
61500  263171  0.1
61700  141401  0.06
61900  141786  0.06
62100  142315  0.06
62300  142700  0.06
62500  143058  0.06
62700  143443  0.06
62900  143801  0.06
63100  144185  0.06
63300  144715  0.06
63500  145100  0.06
63700  145458  0.06
63900  145843  0.06
64100  146201  0.06
64300  146585  0.06
64500  147115  0.06
64700  147500  0.06
64900  147858  0.06
65100  148242  0.06
65300  148600  0.06
65500  148985  0.06
65700  149515  0.06
65900  149899  0.06
66100  150284  0.06
66300  150642  0.06
66500  151027  0.06
66700  151385  0.06
66900  151941  0.06
67100  152299  0.06
67300  152684  0.06
67500  153042  0.06
67700  153427  0.06
67900  153785  0.06
68100  139322  0.06
68300  274326  0.1
68500  206616  0.08
68700  207178  0.08
68900  207766  0.08
69100  208317  0.08
69300  209077  0.08
69500  209639  0.08
69700  210217  0.08
69900  389186  0.12
70100  390246  0.12
70300  391169  0.12
70500  392164  0.12
70700  393224  0.12
70900  394147  0.12
71100  395207  0.12
71300  396194  0.12
71500  397255  0.12
71700  398122  0.12
71900  399172  0.12
72100  400232  0.12
72300  401166  0.12
72500  329682  0.1
72700  163461  0.06
72900  164102  0.06
73100  164274  0.06
73300  164743  0.06
73500  165213  0.06
73700  165385  0.06
73900  165855  0.06
74100  166324  0.06
74300  166668  0.06
74500  167138  0.06
74700  167607  0.06
74900  167779  0.06
75100  168249  0.06
75300  168718  0.06
75500  169062  0.06
75700  169532  0.06
75900  170001  0.06
76100  170173  0.06
76300  170643  0.06
76500  171112  0.06
76700  171456  0.06
76900  171926  0.06
77100  172395  0.06
77300  172567  0.06
77500  173037  0.06
77700  173507  0.06
77900  173850  0.06
78100  174320  0.06
78300  174789  0.06
78500  174961  0.06
78700  175431  0.06
78900  175901  0.06
79100  176244  0.06
79300  176714  0.06
79500  177183  0.06
79700  177355  0.06
79900  177825  0.06
80100  178295  0.06
80300  178638  0.06
80500  179108  0.06
80700  179578  0.06
80900  179749  0.06
81100  180219  0.06
81300  180689  0.06
81500  181032  0.06
81700  181502  0.06
81900  181972  0.06
82100  182441  0.06
82300  182613  0.06
82500  183083  0.06
82700  183724  0.06
82900  183896  0.06
83100  184366  0.06
83300  184835  0.06
83500  185007  0.06
83700  185477  0.06
83900  186118  0.06
84100  186290  0.06
84300  186760  0.06
84500  187229  0.06
84700  187401  0.06
84900  187871  0.06
85100  188512  0.06
85300  188684  0.06
85500  189154  0.06
85700  189623  0.06
85900  189795  0.06
86100  190265  0.06
86300  190906  0.06
86500  191078  0.06
86700  191548  0.06
86900  192018  0.06
87100  192189  0.06
87300  192659  0.06
87500  193300  0.06
87700  193472  0.06
87900  193942  0.06
88100  194412  0.06
88300  194583  0.06
88500  195053  0.06
88700  195694  0.06
88900  195866  0.06
89100  196336  0.06
89300  504916  0.12
89500  505791  0.12
89700  506837  0.12
89900  508205  0.12
90100  508952  0.12
90300  509867  0.12
90500  510937  0.12
90700  421112  0.1
90900  422054  0.1
91100  422715  0.1
91300  423508  0.1
91500  424450  0.1
91700  425368  0.1
91900  425989  0.1
92100  426674  0.1
92300  427592  0.1
92500  428408  0.1
92700  306032  0.08
92900  306693  0.08
93100  307080  0.08
93300  307740  0.08
93500  308401  0.08
93700  308960  0.08
93900  309620  0.08
94100  287338  0.08
94300  287701  0.08
94500  288361  0.08
94700  289046  0.08
94900  289581  0.08
95100  290241  0.08
95300  290926  0.08
95500  291289  0.08
95700  291974  0.08
95900  294128  0.08
96100  294663  0.08
96300  295347  0.08
96500  296008  0.08
96700  348658  0.08
96900  349044  0.08
97100  349705  0.08
97300  350561  0.08
97500  350924  0.08
97700  351585  0.08
97900  352270  0.08
98100  352633  0.08
98300  353293  0.08
98500  354150  0.08
98700  354513  0.08
98900  355197  0.08
99100  355858  0.08
99300  356221  0.08
99500  356906  0.08
99700  357738  0.08
99900  358101  0.08
100100  358786  0.08
100300  359446  0.08
100500  359833  0.08
100700  360494  0.08
100900  361327  0.08
101100  361713  0.08
101300  362374  0.08
101500  363035  0.08
101700  363422  0.08
101900  364082  0.08
102100  364915  0.08
102300  365302  0.08
102500  365962  0.08
102700  366647  0.08
102900  367010  0.08
103100  367671  0.08
103300  368527  0.08
103500  368890  0.08
103700  369551  0.08
103900  370235  0.08
104100  370598  0.08
104300  371283  0.08
104500  372115  0.08
104700  372478  0.08
104900  373163  0.08
105100  373824  0.08
105300  374187  0.08
105500  374871  0.08
105700  375704  0.08
105900  376090  0.08
106100  376751  0.08
106300  377412  0.08
106500  377799  0.08
106700  378460  0.08
106900  379292  0.08
107100  379679  0.08
107300  380340  0.08
107500  381024  0.08
107700  381387  0.08
107900  382048  0.08
108100  382733  0.08
108300  383267  0.08
108500  383928  0.08
108700  384613  0.08
108900  384975  0.08
109100  385660  0.08
109300  386321  0.08
109500  386856  0.08
109700  387540  0.08
109900  388201  0.08
110100  388564  0.08
110300  389249  0.08
110500  389909  0.08
110700  390468  0.08
110900  391129  0.08
111100  391789  0.08
111300  392474  0.08
111500  392837  0.08
111700  393498  0.08
111900  394354  0.08
112100  394717  0.08
112300  395402  0.08
112500  396062  0.08
112700  396425  0.08
112900  397110  0.08
113100  244095  0.06
113300  244264  0.06
113500  244730  0.06
113700  245196  0.06
113900  245366  0.06
114100  245831  0.06
114300  246467  0.06
114500  246637  0.06
114700  247102  0.06
114900  247568  0.06
115100  247738  0.06
115300  248203  0.06
115500  248839  0.06
115700  249009  0.06
115900  249474  0.06
116100  249940  0.06
116300  250110  0.06
116500  250576  0.06
116700  251211  0.06
116900  251381  0.06
117100  251847  0.06
117300  252312  0.06
117500  252482  0.06
117700  252948  0.06
117900  253583  0.06
118100  253753  0.06
118300  254219  0.06
118500  254684  0.06
118700  254854  0.06
118900  255320  0.06
119100  255955  0.06
119300  256125  0.06
119500  256591  0.06
119700  257057  0.06
119900  257226  0.06
120100  257692  0.06
120300  258328  0.06
120500  258497  0.06
120700  258963  0.06
120900  259429  0.06
121100  259598  0.06
121300  260064  0.06
121500  260700  0.06
121700  260869  0.06
121900  261335  0.06
122100  261801  0.06
122300  261971  0.06
122500  262436  0.06
122700  263072  0.06
122900  263242  0.06
123100  263707  0.06
123300  264173  0.06
123500  264343  0.06
123700  264808  0.06
123900  265274  0.06
124100  265614  0.06
124300  266079  0.06
124500  266545  0.06
124700  266715  0.06
124900  267181  0.06
125100  267646  0.06
125300  267986  0.06
125500  268452  0.06
125700  268917  0.06
125900  269087  0.06
126100  269553  0.06
126300  270018  0.06
126500  270654  0.06
126700  270824  0.06
126900  271289  0.06
127100  271755  0.06
127300  271925  0.06
127500  272391  0.06
127700  273026  0.06
127900  273196  0.06
128100  387708  0.08
128300  388369  0.08
128500  388755  0.08
128700  389416  0.08
128900  390249  0.08
129100  390635  0.08
129300  391296  0.08
129500  391981  0.08
129700  392344  0.08
129900  393004  0.08
130100  393861  0.08
130300  394224  0.08
130500  394884  0.08
130700  395569  0.08
130900  395932  0.08
131100  396617  0.08
131300  397449  0.08
131500  397495  0.08
131700  398180  0.08
131900  398841  0.08
132100  399204  0.08
132300  399888  0.08
132500  400721  0.08
132700  401108  0.08
132900  401768  0.08
133100  668223  0.12
133300  668955  0.12
133500  479931  0.08
133700  480764  0.08
133900  481150  0.08
134100  481811  0.08
134300  482496  0.08
134500  482859  0.08
134700  483519  0.08
134900  484376  0.08
135100  484739  0.08
135300  485399  0.08
135500  486084  0.08
135700  486447  0.08
135900  815834  0.14
136100  817501  0.14
136300  818384  0.14
136500  819902  0.14
136700  821115  0.14
136900  821998  0.14
137100  823516  0.14
137300  824349  0.14
137500  825569  0.14
137700  827064  0.14
137900  828245  0.14
138100  829183  0.14
138300  831005  0.14
138500  832120  0.14
138700  833058  0.14
138900  834553  0.14
139100  835758  0.14
139300  836954  0.14
139500  838167  0.14
139700  839305  0.14
139900  840502  0.14
140100  841401  0.14
140300  842919  0.14
140500  844116  0.14
140700  565375  0.1
140900  566163  0.1
141100  567249  0.1
141300  567763  0.1
141500  568678  0.1
141700  569466  0.1
141900  570106  0.1
142100  571021  0.1
142300  571981  0.1
142500  572622  0.1
142700  573409  0.1
142900  574348  0.1
143100  574965  0.1
143300  575753  0.1
143500  576863  0.1
143700  577353  0.1
143900  578268  0.1
144100  579080  0.1
144300  579697  0.1
144500  580635  0.1
144700  581595  0.1
144900  582212  0.1
145100  583024  0.1
145300  583938  0.1
145500  584428  0.1
145700  585367  0.1
145900  586454  0.1
146100  441812  0.08
146300  442473  0.08
146500  443133  0.08
146700  586685  0.08
146900  587539  0.08
147100  588565  0.08
147300  589145  0.08
147500  589999  0.08
147700  590876  0.08
147900  449274  0.08
148100  449935  0.08
148300  450791  0.08
148500  451154  0.08
148700  451815  0.08
148900  452500  0.08
149100  452863  0.08
149300  453547  0.08
149500  748732  0.12
149700  749408  0.12
149900  750689  0.12
