100  4376.66  0.92
300  9790.83  0.7
500  11494.2  0.48
700  15404.3  0.46
900  15250.2  0.36
1100  13250.8  0.24
1300  10256.8  0.16
1500  16010.4  0.22
1700  15240.7  0.2
1900  22690  0.24
2100  23082.9  0.22
2300  31093.2  0.28
2500  33584.9  0.28
2700  34721.8  0.26
2900  28563.3  0.2
3100  22979.7  0.16
3300  30528.2  0.2
3500  22926.4  0.14
3700  24135.9  0.14
3900  21518  0.12
4100  25530.5  0.14
4300  34710  0.18
4500  36141  0.18
4700  37334.1  0.18
4900  34175.8  0.14
5100  30355.6  0.12
5300  31364.1  0.12
5500  26872.8  0.1
5700  27656.6  0.1
5900  47175.7  0.16
6100  48569.7  0.16
6300  35210.5  0.12
6500  29676.2  0.1
6700  30010.6  0.1
6900  47113.9  0.14
7100  48316.4  0.14
7300  49433.6  0.14
7500  50636  0.14
7700  52004  0.14
7900  53150.8  0.14
8100  54323.7  0.14
8300  55470.5  0.14
8500  81398.5  0.2
8700  83191.3  0.2
8900  76138.2  0.18
9100  77800.3  0.18
9300  79192.6  0.18
9500  80620.8  0.18
9700  82444  0.18
9900  55257.8  0.12
10100  72671.2  0.16
10300  46885.3  0.1
10500  47684.5  0.1
10700  48649.2  0.1
10900  49392.8  0.1
11100  50192.1  0.1
11300  50935.7  0.1
11500  51734.9  0.1
11700  52644  0.1
11900  53443.2  0.1
12100  54028.2  0.1
12300  54821.2  0.1
12500  55785.9  0.1
12700  56529.5  0.1
12900  57325  0.1
13100  58109.3  0.1
13300  58893.6  0.1
13500  59843.5  0.1
13700  60598.2  0.1
13900  61382.5  0.1
14100  62166.8  0.1
14300  62951.1  0.1
14500  63871.3  0.1
14700  64655.7  0.1
14900  65440  0.1
15100  66010.1  0.1
15300  66762.8  0.1
15500  67707.4  0.1
15700  68486.5  0.1
15900  65571.4  0.1
16100  66330.9  0.1
16300  67095  0.1
16500  68024.6  0.1
16700  68784.1  0.1
16900  152260  0.2
17100  72064.6  0.1
17300  72978.3  0.1
17500  73726.5  0.1
17700  56816.9  0.08
17900  57379.3  0.08
18100  57941.6  0.08
18300  58220.1  0.08
18500  58782.4  0.08
18700  59344.8  0.08
18900  58607.3  0.08
19100  59171.9  0.08
19300  63722.4  0.08
19500  64299.2  0.08
19700  64876.1  0.08
19900  65453  0.08
20100  66029.9  0.08
20300  66772.3  0.08
20500  67349.1  0.08
20700  67926  0.08
20900  68502.9  0.08
21100  69079.8  0.08
21300  69607.9  0.08
21500  70184.8  0.08
21700  70761.7  0.08
21900  71338.6  0.08
22100  72081  0.08
22300  72657.8  0.08
22500  73234.7  0.08
22700  73811.6  0.08
22900  74437.8  0.08
23100  75180.2  0.08
23300  75757  0.08
23500  76333.9  0.08
23700  76910.8  0.08
23900  77487.7  0.08
24100  78230  0.08
24300  78592.7  0.08
24500  79169.6  0.08
24700  79746.5  0.08
24900  80323.4  0.08
25100  81065.7  0.08
25300  81642.6  0.08
25500  82219.5  0.08
25700  82796.4  0.08
25900  83538.8  0.08
26100  84115.6  0.08
26300  84692.5  0.08
26500  85318.7  0.08
26700  85895.6  0.08
26900  86637.9  0.08
27100  87214.8  0.08
27300  87577.5  0.08
27500  88154.4  0.08
27700  61099.9  0.06
27900  61628  0.06
28100  61990.7  0.06
28300  62353.4  0.06
28500  62716.1  0.06
28700  63078.8  0.06
28900  63606.9  0.06
29100  63969.6  0.06
29300  64332.3  0.06
29500  64695  0.06
29700  65057.7  0.06
29900  65635.2  0.06
30100  65997.8  0.06
30300  66360.5  0.06
30500  66723.2  0.06
30700  67251.4  0.06
30900  67614.1  0.06
31100  67976.7  0.06
31300  68339.4  0.06
31500  68702.1  0.06
31700  69230.3  0.06
31900  69593  0.06
32100  69955.7  0.06
32300  70318.3  0.06
32500  70681  0.06
32700  71209.2  0.06
32900  71571.9  0.06
33100  71934.6  0.06
33300  72297.2  0.06
33500  72709.2  0.06
33700  73237.4  0.06
33900  73600.1  0.06
34100  73962.8  0.06
34300  74325.5  0.06
34500  74688.1  0.06
34700  75216.3  0.06
34900  75579  0.06
35100  75941.7  0.06
35300  76304.4  0.06
35500  76832.5  0.06
35700  77195.2  0.06
35900  77557.9  0.06
36100  77920.6  0.06
36300  78283.3  0.06
36500  78811.4  0.06
36700  79174.1  0.06
36900  79586.1  0.06
37100  79948.8  0.06
37300  80311.5  0.06
37500  80839.7  0.06
37700  81202.3  0.06
37900  81565  0.06
38100  81927.7  0.06
38300  82290.4  0.06
38500  82818.6  0.06
38700  83181.2  0.06
38900  83543.9  0.06
39100  83906.6  0.06
39300  84269.3  0.06
39500  84797.5  0.06
39700  85160.2  0.06
39900  85522.8  0.06
40100  85885.5  0.06
40300  86413.7  0.06
40500  86825.7  0.06
40700  87188.4  0.06
40900  87551  0.06
41100  87913.7  0.06
41300  88441.9  0.06
41500  88804.6  0.06
41700  89167.3  0.06
41900  89530  0.06
42100  89892.6  0.06
42300  90420.8  0.06
42500  90783.5  0.06
42700  91146.2  0.06
42900  91508.9  0.06
43100  91871.5  0.06
43300  92399.7  0.06
43500  92762.4  0.06
43700  93125.1  0.06
43900  93537.1  0.06
44100  93899.8  0.06
44300  94427.9  0.06
44500  94790.6  0.06
44700  137399  0.08
44900  137927  0.08
45100  138786  0.08
45300  139314  0.08
45500  139842  0.08
45700  140371  0.08
45900  140899  0.08
46100  141758  0.08
46300  142286  0.08
46500  142814  0.08
46700  143342  0.08
46900  143871  0.08
47100  97564.3  0.06
47300  97927  0.06
47500  98339  0.06
47700  98701.6  0.06
47900  99064.3  0.06
48100  99592.5  0.06
48300  99955.2  0.06
48500  100318  0.06
48700  100681  0.06
48900  101043  0.06
49100  101571  0.06
49300  101934  0.06
49500  102297  0.06
49700  102659  0.06
49900  103188  0.06
50100  103550  0.06
50300  103913  0.06
50500  104276  0.06
50700  104638  0.06
50900  105216  0.06
51100  105579  0.06
51300  105941  0.06
51500  106304  0.06
51700  106667  0.06
51900  107195  0.06
52100  107557  0.06
52300  107920  0.06
52500  108283  0.06
52700  108645  0.06
52900  109174  0.06
53100  109536  0.06
53300  109899  0.06
53500  110262  0.06
53700  110624  0.06
53900  111153  0.06
54100  111515  0.06
54300  111878  0.06
54500  112290  0.06
54700  112818  0.06
54900  113181  0.06
55100  113543  0.06
55300  113906  0.06
55500  114269  0.06
55700  114797  0.06
55900  115160  0.06
56100  115522  0.06
56300  115885  0.06
56500  116248  0.06
56700  116776  0.06
56900  117139  0.06
57100  117501  0.06
57300  117864  0.06
57500  118227  0.06
57700  118755  0.06
57900  119167  0.06
58100  119529  0.06
58300  119892  0.06
58500  120255  0.06
58700  120783  0.06
58900  121146  0.06
59100  121508  0.06
59300  121871  0.06
59500  122399  0.06
59700  122762  0.06
59900  123125  0.06
60100  123487  0.06
60300  134154  0.06
60500  134682  0.06
60700  135045  0.06
60900  135408  0.06
61100  135770  0.06
61300  136133  0.06
61500  136711  0.06
61700  137073  0.06
61900  137436  0.06
62100  137799  0.06
62300  138161  0.06
62500  138690  0.06
62700  139052  0.06
62900  139415  0.06
63100  139778  0.06
63300  140140  0.06
63500  140668  0.06
63700  141031  0.06
63900  141394  0.06
64100  141756  0.06
64300  142285  0.06
64500  142647  0.06
64700  143010  0.06
64900  143373  0.06
65100  143785  0.06
65300  144313  0.06
65500  144676  0.06
65700  80225.2  0.04
65900  80390.7  0.04
66100  80556.2  0.04
66300  80887.2  0.04
66500  81052.7  0.04
66700  81218.2  0.04
66900  81383.6  0.04
67100  81549.1  0.04
67300  81880.1  0.04
67500  82045.6  0.04
67700  82211.1  0.04
67900  82376.6  0.04
68100  82542.1  0.04
68300  82873.1  0.04
68500  83038.6  0.04
68700  83204.1  0.04
68900  83369.6  0.04
69100  83700.6  0.04
69300  83866  0.04
69500  84031.5  0.04
69700  84197  0.04
69900  84362.5  0.04
70100  146019  0.06
70300  146380  0.06
70500  146741  0.06
70700  147103  0.06
70900  147464  0.06
71100  147991  0.06
71300  148352  0.06
71500  148713  0.06
71700  149075  0.06
71900  149436  0.06
72100  149963  0.06
72300  150324  0.06
72500  150685  0.06
72700  151046  0.06
72900  151573  0.06
73100  151934  0.06
73300  152296  0.06
73500  152657  0.06
73700  153018  0.06
73900  153545  0.06
74100  153906  0.06
74300  154268  0.06
74500  154825  0.06
74700  155186  0.06
74900  155713  0.06
75100  156074  0.06
75300  156435  0.06
75500  156797  0.06
75700  157158  0.06
75900  157685  0.06
76100  158046  0.06
76300  158407  0.06
76500  158769  0.06
76700  159130  0.06
76900  159657  0.06
77100  160018  0.06
77300  160379  0.06
77500  160740  0.06
77700  161267  0.06
77900  161628  0.06
78100  161990  0.06
78300  162351  0.06
78500  162712  0.06
78700  163239  0.06
78900  163600  0.06
79100  163962  0.06
79300  164323  0.06
79500  164684  0.06
79700  165211  0.06
79900  165572  0.06
80100  165934  0.06
80300  166295  0.06
80500  166656  0.06
80700  167183  0.06
80900  167544  0.06
81100  167905  0.06
81300  168267  0.06
81500  168628  0.06
81700  169155  0.06
81900  169516  0.06
82100  169877  0.06
82300  170239  0.06
82500  170765  0.06
82700  171127  0.06
82900  171488  0.06
83100  171849  0.06
83300  172211  0.06
83500  172737  0.06
83700  173294  0.06
83900  173656  0.06
84100  174017  0.06
84300  174378  0.06
84500  174905  0.06
84700  175266  0.06
84900  175628  0.06
85100  175989  0.06
85300  176350  0.06
85500  176877  0.06
85700  177238  0.06
85900  177600  0.06
86100  177961  0.06
86300  178322  0.06
86500  178849  0.06
86700  179210  0.06
86900  179571  0.06
87100  179933  0.06
87300  663573  0.16
87500  664753  0.16
87700  666121  0.16
87900  667519  0.16
88100  793740  0.2
88300  795821  0.2
88500  430840  0.1
88700  431684  0.1
88900  432299  0.1
89100  433143  0.1
89300  433881  0.1
89500  434725  0.1
89700  435569  0.1
89900  436413  0.1
90100  437228  0.1
90300  438237  0.1
90500  438610  0.1
90700  439454  0.1
90900  440269  0.1
91100  441113  0.1
91300  442123  0.1
91500  442725  0.1
91700  443540  0.1
91900  444384  0.1
92100  445164  0.1
92300  446008  0.1
92500  446822  0.1
92700  447425  0.1
92900  448269  0.1
93100  449278  0.1
93300  450093  0.1
93500  450937  0.1
93700  451552  0.1
93900  452124  0.1
94100  287033  0.08
94300  287635  0.08
94500  288236  0.08
94700  288808  0.08
94900  289410  0.08
95100  290177  0.08
95300  290550  0.08
95500  291122  0.08
95700  291723  0.08
95900  292325  0.08
96100  293092  0.08
96300  293663  0.08
96500  294265  0.08
96700  294638  0.08
96900  295405  0.08
97100  295977  0.08
97300  296578  0.08
97500  297180  0.08
97700  137886  0.04
97900  138217  0.04
98100  138382  0.04
98300  138548  0.04
98500  138713  0.04
98700  138879  0.04
98900  139210  0.04
99100  139375  0.04
99300  139541  0.04
99500  139706  0.04
99700  139872  0.04
99900  140203  0.04
100100  140368  0.04
100300  140534  0.04
100500  140699  0.04
100700  140865  0.04
100900  141196  0.04
101100  141361  0.04
101300  141527  0.04
101500  141692  0.04
101700  142023  0.04
101900  142189  0.04
102100  142354  0.04
102300  142520  0.04
102500  142685  0.04
102700  143016  0.04
102900  143182  0.04
103100  143347  0.04
103300  143513  0.04
103500  143678  0.04
103700  144009  0.04
103900  144175  0.04
104100  144340  0.04
104300  144506  0.04
104500  144671  0.04
104700  145002  0.04
104900  145168  0.04
105100  145333  0.04
105300  145499  0.04
105500  145664  0.04
105700  145995  0.04
105900  146161  0.04
106100  146326  0.04
106300  146492  0.04
106500  146823  0.04
106700  146988  0.04
106900  147154  0.04
107100  147319  0.04
107300  147485  0.04
107500  132179  0.04
107700  132345  0.04
107900  132510  0.04
108100  132676  0.04
108300  132841  0.04
108500  133172  0.04
108700  133338  0.04
108900  133503  0.04
109100  330302  0.08
109300  330846  0.08
109500  331721  0.08
109700  332265  0.08
109900  332810  0.08
110100  333354  0.08
110300  333899  0.08
110500  334774  0.08
110700  335318  0.08
110900  335862  0.08
111100  336407  0.08
111300  337282  0.08
111500  337826  0.08
111700  338157  0.08
111900  338701  0.08
112100  339245  0.08
112300  340120  0.08
112500  340665  0.08
112700  341209  0.08
112900  341754  0.08
113100  342298  0.08
113300  343173  0.08
113500  343717  0.08
113700  344262  0.08
113900  344806  0.08
114100  345350  0.08
114300  346225  0.08
114500  346770  0.08
114700  347100  0.08
114900  347645  0.08
115100  348189  0.08
115300  349064  0.08
115500  349609  0.08
115700  350153  0.08
115900  350697  0.08
116100  351572  0.08
116300  352117  0.08
116500  352661  0.08
116700  353205  0.08
116900  353750  0.08
117100  354625  0.08
117300  355169  0.08
117500  355714  0.08
117700  356044  0.08
117900  356589  0.08
118100  357464  0.08
118300  358008  0.08
118500  358552  0.08
118700  359097  0.08
118900  359641  0.08
119100  360516  0.08
119300  361060  0.08
119500  361605  0.08
119700  1.0774e+06  0.2
119900  1.07955e+06  0.2
120100  1.08086e+06  0.2
120300  1.08277e+06  0.2
120500  1.08454e+06  0.2
120700  1.08631e+06  0.2
120900  1.08824e+06  0.2
121100  1.09028e+06  0.2
121300  1.09188e+06  0.2
121500  1.09365e+06  0.2
121700  1.09496e+06  0.2
121900  1.09711e+06  0.2
122100  1.09897e+06  0.2
122300  1.10074e+06  0.2
122500  1.10255e+06  0.2
122700  1.10432e+06  0.2
122900  1.10656e+06  0.2
123100  1.10833e+06  0.2
123300  1.10964e+06  0.2
123500  1.11146e+06  0.2
123700  1.11319e+06  0.2
123900  1.11521e+06  0.2
124100  1.11698e+06  0.2
124300  1.11875e+06  0.2
124500  1.12057e+06  0.2
124700  1.12276e+06  0.2
124900  1.12412e+06  0.2
125100  1.12589e+06  0.2
125300  1.12766e+06  0.2
125500  1.12956e+06  0.2
125700  1.13166e+06  0.2
125900  1.13348e+06  0.2
126100  509340  0.1
126300  510065  0.1
126500  510879  0.1
126700  511935  0.1
126900  512445  0.1
127100  513170  0.1
127300  513984  0.1
127500  514709  0.1
127700  515764  0.1
127900  516489  0.1
128100  517303  0.1
128300  518028  0.1
128500  518753  0.1
128700  519808  0.1
128900  520533  0.1
129100  521347  0.1
129300  522072  0.1
129500  523128  0.1
129700  523852  0.1
129900  524453  0.1
130100  525177  0.1
130300  525902  0.1
130500  526958  0.1
130700  527682  0.1
130900  528497  0.1
131100  529221  0.1
131300  529946  0.1
131500  531002  0.1
131700  531816  0.1
131900  532541  0.1
132100  533265  0.1
132300  533990  0.1
132500  535135  0.1
132700  535860  0.1
132900  536370  0.1
133100  537095  0.1
133300  537820  0.1
133500  538965  0.1
133700  539690  0.1
133900  540414  0.1
134100  541139  0.1
134300  542284  0.1
134500  543009  0.1
134700  543734  0.1
134900  544458  0.1
135100  545273  0.1
135300  546328  0.1
135500  547053  0.1
135700  547778  0.1
135900  548288  0.1
136100  549103  0.1
136300  550158  0.1
136500  550883  0.1
136700  551608  0.1
136900  552422  0.1
137100  553147  0.1
137300  143117  0.04
137500  143282  0.04
137700  143448  0.04
137900  143613  0.04
138100  143779  0.04
138300  144110  0.04
138500  144275  0.04
138700  144441  0.04
138900  144606  0.04
139100  144937  0.04
139300  145102  0.04
139500  145268  0.04
139700  145433  0.04
139900  145599  0.04
140100  145930  0.04
140300  146095  0.04
140500  146261  0.04
140700  146426  0.04
140900  146592  0.04
141100  146923  0.04
141300  147088  0.04
141500  147254  0.04
141700  147419  0.04
141900  147585  0.04
142100  147916  0.04
142300  148081  0.04
142500  148247  0.04
142700  148412  0.04
142900  148578  0.04
143100  148909  0.04
143300  149074  0.04
143500  149240  0.04
143700  149405  0.04
143900  149736  0.04
144100  149902  0.04
144300  150067  0.04
144500  150233  0.04
144700  150398  0.04
144900  150729  0.04
145100  150895  0.04
145300  151060  0.04
145500  151226  0.04
145700  151391  0.04
145900  151722  0.04
146100  151888  0.04
146300  152053  0.04
146500  152219  0.04
146700  152384  0.04
146900  152715  0.04
147100  152881  0.04
147300  153046  0.04
147500  153212  0.04
147700  153377  0.04
147900  153708  0.04
148100  153874  0.04
148300  154039  0.04
148500  154205  0.04
148700  154536  0.04
148900  154701  0.04
149100  154867  0.04
149300  155032  0.04
149500  155198  0.04
149700  155529  0.04
149900  155694  0.04
