100  3968.32  0.9
300  10897  0.7
500  16412.8  0.66
700  19070.6  0.54
900  24394.5  0.54
1100  23694.2  0.44
1300  27294.3  0.42
1500  24180.5  0.32
1700  25261.7  0.3
1900  24585.2  0.26
2100  27411.6  0.26
2300  47663.6  0.42
2500  44278.7  0.36
2700  42292.7  0.32
2900  45490.3  0.32
3100  42252.1  0.28
3300  21729  0.14
3500  40220.3  0.24
3700  20510.3  0.12
3900  17635.7  0.1
4100  38677.8  0.2
4300  40589.5  0.2
4500  55937.5  0.26
4700  53724.2  0.24
4900  36032  0.16
5100  42559.8  0.18
5300  22976.7  0.1
5500  29312  0.12
5700  18936.8  0.08
5900  19563.7  0.08
6100  18371.3  0.06
6300  33417.2  0.12
6500  34232.6  0.12
6700  35246.3  0.12
6900  36286.5  0.12
7100  51447.1  0.16
7300  67558  0.2
7500  61901.9  0.18
7700  63493.8  0.18
7900  57242  0.16
8100  42417.4  0.12
8300  43580.2  0.12
8500  44709.9  0.12
8700  36849.7  0.1
8900  37799.6  0.1
9100  29460.2  0.08
9300  33316.8  0.08
9500  33746  0.08
9700  34397.4  0.08
9900  34826.6  0.08
10100  25337  0.06
10300  25766.2  0.06
10500  29856  0.06
10700  30285.3  0.06
10900  30714.5  0.06
11100  76929.5  0.14
11300  51574  0.1
11500  52569.1  0.1
11700  95190.9  0.18
11900  97005  0.18
12100  86560.1  0.16
12300  31229.9  0.06
12500  34440.1  0.06
12700  41300.1  0.08
12900  66214.6  0.12
13100  54468.8  0.1
13300  55429.8  0.1
13500  56068  0.1
13700  57002.6  0.1
13900  57643.4  0.1
14100  58574  0.1
14300  59526.4  0.1
14500  80181.4  0.12
14700  81593.2  0.12
14900  82527.8  0.12
15100  83616.7  0.12
15300  84577.8  0.12
15500  63860.8  0.1
15700  77430.2  0.1
15900  62322.5  0.08
16100  62716.4  0.08
16300  50982.4  0.08
16500  51731.9  0.08
16700  52161.2  0.08
16900  35931.1  0.06
17100  42195.8  0.06
17300  42625.1  0.06
17500  89431.1  0.12
17700  90202.5  0.12
17900  91256.1  0.12
18100  38210.3  0.06
18300  38639.5  0.06
18500  39066.1  0.06
18700  39495.4  0.06
18900  47368.2  0.06
19100  97397  0.12
19300  78914.2  0.1
19500  79719.3  0.1
19700  80605.9  0.1
19900  81380.5  0.1
20100  82267  0.1
20300  83039.1  0.1
20500  83925.6  0.1
20700  84730.7  0.1
20900  85358.2  0.1
21100  55038.8  0.06
21300  63855.1  0.06
21500  64492.9  0.06
21700  65109.9  0.06
21900  65745  0.06
22100  66382.8  0.06
22300  59219.4  0.06
22500  69208.7  0.08
22700  69879.7  0.08
22900  70471.8  0.08
23100  63942.9  0.06
23300  64372.1  0.06
23500  48865.2  0.06
23700  49294.4  0.06
23900  49723.6  0.06
24100  49924.2  0.06
24300  50353.4  0.06
24500  50780  0.06
24700  49388.1  0.04
24900  49817.3  0.04
25100  50246.5  0.04
25300  50524.6  0.04
25500  50753.2  0.04
25700  50753.2  0.04
25900  50981.8  0.04
26100  51210.4  0.04
26300  51439  0.04
26500  51667.6  0.04
26700  51896.1  0.04
26900  52124.7  0.04
27100  52353.3  0.04
27300  52353.3  0.04
27500  52581.9  0.04
27700  52810.5  0.04
27900  53039.1  0.04
28100  53267.7  0.04
28300  53496.3  0.04
28500  53724.9  0.04
28700  53953.5  0.04
28900  53953.5  0.04
29100  54182.1  0.04
29300  54410.7  0.04
29500  54639.3  0.04
29700  54867.9  0.04
29900  55096.5  0.04
30100  55325.1  0.04
30300  55553.7  0.04
30500  55553.7  0.04
30700  55782.2  0.04
30900  56010.8  0.04
31100  56239.4  0.04
31300  56468  0.04
31500  56696.6  0.04
31700  56925.2  0.04
31900  57153.8  0.04
32100  57153.8  0.04
32300  57382.4  0.04
32500  57611  0.04
32700  57839.6  0.04
32900  58068.2  0.04
33100  58296.8  0.04
33300  58525.4  0.04
33500  58754  0.04
33700  58754  0.04
33900  58982.6  0.04
34100  59211.2  0.04
34300  59439.8  0.04
34500  59668.4  0.04
34700  59896.9  0.04
34900  60125.5  0.04
35100  60354.1  0.04
35300  60354.1  0.04
35500  60582.7  0.04
35700  60811.3  0.04
35900  61039.9  0.04
36100  61268.5  0.04
36300  61497.1  0.04
36500  61725.7  0.04
36700  61954.3  0.04
36900  61954.3  0.04
37100  62182.9  0.04
37300  62411.5  0.04
37500  62640.1  0.04
37700  62868.7  0.04
37900  63097.3  0.04
38100  63325.9  0.04
38300  63554.5  0.04
38500  63554.5  0.04
38700  63783  0.04
38900  64011.6  0.04
39100  64240.2  0.04
39300  64468.8  0.04
39500  64697.4  0.04
39700  64926  0.04
39900  65154.6  0.04
40100  65154.6  0.04
40300  65383.2  0.04
40500  65611.8  0.04
40700  65840.4  0.04
40900  66069  0.04
41100  66297.6  0.04
41300  66526.2  0.04
41500  66754.8  0.04
41700  66754.8  0.04
41900  66983.4  0.04
42100  67212  0.04
42300  67440.6  0.04
42500  67669.2  0.04
42700  67897.7  0.04
42900  68126.3  0.04
43100  68354.9  0.04
43300  68354.9  0.04
43500  68583.5  0.04
43700  68812.1  0.04
43900  69040.7  0.04
44100  69269.3  0.04
44300  69497.9  0.04
44500  69726.5  0.04
44700  69955.1  0.04
44900  69955.1  0.04
45100  70183.7  0.04
45300  70412.3  0.04
45500  70640.9  0.04
45700  70869.5  0.04
45900  71098.1  0.04
46100  71326.7  0.04
46300  71555.3  0.04
46500  71555.3  0.04
46700  71783.8  0.04
46900  72012.4  0.04
47100  72241  0.04
47300  72469.6  0.04
47500  72698.2  0.04
47700  72926.8  0.04
47900  73155.4  0.04
48100  73155.4  0.04
48300  73384  0.04
48500  73612.6  0.04
48700  73841.2  0.04
48900  74069.8  0.04
49100  74298.4  0.04
49300  74527  0.04
49500  74755.6  0.04
49700  74755.6  0.04
49900  74984.2  0.04
50100  75212.8  0.04
50300  75441.4  0.04
50500  75670  0.04
50700  75898.5  0.04
50900  76127.1  0.04
51100  76355.7  0.04
51300  76355.7  0.04
51500  76584.3  0.04
51700  76812.9  0.04
51900  77041.5  0.04
52100  77270.1  0.04
52300  77498.7  0.04
52500  77727.3  0.04
52700  77955.9  0.04
52900  77955.9  0.04
53100  78184.5  0.04
53300  78413.1  0.04
53500  78641.7  0.04
53700  78870.3  0.04
53900  79098.9  0.04
54100  79327.5  0.04
54300  79556.1  0.04
54500  79556.1  0.04
54700  79784.6  0.04
54900  80013.2  0.04
55100  80241.8  0.04
55300  80470.4  0.04
55500  80699  0.04
55700  80927.6  0.04
55900  81156.2  0.04
56100  81156.2  0.04
56300  81384.8  0.04
56500  81613.4  0.04
56700  81842  0.04
56900  82070.6  0.04
57100  82299.2  0.04
57300  82527.8  0.04
57500  82756.4  0.04
57700  82756.4  0.04
57900  82985  0.04
58100  83213.6  0.04
58300  83442.2  0.04
58500  83670.7  0.04
58700  83899.3  0.04
58900  84127.9  0.04
59100  84356.5  0.04
59300  84356.5  0.04
59500  84585.1  0.04
59700  84813.7  0.04
59900  85042.3  0.04
60100  85270.9  0.04
60300  85499.5  0.04
60500  85728.1  0.04
60700  85956.7  0.04
60900  85956.7  0.04
61100  86185.3  0.04
61300  86413.9  0.04
61500  86639.9  0.04
61700  86865.9  0.04
61900  87091.8  0.04
62100  87317.8  0.04
62300  87543.8  0.04
62500  87543.8  0.04
62700  87769.8  0.04
62900  87995.8  0.04
63100  88221.8  0.04
63300  88447.8  0.04
63500  88673.8  0.04
63700  88899.8  0.04
63900  89125.7  0.04
64100  89125.7  0.04
64300  89351.7  0.04
64500  89577.7  0.04
64700  89803.7  0.04
64900  90029.7  0.04
65100  90255.7  0.04
65300  90481.7  0.04
65500  90707.7  0.04
65700  90707.7  0.04
65900  90933.7  0.04
66100  91159.6  0.04
66300  91385.6  0.04
66500  91611.6  0.04
66700  91837.6  0.04
66900  92063.6  0.04
67100  92289.6  0.04
67300  92289.6  0.04
67500  92515.6  0.04
67700  92741.6  0.04
67900  92967.6  0.04
68100  93193.5  0.04
68300  93419.5  0.04
68500  93645.5  0.04
68700  93871.5  0.04
68900  93871.5  0.04
69100  94097.5  0.04
69300  94323.5  0.04
69500  94549.5  0.04
69700  94775.5  0.04
69900  95001.5  0.04
70100  95227.4  0.04
70300  95453.4  0.04
70500  95453.4  0.04
70700  95679.4  0.04
70900  95905.4  0.04
71100  96131.4  0.04
71300  96357.4  0.04
71500  96583.4  0.04
71700  96809.4  0.04
71900  97035.4  0.04
72100  97035.4  0.04
72300  97261.3  0.04
72500  97487.3  0.04
72700  97713.3  0.04
72900  97939.3  0.04
73100  98165.3  0.04
73300  98391.3  0.04
73500  98617.3  0.04
73700  98617.3  0.04
73900  98843.3  0.04
74100  99069.3  0.04
74300  99295.2  0.04
74500  99521.2  0.04
74700  99747.2  0.04
74900  99973.2  0.04
75100  100199  0.04
75300  100199  0.04
75500  100425  0.04
75700  100651  0.04
75900  100877  0.04
76100  101103  0.04
76300  101329  0.04
76500  101555  0.04
76700  101781  0.04
76900  101781  0.04
77100  102007  0.04
77300  102233  0.04
77500  102459  0.04
77700  102685  0.04
77900  102911  0.04
78100  103137  0.04
78300  103363  0.04
78500  103363  0.04
78700  103589  0.04
78900  103815  0.04
79100  104041  0.04
79300  104267  0.04
79500  104493  0.04
79700  104719  0.04
79900  104945  0.04
80100  104945  0.04
80300  105171  0.04
80500  105397  0.04
80700  105623  0.04
80900  105849  0.04
81100  106075  0.04
81300  106301  0.04
81500  106527  0.04
81700  106527  0.04
81900  106753  0.04
82100  106979  0.04
82300  107205  0.04
82500  107431  0.04
82700  107657  0.04
82900  107883  0.04
83100  108109  0.04
83300  108109  0.04
83500  108335  0.04
83700  108561  0.04
83900  108787  0.04
84100  109013  0.04
84300  109239  0.04
84500  109465  0.04
84700  109691  0.04
84900  109691  0.04
85100  109917  0.04
85300  110143  0.04
85500  110369  0.04
85700  110595  0.04
85900  110821  0.04
86100  111047  0.04
86300  111273  0.04
86500  111273  0.04
86700  111499  0.04
86900  111725  0.04
87100  111951  0.04
87300  112177  0.04
87500  112403  0.04
87700  112629  0.04
87900  112855  0.04
88100  112855  0.04
88300  113081  0.04
88500  113307  0.04
88700  113533  0.04
88900  113759  0.04
89100  113985  0.04
89300  114211  0.04
89500  114436  0.04
89700  114436  0.04
89900  114662  0.04
90100  114888  0.04
90300  115114  0.04
90500  115340  0.04
90700  273978  0.08
90900  274606  0.08
91100  275226  0.08
91300  275643  0.08
91500  276246  0.08
91700  276892  0.08
91900  277511  0.08
92100  278140  0.08
92300  278760  0.08
92500  279406  0.08
92700  280034  0.08
92900  280425  0.08
93100  281071  0.08
93300  281674  0.08
93500  280498  0.06
93700  281118  0.06
93900  281747  0.06
94100  282393  0.06
94300  283012  0.06
94500  283413  0.06
94700  284032  0.06
94900  284678  0.06
95100  285280  0.06
95300  285926  0.06
95500  286572  0.06
95700  287175  0.06
95900  287821  0.06
96100  288212  0.06
96300  288841  0.06
96500  289460  0.06
96700  199614  0.06
96900  200039  0.06
97100  200464  0.06
97300  200937  0.06
97500  201362  0.06
97700  201558  0.06
97900  201983  0.06
98100  202408  0.06
98300  202832  0.06
98500  203257  0.06
98700  203682  0.06
98900  204107  0.06
99100  204531  0.06
99300  204727  0.06
99500  205152  0.06
99700  205626  0.06
99900  206050  0.06
100100  206475  0.06
100300  206900  0.06
100500  207325  0.06
100700  207749  0.06
100900  207945  0.06
101100  208370  0.06
101300  208795  0.06
101500  209220  0.06
101700  209644  0.06
101900  210069  0.06
102100  210494  0.06
102300  210967  0.06
102500  211164  0.06
102700  211588  0.06
102900  212013  0.06
103100  212438  0.06
103300  212862  0.06
103500  213287  0.06
103700  213712  0.06
103900  214136  0.06
104100  214333  0.06
104300  214757  0.06
104500  215182  0.06
104700  215607  0.06
104900  216080  0.06
105100  219486  0.06
105300  219911  0.06
105500  220336  0.06
105700  220532  0.06
105900  220956  0.06
106100  221381  0.06
106300  221806  0.06
106500  222231  0.06
106700  222655  0.06
106900  223080  0.06
107100  223505  0.06
107300  223750  0.06
107500  224175  0.06
107700  224599  0.06
107900  225024  0.06
108100  225449  0.06
108300  225873  0.06
108500  226298  0.06
108700  226723  0.06
108900  226919  0.06
109100  227344  0.06
109300  227768  0.06
109500  228193  0.06
109700  228618  0.06
109900  229092  0.06
110100  229516  0.06
110300  229941  0.06
110500  230137  0.06
110700  230562  0.06
110900  230986  0.06
111100  231411  0.06
111300  231836  0.06
111500  232261  0.06
111700  232685  0.06
111900  233110  0.06
112100  233306  0.06
112300  233780  0.06
112500  234205  0.06
112700  234629  0.06
112900  235054  0.06
113100  235479  0.06
113300  235903  0.06
113500  236328  0.06
113700  236524  0.06
113900  236949  0.06
114100  237374  0.06
114300  237798  0.06
114500  238223  0.06
114700  238648  0.06
114900  239121  0.06
115100  239546  0.06
115300  239742  0.06
115500  240167  0.06
115700  240592  0.06
115900  241016  0.06
116100  241441  0.06
116300  241866  0.06
116500  242291  0.06
116700  242715  0.06
116900  242911  0.06
117100  243336  0.06
117300  243761  0.06
117500  244235  0.06
117700  244659  0.06
117900  245084  0.06
118100  245509  0.06
118300  245933  0.06
118500  246129  0.06
118700  246554  0.06
118900  246979  0.06
119100  247404  0.06
119300  247828  0.06
119500  248253  0.06
119700  248678  0.06
119900  249151  0.06
120100  249348  0.06
120300  249772  0.06
120500  378515  0.08
120700  127856  0.04
120900  128085  0.04
121100  128314  0.04
121300  128542  0.04
121500  128771  0.04
121700  128771  0.04
121900  128999  0.04
122100  129228  0.04
122300  129457  0.04
122500  129685  0.04
122700  129914  0.04
122900  130142  0.04
123100  130371  0.04
123300  130371  0.04
123500  130600  0.04
123700  130828  0.04
123900  131057  0.04
124100  131285  0.04
124300  131514  0.04
124500  131743  0.04
124700  131971  0.04
124900  131971  0.04
125100  132200  0.04
125300  132428  0.04
125500  132657  0.04
125700  132886  0.04
125900  133114  0.04
126100  133343  0.04
126300  133571  0.04
126500  133571  0.04
126700  133800  0.04
126900  134028  0.04
127100  134257  0.04
127300  134486  0.04
127500  134714  0.04
127700  134943  0.04
127900  135171  0.04
128100  135171  0.04
128300  135400  0.04
128500  135629  0.04
128700  135857  0.04
128900  136086  0.04
129100  136314  0.04
129300  136543  0.04
129500  136772  0.04
129700  136772  0.04
129900  137000  0.04
130100  137229  0.04
130300  137457  0.04
130500  137686  0.04
130700  137915  0.04
130900  138143  0.04
131100  138372  0.04
131300  138372  0.04
131500  138600  0.04
131700  138829  0.04
131900  139058  0.04
132100  139286  0.04
132300  139515  0.04
132500  139743  0.04
132700  139972  0.04
132900  139972  0.04
133100  140201  0.04
133300  140429  0.04
133500  140658  0.04
133700  140886  0.04
133900  141115  0.04
134100  141343  0.04
134300  141572  0.04
134500  141572  0.04
134700  141801  0.04
134900  288464  0.06
135100  288911  0.06
135300  289315  0.06
135500  289763  0.06
135700  290166  0.06
135900  290614  0.06
136100  290789  0.06
136300  413764  0.08
136500  414617  0.08
136700  415065  0.08
136900  415962  0.08
137100  416366  0.08
137300  417263  0.08
137500  417667  0.08
137700  417886  0.08
137900  418739  0.08
138100  419187  0.08
138300  420084  0.08
138500  420488  0.08
138700  421385  0.08
138900  421789  0.08
139100  422686  0.08
139300  422862  0.08
139500  423309  0.08
139700  424206  0.08
139900  424610  0.08
140100  425507  0.08
140300  425911  0.08
140500  426809  0.08
140700  427212  0.08
140900  427881  0.08
141100  428329  0.08
141300  428732  0.08
141500  429630  0.08
141700  430033  0.08
141900  430931  0.08
142100  431334  0.08
142300  432232  0.08
142500  432451  0.08
142700  433304  0.08
142900  433752  0.08
143100  434155  0.08
143300  435053  0.08
143500  435457  0.08
143700  436354  0.08
143900  436529  0.08
144100  437426  0.08
144300  437874  0.08
144500  438727  0.08
144700  439175  0.08
144900  439579  0.08
145100  440476  0.08
145300  440880  0.08
145500  441549  0.08
145700  441996  0.08
145900  442850  0.08
146100  443297  0.08
146300  444151  0.08
146500  444598  0.08
146700  445002  0.08
146900  445899  0.08
147100  446118  0.08
147300  446972  0.08
147500  447419  0.08
147700  448273  0.08
147900  448720  0.08
148100  449574  0.08
148300  254830  0.04
148500  255058  0.04
148700  255058  0.04
148900  255287  0.04
149100  255516  0.04
149300  255744  0.04
149500  255973  0.04
149700  256201  0.04
149900  256430  0.04
