100  4097.77  0.9
300  10007.9  0.66
500  15206.6  0.6
700  14802.6  0.42
900  16642.3  0.36
1100  14109.3  0.26
1300  17242.2  0.28
1500  18489.7  0.26
1700  8846.22  0.12
1900  23042.3  0.24
2100  22864.6  0.22
2300  20710.3  0.18
2500  32148.7  0.26
2700  20503.6  0.16
2900  16378.8  0.12
3100  17174.5  0.12
3300  18292.3  0.12
3500  16435.3  0.1
3700  34359.2  0.2
3900  28450  0.16
4100  25680  0.14
4300  18232.8  0.1
4500  19014.6  0.1
4700  28086.8  0.12
4900  29223.8  0.12
5100  29966.9  0.12
5300  31103.9  0.12
5500  32104.8  0.12
5700  33232.1  0.12
5900  33984.9  0.12
6100  35110.6  0.12
6300  78249.4  0.26
6500  80479.7  0.26
6700  82642.9  0.26
6900  39117.6  0.12
7100  40118.3  0.12
7300  41017.3  0.12
7500  42118.9  0.12
7700  43143.2  0.12
7900  64869.1  0.18
8100  66379.1  0.18
8300  27514.8  0.08
8500  111933  0.28
8700  30571.4  0.08
8900  31267.2  0.08
9100  31939.4  0.08
9300  32635.2  0.08
9500  33029.8  0.08
9700  33672.6  0.08
9900  34368.4  0.08
10100  40287.7  0.08
10300  84652.6  0.18
10500  118144  0.24
10700  109369  0.22
10900  111147  0.22
11100  113408  0.22
11300  105208  0.2
11500  106999  0.2
11700  113061  0.2
11900  117771  0.2
12100  88421.2  0.16
12300  89406.3  0.16
12500  42062.9  0.08
12700  42722.4  0.08
12900  77620.3  0.14
13100  77812  0.12
13300  78900.6  0.12
13500  70203.8  0.12
13700  108091  0.16
13900  109550  0.16
14100  25265.1  0.04
14300  25454.2  0.04
14500  25666.9  0.04
14700  25856  0.04
14900  26045  0.04
15100  26257.7  0.04
15300  26446.8  0.04
15500  89885  0.12
15700  36092.1  0.06
15900  36304.8  0.06
16100  36771.4  0.06
16300  37261.6  0.06
16500  37450.7  0.06
16700  37941  0.06
16900  38407.6  0.06
17100  38897.8  0.06
17300  39086.9  0.06
17500  39553.5  0.06
17700  40043.8  0.06
17900  40232.8  0.06
18100  40723.1  0.06
18300  41189.7  0.06
18500  41680  0.06
18700  41869  0.06
18900  42359.3  0.06
19100  42825.9  0.06
19300  43316.2  0.06
19500  43505.2  0.06
19700  24289.5  0.04
19900  24478.6  0.04
20100  24667.7  0.04
20300  24880.4  0.04
20500  25069.4  0.04
20700  25282.1  0.04
20900  25471.2  0.04
21100  25683.9  0.04
21300  25873  0.04
21500  26085.7  0.04
21700  26274.7  0.04
21900  26487.5  0.04
22100  26676.5  0.04
22300  26889.2  0.04
22500  27078.3  0.04
22700  27267.4  0.04
22900  27480.1  0.04
23100  27669.1  0.04
23300  27881.8  0.04
23500  28070.9  0.04
23700  28283.6  0.04
23900  28472.7  0.04
24100  28685.4  0.04
24300  28874.5  0.04
24500  29087.2  0.04
24700  29276.2  0.04
24900  29488.9  0.04
25100  29678  0.04
25300  29890.7  0.04
25500  30079.8  0.04
25700  30268.9  0.04
25900  30481.6  0.04
26100  30670.6  0.04
26300  30883.3  0.04
26500  31072.4  0.04
26700  31285.1  0.04
26900  31474.2  0.04
27100  31686.9  0.04
27300  31876  0.04
27500  32088.7  0.04
27700  32277.7  0.04
27900  57073.9  0.06
28100  60604.4  0.06
28300  60993.3  0.06
28500  61405.8  0.06
28700  61794.7  0.06
28900  62207.3  0.06
29100  62596.2  0.06
29300  39527.4  0.04
29500  39716.4  0.04
29700  39929.2  0.04
29900  40118.2  0.04
30100  40330.9  0.04
30300  40520  0.04
30500  40732.7  0.04
30700  40921.8  0.04
30900  41110.8  0.04
31100  41323.5  0.04
31300  41512.6  0.04
31500  41725.3  0.04
31700  41914.4  0.04
31900  42127.1  0.04
32100  42316.2  0.04
32300  42528.9  0.04
32500  42717.9  0.04
32700  42930.6  0.04
32900  43119.7  0.04
33100  43332.4  0.04
33300  43521.5  0.04
33500  43710.6  0.04
33700  43923.3  0.04
33900  44112.3  0.04
34100  44325  0.04
34300  44514.1  0.04
34500  44726.8  0.04
34700  44915.9  0.04
34900  45128.6  0.04
35100  45317.7  0.04
35300  45530.4  0.04
35500  45719.4  0.04
35700  45932.1  0.04
35900  46121.2  0.04
36100  46310.3  0.04
36300  46523  0.04
36500  46712  0.04
36700  46924.7  0.04
36900  47113.8  0.04
37100  47326.5  0.04
37300  47515.6  0.04
37500  129826  0.08
37700  92754  0.06
37900  93160  0.06
38100  93554.4  0.06
38300  93960.3  0.06
38500  94354.7  0.06
38700  94737  0.06
38900  95155  0.06
39100  95549.4  0.06
39300  95955.3  0.06
39500  96349.7  0.06
39700  96755.6  0.06
39900  97150  0.06
40100  97556  0.06
40300  97950.3  0.06
40500  98356.3  0.06
40700  98750.7  0.06
40900  99168.7  0.06
41100  99551  0.06
41300  99945.4  0.06
41500  100351  0.06
41700  100746  0.06
41900  101152  0.06
42100  101546  0.06
42300  101952  0.06
42500  102346  0.06
42700  102764  0.06
42900  103147  0.06
43100  103565  0.06
43300  103947  0.06
43500  104365  0.06
43700  104747  0.06
43900  105165  0.06
44100  105560  0.06
44300  105942  0.06
44500  106360  0.06
44700  106742  0.06
44900  107160  0.06
45100  107543  0.06
45300  107961  0.06
45500  108343  0.06
45700  108761  0.06
45900  109155  0.06
46100  109561  0.06
46300  109956  0.06
46500  110362  0.06
46700  110756  0.06
46900  111138  0.06
47100  111556  0.06
47300  111939  0.06
47500  112357  0.06
47700  112751  0.06
47900  113157  0.06
48100  113551  0.06
48300  113957  0.06
48500  114352  0.06
48700  114758  0.06
48900  115152  0.06
49100  115570  0.06
49300  115952  0.06
49500  116347  0.06
49700  151486  0.08
49900  151880  0.08
50100  172860  0.08
50300  173246  0.08
50500  173916  0.08
50700  174553  0.08
50900  175213  0.08
51100  175859  0.08
51300  176268  0.08
51500  176905  0.08
51700  177575  0.08
51900  178212  0.08
52100  178848  0.08
52300  179268  0.08
52500  179904  0.08
52700  180575  0.08
52900  181211  0.08
53100  181871  0.08
53300  182267  0.08
53500  182927  0.08
53700  183563  0.08
53900  184234  0.08
54100  184870  0.08
54300  185279  0.08
54500  185926  0.08
54700  186563  0.08
54900  187223  0.08
55100  187869  0.08
55300  188279  0.08
55500  167717  0.08
55700  168387  0.08
55900  172166  0.08
56100  172826  0.08
56300  173221  0.08
56500  173881  0.08
56700  174528  0.08
56900  175188  0.08
57100  175825  0.08
57300  176221  0.08
57500  176881  0.08
57700  177517  0.08
57900  178188  0.08
58100  178573  0.08
58300  179233  0.08
58500  179880  0.08
58700  180540  0.08
58900  181176  0.08
59100  181596  0.08
59300  182232  0.08
59500  182892  0.08
59700  183539  0.08
59900  187636  0.08
60100  188022  0.08
60300  249916  0.1
60500  250753  0.1
60700  251576  0.1
60900  252413  0.1
61100  252975  0.1
61300  194585  0.08
61500  195222  0.08
61700  195882  0.08
61900  196528  0.08
62100  196938  0.08
62300  197574  0.08
62500  198244  0.08
62700  198881  0.08
62900  189126  0.08
63100  189545  0.08
63300  126933  0.06
63500  127342  0.06
63700  127737  0.06
63900  128147  0.06
64100  128532  0.06
64300  128951  0.06
64500  133720  0.06
64700  134129  0.06
64900  134525  0.06
65100  142584  0.06
65300  142980  0.06
65500  143365  0.06
65700  143775  0.06
65900  144170  0.06
66100  144579  0.06
66300  144965  0.06
66500  145384  0.06
66700  145770  0.06
66900  146179  0.06
67100  146575  0.06
67300  146984  0.06
67500  147369  0.06
67700  147789  0.06
67900  148174  0.06
68100  148560  0.06
68300  148979  0.06
68500  149364  0.06
68700  149774  0.06
68900  150169  0.06
69100  150578  0.06
69300  150974  0.06
69500  151383  0.06
69700  151769  0.06
69900  139813  0.04
70100  140199  0.04
70300  140608  0.04
70500  141003  0.04
70700  156336  0.06
70900  156741  0.06
71100  157123  0.06
71300  157528  0.06
71500  157909  0.06
71700  158363  0.06
71900  158744  0.06
72100  159149  0.06
72300  159531  0.06
72500  159936  0.06
72700  160317  0.06
72900  160770  0.06
73100  161152  0.06
73300  161533  0.06
73500  161939  0.06
73700  141028  0.04
73900  141241  0.04
74100  141430  0.04
74300  141643  0.04
74500  141832  0.04
74700  142045  0.04
74900  142234  0.04
75100  142447  0.04
75300  142636  0.04
75500  142848  0.04
75700  143037  0.04
75900  79567.2  0.04
76100  79756.3  0.04
76300  79945.4  0.04
76500  80158.1  0.04
76700  80347.1  0.04
76900  80559.8  0.04
77100  80748.9  0.04
77300  80961.6  0.04
77500  81150.7  0.04
77700  81363.4  0.04
77900  81552.5  0.04
78100  81765.2  0.04
78300  81954.2  0.04
78500  82166.9  0.04
78700  82356  0.04
78900  82545.1  0.04
79100  82757.8  0.04
79300  82946.9  0.04
79500  83159.6  0.04
79700  83348.6  0.04
79900  83561.3  0.04
80100  83750.4  0.04
80300  83963.1  0.04
80500  84152.2  0.04
80700  84364.9  0.04
80900  84553.9  0.04
81100  84766.7  0.04
81300  84955.7  0.04
81500  85144.8  0.04
81700  85357.5  0.04
81900  85546.6  0.04
82100  85759.3  0.04
82300  85948.3  0.04
82500  86161  0.04
82700  86350.1  0.04
82900  86562.8  0.04
83100  86751.9  0.04
83300  86964.6  0.04
83500  87153.7  0.04
83700  87366.4  0.04
83900  87555.4  0.04
84100  87744.5  0.04
84300  87957.2  0.04
84500  193970  0.06
84700  194358  0.06
84900  194809  0.06
85100  195197  0.06
85300  195561  0.06
85500  195949  0.06
85700  196400  0.06
85900  196788  0.06
86100  197152  0.06
86300  197627  0.06
86500  197991  0.06
86700  198355  0.06
86900  198743  0.06
87100  199194  0.06
87300  199582  0.06
87500  199946  0.06
87700  200421  0.06
87900  200785  0.06
88100  201173  0.06
88300  201537  0.06
88500  202012  0.06
88700  202376  0.06
88900  202763  0.06
89100  269444  0.08
89300  270156  0.08
89500  270890  0.08
89700  271308  0.08
89900  272043  0.08
90100  272423  0.08
90300  273158  0.08
90500  273907  0.08
90700  274311  0.08
90900  275022  0.08
91100  184484  0.06
91300  184902  0.06
91500  185305  0.06
91700  185685  0.06
91900  186089  0.06
92100  186507  0.06
92300  186887  0.06
92500  187290  0.06
92700  187670  0.06
92900  188112  0.06
93100  188491  0.06
93300  188895  0.06
93500  189275  0.06
93700  189716  0.06
93900  190096  0.06
94100  190500  0.06
94300  190880  0.06
94500  191321  0.06
94700  191701  0.06
94900  192081  0.06
95100  192485  0.06
95300  192864  0.06
95500  193306  0.06
95700  193686  0.06
95900  194089  0.06
96100  194469  0.06
96300  194911  0.06
96500  121565  0.04
96700  121777  0.04
96900  121966  0.04
97100  122179  0.04
97300  122368  0.04
97500  122557  0.04
97700  122770  0.04
97900  122959  0.04
98100  123172  0.04
98300  123361  0.04
98500  123573  0.04
98700  123763  0.04
98900  123975  0.04
99100  124164  0.04
99300  124377  0.04
99500  124566  0.04
99700  124779  0.04
99900  124968  0.04
100100  125157  0.04
100300  125370  0.04
100500  125559  0.04
100700  125771  0.04
100900  125960  0.04
101100  126173  0.04
101300  214976  0.06
101500  215373  0.06
101700  215768  0.06
101900  216186  0.06
102100  216580  0.06
102300  216978  0.06
102500  217372  0.06
102700  217766  0.06
102900  218184  0.06
103100  218558  0.06
103300  218976  0.06
103500  219371  0.06
103700  219789  0.06
103900  220163  0.06
104100  220581  0.06
104300  220975  0.06
104500  221393  0.06
104700  221767  0.06
104900  222185  0.06
105100  222579  0.06
105300  222974  0.06
105500  223371  0.06
105700  223766  0.06
105900  224184  0.06
106100  224558  0.06
106300  224976  0.06
106500  225370  0.06
106700  232655  0.06
106900  233175  0.06
107100  233718  0.06
107300  233908  0.06
107500  234451  0.06
107700  234971  0.06
107900  122853  0.04
108100  123042  0.04
108300  123231  0.04
108500  123444  0.04
108700  123633  0.04
108900  123846  0.04
109100  124035  0.04
109300  124248  0.04
109500  124437  0.04
109700  124649  0.04
109900  124838  0.04
110100  125051  0.04
110300  125240  0.04
110500  125453  0.04
110700  125642  0.04
110900  125831  0.04
111100  136078  0.04
111300  136267  0.04
111500  136480  0.04
111700  136669  0.04
111900  136882  0.04
112100  137071  0.04
112300  137283  0.04
112500  137472  0.04
112700  137685  0.04
112900  137874  0.04
113100  138087  0.04
113300  138276  0.04
113500  138465  0.04
113700  138678  0.04
113900  138867  0.04
114100  139080  0.04
114300  139269  0.04
114500  139481  0.04
114700  139670  0.04
114900  134318  0.04
115100  134507  0.04
115300  134720  0.04
115500  134909  0.04
115700  135122  0.04
115900  135311  0.04
116100  135500  0.04
116300  135713  0.04
116500  135902  0.04
116700  136114  0.04
116900  136303  0.04
117100  136516  0.04
117300  136705  0.04
117500  152771  0.04
117700  152960  0.04
117900  153172  0.04
118100  153361  0.04
118300  153574  0.04
118500  153763  0.04
118700  153952  0.04
118900  154165  0.04
119100  154354  0.04
119300  154567  0.04
119500  122981  0.04
119700  123194  0.04
119900  123383  0.04
120100  123596  0.04
120300  123785  0.04
120500  123998  0.04
120700  124187  0.04
120900  380037  0.08
121100  380795  0.08
121300  381222  0.08
121500  381766  0.08
121700  382524  0.08
121900  382974  0.08
122100  383732  0.08
122300  384182  0.08
122500  384940  0.08
122700  262657  0.06
122900  263083  0.06
123100  263533  0.06
123300  263959  0.06
123500  140863  0.04
123700  141052  0.04
123900  141242  0.04
124100  141454  0.04
124300  141643  0.04
124500  141856  0.04
124700  142045  0.04
124900  142258  0.04
125100  142447  0.04
125300  142660  0.04
125500  142849  0.04
125700  143061  0.04
125900  143250  0.04
126100  143463  0.04
126300  143652  0.04
126500  143865  0.04
126700  144054  0.04
126900  144243  0.04
127100  144456  0.04
127300  144645  0.04
127500  144857  0.04
127700  145047  0.04
127900  145259  0.04
128100  145448  0.04
128300  145661  0.04
128500  145850  0.04
128700  146063  0.04
128900  146252  0.04
129100  146465  0.04
129300  146654  0.04
129500  146843  0.04
129700  147055  0.04
129900  147245  0.04
130100  147457  0.04
130300  147646  0.04
130500  147859  0.04
130700  148048  0.04
130900  148261  0.04
131100  148450  0.04
131300  148663  0.04
131500  148852  0.04
131700  149064  0.04
131900  149253  0.04
132100  149442  0.04
132300  149655  0.04
132500  149844  0.04
132700  150057  0.04
132900  150246  0.04
133100  150459  0.04
133300  150648  0.04
133500  150860  0.04
133700  151050  0.04
133900  151262  0.04
134100  151451  0.04
134300  151664  0.04
134500  151853  0.04
134700  152042  0.04
134900  152255  0.04
135100  152444  0.04
135300  152657  0.04
135500  152846  0.04
135700  153058  0.04
135900  153247  0.04
136100  153460  0.04
136300  153649  0.04
136500  153862  0.04
136700  154051  0.04
136900  154264  0.04
137100  154453  0.04
137300  154642  0.04
137500  154855  0.04
137700  155044  0.04
137900  155256  0.04
138100  155445  0.04
138300  155658  0.04
138500  155847  0.04
138700  156060  0.04
138900  156249  0.04
139100  156462  0.04
139300  156651  0.04
139500  156863  0.04
139700  157053  0.04
139900  157242  0.04
140100  157454  0.04
140300  157643  0.04
140500  157856  0.04
140700  158045  0.04
140900  158258  0.04
141100  158447  0.04
141300  158660  0.04
141500  158849  0.04
141700  159061  0.04
141900  159250  0.04
142100  159463  0.04
142300  159652  0.04
142500  159865  0.04
142700  160054  0.04
142900  160243  0.04
143100  160456  0.04
143300  160645  0.04
143500  160858  0.04
143700  161047  0.04
143900  161259  0.04
144100  161448  0.04
144300  161661  0.04
144500  161850  0.04
144700  162063  0.04
144900  162252  0.04
145100  162465  0.04
145300  162654  0.04
145500  162843  0.04
145700  163055  0.04
145900  163245  0.04
146100  163457  0.04
146300  163646  0.04
146500  163859  0.04
146700  164048  0.04
146900  164261  0.04
147100  295935  0.06
147300  296480  0.06
147500  296669  0.06
147700  297214  0.06
147900  297735  0.06
148100  297924  0.06
148300  298469  0.06
148500  298658  0.06
148700  299202  0.06
148900  299723  0.06
149100  299936  0.06
149300  300457  0.06
149500  300670  0.06
149700  301191  0.06
149900  301736  0.06
