100  4154.61  0.96
300  11104.8  0.74
500  14539.1  0.58
700  15136.6  0.44
900  15382.6  0.34
1100  14275.7  0.26
1300  19573.9  0.3
1500  17761.3  0.24
1700  23263  0.28
1900  17359.9  0.18
2100  15799  0.16
2300  17150.7  0.16
2500  18923.9  0.16
2700  14582.1  0.12
2900  14485.7  0.1
3100  11953.1  0.08
3300  12682.9  0.08
3500  9775.03  0.06
3700  23224.7  0.14
3900  28269  0.16
4100  21490.2  0.12
4300  18242.8  0.1
4500  14463.9  0.08
4700  15049  0.08
4900  21624  0.1
5100  12297.9  0.06
5300  11776.9  0.06
5500  12174.2  0.06
5700  11352.1  0.04
5900  11543.4  0.04
6100  11734.6  0.04
6300  11945  0.04
6500  12136.3  0.04
6700  12327.5  0.04
6900  12518.8  0.04
7100  12710  0.04
7300  12901.3  0.04
7500  13092.6  0.04
7700  13302.9  0.04
7900  20939.5  0.06
8100  21343.6  0.06
8300  21730.5  0.06
8500  62483.4  0.16
8700  63469.5  0.16
8900  65087.5  0.16
9100  57449.3  0.14
9300  58438.2  0.14
9500  59729.9  0.14
9700  82087.5  0.18
9900  83647.2  0.18
10100  85115  0.18
10300  63047.6  0.14
10500  96509.3  0.2
10700  132746  0.26
10900  135439  0.26
11100  126541  0.24
11300  128765  0.24
11500  51240.6  0.1
11700  71389.1  0.14
11900  72577.4  0.14
12100  72595.3  0.12
12300  73783.7  0.12
12500  76174.7  0.14
12700  90069.4  0.16
12900  30924.8  0.06
13100  18125.2  0.04
13300  18322.3  0.04
13500  18519.4  0.04
13700  18716.6  0.04
13900  18913.7  0.04
14100  19110.8  0.04
14300  19308  0.04
14500  19524.8  0.04
14700  19721.9  0.04
14900  19919.1  0.04
15100  20116.2  0.04
15300  20313.3  0.04
15500  20510.4  0.04
15700  20707.6  0.04
15900  20924.4  0.04
16100  21121.5  0.04
16300  21318.7  0.04
16500  21634  0.04
16700  21831.1  0.04
16900  22028.3  0.04
17100  22225.4  0.04
17300  22442.2  0.04
17500  22639.4  0.04
17700  22836.5  0.04
17900  23033.6  0.04
18100  23230.7  0.04
18300  23427.9  0.04
18500  23625  0.04
18700  23841.8  0.04
18900  24039  0.04
19100  24236.1  0.04
19300  24433.2  0.04
19500  24630.4  0.04
19700  24827.5  0.04
19900  25024.6  0.04
20100  25241.5  0.04
20300  25438.6  0.04
20500  25635.7  0.04
20700  25832.8  0.04
20900  26030  0.04
21100  26227.1  0.04
21300  26443.9  0.04
21500  26641.1  0.04
21700  26838.2  0.04
21900  27035.3  0.04
22100  27232.5  0.04
22300  27429.6  0.04
22500  27626.7  0.04
22700  27843.6  0.04
22900  28040.7  0.04
23100  28237.8  0.04
23300  141009  0.14
23500  142239  0.14
23700  143263  0.14
23900  126424  0.12
24100  146849  0.14
24300  147628  0.14
24500  174293  0.16
24700  175574  0.16
24900  133109  0.12
25100  133903  0.12
25300  134995  0.12
25500  136132  0.12
25700  136926  0.12
25900  138018  0.12
26100  139030  0.12
26300  139859  0.12
26500  140915  0.12
26700  142033  0.12
26900  143134  0.12
27100  143938  0.12
27300  145055  0.12
27500  146137  0.12
27700  146897  0.12
27900  147953  0.12
28100  149070  0.12
28300  149868  0.12
28500  114003  0.08
28700  114818  0.08
28900  115628  0.08
29100  116362  0.08
29300  116907  0.08
29500  117520  0.08
29700  118154  0.08
29900  118741  0.08
30100  119355  0.08
30300  119969  0.08
30500  120556  0.08
30700  121170  0.08
30900  121734  0.08
31100  122322  0.08
31300  91646.9  0.06
31500  92052  0.06
31700  92431.1  0.06
31900  92836.2  0.06
32100  93241.3  0.06
32300  93666.1  0.06
32500  94045.2  0.06
32700  94450.3  0.06
32900  94855.3  0.06
33100  95234.4  0.06
33300  95639.5  0.06
33500  96044.6  0.06
33700  96443.4  0.06
33900  96848.5  0.06
34100  97253.6  0.06
34300  97632.7  0.06
34500  98037.8  0.06
34700  98442.9  0.06
34900  98848  0.06
35100  99246.8  0.06
35300  99651.9  0.06
35500  100057  0.06
35700  100436  0.06
35900  100841  0.06
36100  101246  0.06
36300  101625  0.06
36500  102050  0.06
36700  102455  0.06
36900  102834  0.06
37100  103239  0.06
37300  103645  0.06
37500  104050  0.06
37700  104429  0.06
37900  104854  0.06
38100  155317  0.1
38300  155896  0.1
38500  156834  0.1
38700  157440  0.1
38900  158352  0.1
39100  159273  0.1
39300  159898  0.1
39500  160836  0.1
39700  161415  0.1
39900  162353  0.1
40100  163291  0.1
40300  163870  0.1
40500  164808  0.1
40700  165433  0.1
40900  166345  0.1
41100  126061  0.08
41300  126667  0.08
41500  127246  0.08
41700  133588  0.08
41900  134309  0.08
42100  134686  0.08
42300  135387  0.08
42500  136052  0.08
42700  136466  0.08
42900  137131  0.08
43100  137832  0.08
43300  138552  0.08
43500  138930  0.08
43700  139631  0.08
43900  140296  0.08
44100  140709  0.08
44300  141374  0.08
44500  142075  0.08
44700  142472  0.08
44900  143173  0.08
45100  143831  0.08
45300  144235  0.08
45500  144926  0.08
45700  145583  0.08
45900  146273  0.08
46100  146663  0.08
46300  147354  0.08
46500  148010  0.08
46700  148415  0.08
46900  149071  0.08
47100  149762  0.08
47300  150167  0.08
47500  150843  0.08
47700  151534  0.08
47900  152190  0.08
48100  152595  0.08
48300  153251  0.08
48500  153942  0.08
48700  154312  0.08
48900  155022  0.08
49100  155679  0.08
49300  156083  0.08
49500  156774  0.08
49700  157430  0.08
49900  157835  0.08
50100  158491  0.08
50300  159202  0.08
50500  159858  0.08
50700  156777  0.08
50900  157442  0.08
51100  158143  0.08
51300  158557  0.08
51500  159241  0.08
51700  159941  0.08
51900  160314  0.08
52100  161009  0.08
52300  161669  0.08
52500  162077  0.08
52700  71944.8  0.04
52900  72161.7  0.04
53100  72358.8  0.04
53300  72555.9  0.04
53500  72753.1  0.04
53700  72950.2  0.04
53900  73147.3  0.04
54100  73344.4  0.04
54300  73561.3  0.04
54500  73758.4  0.04
54700  73955.5  0.04
54900  74152.7  0.04
55100  74349.8  0.04
55300  74546.9  0.04
55500  74744.1  0.04
55700  74960.9  0.04
55900  75158  0.04
56100  75355.2  0.04
56300  75552.3  0.04
56500  75749.4  0.04
56700  75946.5  0.04
56900  76143.7  0.04
57100  76360.5  0.04
57300  76557.6  0.04
57500  76754.8  0.04
57700  76951.9  0.04
57900  77149  0.04
58100  77346.2  0.04
58300  77543.3  0.04
58500  77760.1  0.04
58700  77957.3  0.04
58900  68983.5  0.04
59100  69180.6  0.04
59300  69377.7  0.04
59500  69574.9  0.04
59700  69772  0.04
59900  69988.8  0.04
60100  70186  0.04
60300  70383.1  0.04
60500  70580.2  0.04
60700  70777.3  0.04
60900  70974.5  0.04
61100  71171.6  0.04
61300  71388.4  0.04
61500  152111  0.06
61700  152308  0.06
61900  152793  0.06
62100  153278  0.06
62300  153762  0.06
62500  153979  0.06
62700  154464  0.06
62900  154949  0.06
63100  155146  0.06
63300  92342.6  0.04
63500  92539.7  0.04
63700  92736.8  0.04
63900  92953.7  0.04
64100  93150.8  0.04
64300  93347.9  0.04
64500  93545  0.04
64700  93742.2  0.04
64900  93939.3  0.04
65100  94136.4  0.04
65300  94353.3  0.04
65500  94550.4  0.04
65700  94747.5  0.04
65900  94944.7  0.04
66100  95141.8  0.04
66300  95338.9  0.04
66500  95536  0.04
66700  95752.9  0.04
66900  95950  0.04
67100  96147.1  0.04
67300  96344.3  0.04
67500  96541.4  0.04
67700  96738.5  0.04
67900  96935.7  0.04
68100  97152.5  0.04
68300  97349.6  0.04
68500  97546.8  0.04
68700  97743.9  0.04
68900  97941  0.04
69100  98138.1  0.04
69300  98335.3  0.04
69500  98552.1  0.04
69700  98749.2  0.04
69900  98946.4  0.04
70100  99143.5  0.04
70300  99340.6  0.04
70500  162119  0.06
70700  162516  0.06
70900  162933  0.06
71100  163331  0.06
71300  163728  0.06
71500  164125  0.06
71700  164523  0.06
71900  164920  0.06
72100  165337  0.06
72300  165735  0.06
72500  166116  0.06
72700  166513  0.06
72900  166910  0.06
73100  167308  0.06
73300  167705  0.06
73500  168122  0.06
73700  168520  0.06
73900  168917  0.06
74100  169315  0.06
74300  82785.2  0.04
74500  82982.3  0.04
74700  83179.5  0.04
74900  83396.3  0.04
75100  83593.4  0.04
75300  83790.6  0.04
75500  83987.7  0.04
75700  84184.8  0.04
75900  84381.9  0.04
76100  84579.1  0.04
76300  84795.9  0.04
76500  84993  0.04
76700  85190.2  0.04
76900  85387.3  0.04
77100  85584.4  0.04
77300  85781.6  0.04
77500  85978.7  0.04
77700  86195.5  0.04
77900  86392.7  0.04
78100  86589.8  0.04
78300  86786.9  0.04
78500  86984  0.04
78700  87181.2  0.04
78900  87378.3  0.04
79100  87595.1  0.04
79300  87792.3  0.04
79500  87989.4  0.04
79700  88186.5  0.04
79900  88383.7  0.04
80100  88580.8  0.04
80300  88777.9  0.04
80500  85248  0.04
80700  85445.1  0.04
80900  85642.3  0.04
81100  85839.4  0.04
81300  86036.5  0.04
81500  86233.7  0.04
81700  86430.8  0.04
81900  86647.6  0.04
82100  86844.8  0.04
82300  87041.9  0.04
82500  87239  0.04
82700  87436.1  0.04
82900  87633.3  0.04
83100  87850.1  0.04
83300  88047.2  0.04
83500  88244.4  0.04
83700  88441.5  0.04
83900  88638.6  0.04
84100  88835.8  0.04
84300  89032.9  0.04
84500  170764  0.06
84700  171148  0.06
84900  171570  0.06
85100  171954  0.06
85300  190599  0.06
85500  191020  0.06
85700  191405  0.06
85900  191808  0.06
86100  279421  0.08
86300  280040  0.08
86500  280581  0.08
86700  281238  0.08
86900  281779  0.08
87100  282398  0.08
87300  282996  0.08
87500  283616  0.08
87700  284273  0.08
87900  284813  0.08
88100  285433  0.08
88300  286011  0.08
88500  286631  0.08
88700  287191  0.08
88900  212372  0.06
89100  212766  0.06
89300  213159  0.06
89500  213553  0.06
89700  213947  0.06
89900  214340  0.06
90100  185330  0.06
90300  185743  0.06
90500  186157  0.06
90700  186571  0.06
90900  186984  0.06
91100  187398  0.06
91300  187811  0.06
91500  188245  0.06
91700  188658  0.06
91900  189072  0.06
92100  189485  0.06
92300  189682  0.06
92500  190096  0.06
92700  103285  0.04
92900  103482  0.04
93100  103679  0.04
93300  103877  0.04
93500  104074  0.04
93700  104271  0.04
93900  104468  0.04
94100  104685  0.04
94300  104882  0.04
94500  105079  0.04
94700  105276  0.04
94900  105473  0.04
95100  105670  0.04
95300  105868  0.04
95500  106084  0.04
95700  106282  0.04
95900  181357  0.04
96100  181554  0.04
96300  181752  0.04
96500  181949  0.04
96700  182146  0.04
96900  182363  0.04
97100  182560  0.04
97300  182757  0.04
97500  182954  0.04
97700  183151  0.04
97900  183348  0.04
98100  165048  0.04
98300  165264  0.04
98500  165462  0.04
98700  165659  0.04
98900  165856  0.04
99100  166053  0.04
99300  166250  0.04
99500  166447  0.04
99700  167955  0.04
99900  168152  0.04
100100  168349  0.04
100300  168546  0.04
100500  168743  0.04
100700  168940  0.04
100900  106073  0.04
101100  106290  0.04
101300  106487  0.04
101500  106684  0.04
101700  106881  0.04
101900  107078  0.04
102100  107275  0.04
102300  107472  0.04
102500  310156  0.08
102700  310797  0.08
102900  208668  0.06
103100  208865  0.06
103300  209393  0.06
103500  209591  0.06
103700  210139  0.06
103900  210668  0.06
104100  210865  0.06
104300  211394  0.06
104500  211591  0.06
104700  212120  0.06
104900  212648  0.06
105100  212865  0.06
105300  213394  0.06
105500  213591  0.06
105700  214120  0.06
105900  214649  0.06
106100  214846  0.06
106300  215374  0.06
106500  215591  0.06
106700  216120  0.06
106900  216649  0.06
107100  216846  0.06
107300  217375  0.06
107500  217572  0.06
107700  218101  0.06
107900  218649  0.06
108100  218846  0.06
108300  219375  0.06
108500  219572  0.06
108700  220101  0.06
108900  220630  0.06
109100  220827  0.06
109300  221375  0.06
109500  221572  0.06
109700  222101  0.06
109900  222630  0.06
110100  222827  0.06
110300  223356  0.06
110500  223553  0.06
110700  224101  0.06
110900  224630  0.06
111100  224827  0.06
111300  225356  0.06
111500  225553  0.06
111700  226082  0.06
111900  226611  0.06
112100  226827  0.06
112300  227356  0.06
112500  227553  0.06
112700  228082  0.06
112900  228611  0.06
113100  228808  0.06
113300  229356  0.06
113500  229554  0.06
113700  230082  0.06
113900  230611  0.06
114100  230808  0.06
114300  231337  0.06
114500  231534  0.06
114700  232083  0.06
114900  232611  0.06
115100  232808  0.06
115300  233337  0.06
115500  233534  0.06
115700  234063  0.06
115900  234592  0.06
116100  234809  0.06
116300  235338  0.06
116500  235535  0.06
116700  236063  0.06
116900  236592  0.06
117100  236789  0.06
117300  237318  0.06
117500  237535  0.06
117700  238064  0.06
117900  238592  0.06
118100  238790  0.06
118300  239318  0.06
118500  239515  0.06
118700  240044  0.06
118900  240593  0.06
119100  240790  0.06
119300  241319  0.06
119500  241516  0.06
119700  242044  0.06
119900  242573  0.06
120100  242770  0.06
120300  243319  0.06
120500  243516  0.06
120700  244045  0.06
120900  244573  0.06
121100  244771  0.06
121300  245299  0.06
121500  245496  0.06
121700  246045  0.06
121900  246574  0.06
122100  246771  0.06
122300  247300  0.06
122500  247497  0.06
122700  125459  0.04
122900  125676  0.04
123100  125873  0.04
123300  126070  0.04
123500  126268  0.04
123700  126465  0.04
123900  126662  0.04
124100  126859  0.04
124300  127076  0.04
124500  127273  0.04
124700  127470  0.04
124900  127667  0.04
125100  127864  0.04
125300  128061  0.04
125500  128259  0.04
125700  128475  0.04
125900  128673  0.04
126100  128870  0.04
126300  129067  0.04
126500  129264  0.04
126700  129461  0.04
126900  129658  0.04
127100  129875  0.04
127300  130072  0.04
127500  147585  0.04
127700  147782  0.04
127900  147979  0.04
128100  148176  0.04
128300  148374  0.04
128500  148590  0.04
128700  148788  0.04
128900  148985  0.04
129100  149182  0.04
129300  149379  0.04
129500  149576  0.04
129700  149773  0.04
129900  149990  0.04
130100  150187  0.04
130300  150384  0.04
130500  150581  0.04
130700  150779  0.04
130900  150976  0.04
131100  151173  0.04
131300  151390  0.04
131500  151587  0.04
131700  151784  0.04
131900  151981  0.04
132100  152178  0.04
132300  134047  0.04
132500  134245  0.04
132700  134461  0.04
132900  134659  0.04
133100  134856  0.04
133300  135053  0.04
133500  135250  0.04
133700  135447  0.04
133900  153925  0.04
134100  154122  0.04
134300  303164  0.06
134500  303597  0.06
134700  303951  0.06
134900  304383  0.06
135100  304737  0.06
135300  305189  0.06
135500  305543  0.06
135700  305975  0.06
135900  306329  0.06
136100  306761  0.06
136300  307115  0.06
136500  307548  0.06
136700  175697  0.04
136900  175894  0.04
137100  176091  0.04
137300  176288  0.04
137500  176485  0.04
137700  176683  0.04
137900  176880  0.04
138100  177097  0.04
138300  177294  0.04
138500  177491  0.04
138700  177688  0.04
138900  177885  0.04
139100  178082  0.04
139300  178279  0.04
139500  178496  0.04
139700  178693  0.04
139900  178890  0.04
140100  179088  0.04
140300  179285  0.04
140500  179482  0.04
140700  179679  0.04
140900  179896  0.04
141100  180093  0.04
141300  180290  0.04
141500  154317  0.04
141700  154514  0.04
141900  154712  0.04
142100  154909  0.04
142300  155126  0.04
142500  155323  0.04
142700  155520  0.04
142900  155717  0.04
143100  155914  0.04
143300  156111  0.04
143500  156328  0.04
143700  156525  0.04
143900  156722  0.04
144100  156919  0.04
144300  157117  0.04
144500  157314  0.04
144700  157511  0.04
144900  157728  0.04
145100  157925  0.04
145300  158122  0.04
145500  158319  0.04
145700  158516  0.04
145900  158713  0.04
146100  158910  0.04
146300  159127  0.04
146500  159324  0.04
146700  159522  0.04
146900  159719  0.04
147100  149765  0.04
147300  149962  0.04
147500  150160  0.04
147700  162579  0.04
147900  162777  0.04
148100  162974  0.04
148300  163171  0.04
148500  163368  0.04
148700  163565  0.04
148900  313419  0.06
149100  313755  0.06
149300  314189  0.06
149500  314506  0.06
149700  314941  0.06
149900  315257  0.06
