100  4224.11  0.98
300  10558.5  0.7
500  16608.5  0.64
700  19969  0.58
900  21627.1  0.48
1100  21747.1  0.4
1300  29701.3  0.46
1500  28709  0.38
1700  32114.7  0.38
1900  27178.9  0.3
2100  27673.2  0.28
2300  25904.7  0.24
2500  34161.7  0.28
2700  25747.5  0.2
2900  21298.2  0.16
3100  18735.8  0.12
3300  36802.1  0.24
3500  39481.9  0.24
3700  30588.1  0.18
3900  28208.8  0.16
4100  29622.4  0.16
4300  26685.4  0.14
4500  23464.3  0.12
4700  24588.6  0.12
4900  22958.6  0.1
5100  33830.7  0.14
5300  44800  0.18
5500  46368.1  0.18
5700  48289.7  0.18
5900  38459.4  0.14
6100  39850.6  0.14
6300  63394.4  0.22
6500  65215.8  0.22
6700  54139.4  0.18
6900  44783.4  0.14
7100  39022.3  0.12
7300  40152.8  0.12
7500  40966.4  0.12
7700  42079.3  0.12
7900  42886.1  0.12
8100  92242.5  0.24
8300  94831.2  0.24
8500  96819.5  0.24
8700  98846.8  0.24
8900  92181.2  0.22
9100  73515.3  0.18
9300  65624  0.16
9500  66939.7  0.16
9700  68366.7  0.16
9900  72737.3  0.16
10100  74134.8  0.16
10300  65095.4  0.14
10500  66148.4  0.14
10700  67679.3  0.14
10900  65414.1  0.12
11100  66615  0.12
11300  67623  0.12
11500  68954.3  0.12
11700  69814.6  0.12
11900  70673  0.12
12100  71680.4  0.12
12300  60593.5  0.1
12500  34379.6  0.06
12700  34574.9  0.06
12900  35100.6  0.06
13100  35302.6  0.06
13300  35821.7  0.06
13500  36347.5  0.06
13700  36549.5  0.06
13900  37068.5  0.06
14100  37594.3  0.06
14300  37796.3  0.06
14500  38322.1  0.06
14700  38517.4  0.06
14900  39043.1  0.06
15100  39568.9  0.06
15300  39764.2  0.06
15500  40290  0.06
15700  40492  0.06
15900  41011  0.06
16100  41536.8  0.06
16300  41338.3  0.06
16500  41864.1  0.06
16700  42383.1  0.06
16900  42585.1  0.06
17100  43110.9  0.06
17300  43306.2  0.06
17500  43832  0.06
17700  44357.7  0.06
17900  44559.7  0.06
18100  45078.8  0.06
18300  50031.6  0.06
18500  50233.6  0.06
18700  50752.6  0.06
18900  50954.6  0.06
19100  51480.4  0.06
19300  53956.6  0.06
19500  54158.6  0.06
19700  54684.4  0.06
19900  89062.3  0.1
20100  89780.8  0.1
20300  90795.2  0.1
20500  91493  0.1
20700  71675.5  0.08
20900  72400.6  0.08
21100  72802  0.08
21300  73527.2  0.08
21500  73921.9  0.08
21700  74647.1  0.08
21900  75372.3  0.08
22100  75766.9  0.08
22300  70446.8  0.08
22500  70845.5  0.08
22700  71561.2  0.08
22900  72283.7  0.08
23100  171163  0.16
23300  172932  0.16
23500  173840  0.16
23700  105881  0.1
23900  106867  0.1
24100  107663  0.1
24300  108330  0.1
24500  109457  0.1
24700  109793  0.1
24900  110920  0.1
25100  111905  0.1
25300  112248  0.1
25500  113369  0.1
25700  88360.1  0.08
25900  88885.8  0.08
26100  89723.8  0.08
26300  89925.8  0.08
26500  90770.5  0.08
26700  91291.3  0.08
26900  91810.4  0.08
27100  65549.5  0.06
27300  65751.5  0.06
27500  66270.6  0.06
27700  66796.4  0.06
27900  66998.3  0.06
28100  67517.4  0.06
28300  67719.4  0.06
28500  68245.2  0.06
28700  127096  0.1
28900  127801  0.1
29100  61749  0.06
29300  61951  0.06
29500  62470.1  0.06
29700  62995.9  0.06
29900  188611  0.14
30100  190183  0.14
30300  191500  0.14
30500  192459  0.14
30700  193762  0.14
30900  194708  0.14
31100  94222.5  0.08
31300  94942.7  0.08
31500  95343.7  0.08
31700  67044.4  0.06
31900  67570.2  0.06
32100  67772.2  0.06
32300  171097  0.12
32500  171863  0.12
32700  77667.7  0.06
32900  78186.8  0.06
33100  78388.8  0.06
33300  109517  0.08
33500  143532  0.1
33700  144347  0.1
33900  145142  0.1
34100  145902  0.1
34300  146979  0.1
34500  147504  0.1
34700  148264  0.1
34900  149341  0.1
35100  149812  0.1
35300  150627  0.1
35500  151711  0.1
35700  152174  0.1
35900  153258  0.1
36100  153749  0.1
36300  154826  0.1
36500  155621  0.1
36700  156381  0.1
36900  157189  0.1
37100  157983  0.1
37300  158743  0.1
37500  159827  0.1
37700  160022  0.1
37900  161106  0.1
38100  162189  0.1
38300  162653  0.1
38500  163468  0.1
38700  164552  0.1
38900  165016  0.1
39100  166100  0.1
39300  166591  0.1
39500  167674  0.1
39700  168462  0.1
39900  169222  0.1
40100  130010  0.08
40300  130205  0.08
40500  131020  0.08
40700  131835  0.08
40900  132037  0.08
41100  132846  0.08
41300  133661  0.08
41500  133863  0.08
41700  93020.3  0.06
41900  93222.3  0.06
42100  93748.1  0.06
42300  94267.2  0.06
42500  94469.2  0.06
42700  94995  0.06
42900  95196.9  0.06
43100  95716  0.06
43300  96241.8  0.06
43500  174368  0.1
43700  175375  0.1
43900  176166  0.1
44100  91538.2  0.06
44300  92064  0.06
44500  92259.2  0.06
44700  92785  0.06
44900  180039  0.1
45100  180764  0.1
45300  181848  0.1
45500  182566  0.1
45700  183292  0.1
45900  184036  0.1
46100  184769  0.1
46300  185825  0.1
46500  186536  0.1
46700  140955  0.08
46900  141655  0.08
47100  142113  0.08
47300  142814  0.08
47500  143514  0.08
47700  143972  0.08
47900  144673  0.08
48100  145373  0.08
48300  145750  0.08
48500  100296  0.06
48700  98544.2  0.06
48900  99070  0.06
49100  100020  0.06
49300  100222  0.06
49500  100748  0.06
49700  100178  0.06
49900  100697  0.06
50100  101223  0.06
50300  101425  0.06
50500  101944  0.06
50700  102470  0.06
50900  102672  0.06
51100  103191  0.06
51300  103393  0.06
51500  103919  0.06
51700  104445  0.06
51900  104640  0.06
52100  105166  0.06
52300  105692  0.06
52500  105887  0.06
52700  106413  0.06
52900  106615  0.06
53100  107140  0.06
53300  107659  0.06
53500  107861  0.06
53700  108387  0.06
53900  108582  0.06
54100  109108  0.06
54300  109634  0.06
54500  116395  0.06
54700  222022  0.1
54900  223129  0.1
55100  223831  0.1
55300  224592  0.1
55500  225294  0.1
55700  225981  0.1
55900  227081  0.1
56100  227784  0.1
56300  228551  0.1
56500  229247  0.1
56700  230015  0.1
56900  231041  0.1
57100  231485  0.1
57300  117191  0.06
57500  173239  0.08
57700  173441  0.08
57900  174299  0.08
58100  174501  0.08
58300  117069  0.06
58500  117595  0.06
58700  117790  0.06
58900  118316  0.06
59100  118842  0.06
59300  119096  0.06
59500  119622  0.06
59700  119824  0.06
59900  120343  0.06
60100  120869  0.06
60300  121071  0.06
60500  127263  0.06
60700  124581  0.06
60900  125106  0.06
61100  125632  0.06
61300  125828  0.06
61500  126353  0.06
61700  126879  0.06
61900  127074  0.06
62100  127600  0.06
62300  127802  0.06
62500  128328  0.06
62700  128847  0.06
62900  129049  0.06
63100  129575  0.06
63300  129770  0.06
63500  130296  0.06
63700  130822  0.06
63900  127692  0.04
64100  128211  0.04
64300  128737  0.04
64500  128939  0.04
64700  129458  0.04
64900  129660  0.04
65100  130078  0.04
65300  130401  0.04
65500  130401  0.04
65700  130725  0.04
65900  131049  0.04
66100  131049  0.04
66300  131373  0.04
66500  131373  0.04
66700  131697  0.04
66900  132020  0.04
67100  132020  0.04
67300  132344  0.04
67500  132344  0.04
67700  132668  0.04
67900  132992  0.04
68100  132992  0.04
68300  133316  0.04
68500  133639  0.04
68700  133639  0.04
68900  133963  0.04
69100  133963  0.04
69300  134287  0.04
69500  134611  0.04
69700  134611  0.04
69900  134935  0.04
70100  134935  0.04
70300  135258  0.04
70500  135582  0.04
70700  135582  0.04
70900  135906  0.04
71100  136230  0.04
71300  136230  0.04
71500  136554  0.04
71700  136554  0.04
71900  136877  0.04
72100  137201  0.04
72300  137201  0.04
72500  137525  0.04
72700  137849  0.04
72900  137849  0.04
73100  138173  0.04
73300  138173  0.04
73500  138496  0.04
73700  138820  0.04
73900  138820  0.04
74100  139144  0.04
74300  139144  0.04
74500  139468  0.04
74700  139792  0.04
74900  139792  0.04
75100  140115  0.04
75300  140439  0.04
75500  140439  0.04
75700  140763  0.04
75900  140763  0.04
76100  141087  0.04
76300  141411  0.04
76500  141411  0.04
76700  141734  0.04
76900  141734  0.04
77100  142058  0.04
77300  142382  0.04
77500  142382  0.04
77700  142706  0.04
77900  143030  0.04
78100  143030  0.04
78300  143353  0.04
78500  143353  0.04
78700  143677  0.04
78900  144001  0.04
79100  144001  0.04
79300  144325  0.04
79500  144649  0.04
79700  144649  0.04
79900  144972  0.04
80100  144972  0.04
80300  145296  0.04
80500  145620  0.04
80700  145620  0.04
80900  145944  0.04
81100  145944  0.04
81300  146268  0.04
81500  146591  0.04
81700  146591  0.04
81900  146915  0.04
82100  147239  0.04
82300  147239  0.04
82500  147563  0.04
82700  147563  0.04
82900  147887  0.04
83100  148210  0.04
83300  148210  0.04
83500  148534  0.04
83700  148534  0.04
83900  148858  0.04
84100  149182  0.04
84300  149182  0.04
84500  149506  0.04
84700  149829  0.04
84900  149829  0.04
85100  150153  0.04
85300  150153  0.04
85500  150477  0.04
85700  150801  0.04
85900  150801  0.04
86100  151125  0.04
86300  151448  0.04
86500  151448  0.04
86700  151772  0.04
86900  151772  0.04
87100  152089  0.04
87300  152406  0.04
87500  152406  0.04
87700  152723  0.04
87900  152723  0.04
88100  153041  0.04
88300  153358  0.04
88500  153358  0.04
88700  153675  0.04
88900  153992  0.04
89100  153992  0.04
89300  154309  0.04
89500  154309  0.04
89700  154626  0.04
89900  154943  0.04
90100  154943  0.04
90300  155260  0.04
90500  155260  0.04
90700  155577  0.04
90900  155894  0.04
91100  155894  0.04
91300  156211  0.04
91500  156528  0.04
91700  156528  0.04
91900  156845  0.04
92100  156845  0.04
92300  157162  0.04
92500  157479  0.04
92700  157479  0.04
92900  157797  0.04
93100  158114  0.04
93300  158114  0.04
93500  158431  0.04
93700  158431  0.04
93900  158748  0.04
94100  159065  0.04
94300  159065  0.04
94500  159382  0.04
94700  159382  0.04
94900  159699  0.04
95100  160016  0.04
95300  160016  0.04
95500  160333  0.04
95700  160650  0.04
95900  160650  0.04
96100  160967  0.04
96300  160967  0.04
96500  161284  0.04
96700  161601  0.04
96900  161601  0.04
97100  161918  0.04
97300  161918  0.04
97500  162235  0.04
97700  162553  0.04
97900  162553  0.04
98100  162870  0.04
98300  163187  0.04
98500  163187  0.04
98700  163504  0.04
98900  163504  0.04
99100  163821  0.04
99300  164138  0.04
99500  164138  0.04
99700  164455  0.04
99900  164772  0.04
100100  164772  0.04
100300  165089  0.04
100500  165089  0.04
100700  165406  0.04
100900  165723  0.04
101100  165723  0.04
101300  166040  0.04
101500  166040  0.04
101700  166357  0.04
101900  166674  0.04
102100  166674  0.04
102300  166991  0.04
102500  167309  0.04
102700  167309  0.04
102900  167626  0.04
103100  167626  0.04
103300  167943  0.04
103500  168260  0.04
103700  168260  0.04
103900  168577  0.04
104100  168577  0.04
104300  168894  0.04
104500  169211  0.04
104700  169211  0.04
104900  169528  0.04
105100  169845  0.04
105300  169845  0.04
105500  170162  0.04
105700  170162  0.04
105900  170479  0.04
106100  170796  0.04
106300  170796  0.04
106500  171113  0.04
106700  171430  0.04
106900  171430  0.04
107100  171747  0.04
107300  171747  0.04
107500  172065  0.04
107700  172382  0.04
107900  172382  0.04
108100  172699  0.04
108300  172699  0.04
108500  173016  0.04
108700  173333  0.04
108900  173333  0.04
109100  173650  0.04
109300  173967  0.04
109500  173967  0.04
109700  174284  0.04
109900  174284  0.04
110100  174601  0.04
110300  174918  0.04
110500  174918  0.04
110700  175235  0.04
110900  175235  0.04
111100  175552  0.04
111300  175869  0.04
111500  175869  0.04
111700  176186  0.04
111900  176503  0.04
112100  176503  0.04
112300  176821  0.04
112500  176821  0.04
112700  177138  0.04
112900  177455  0.04
113100  177455  0.04
113300  177772  0.04
113500  178089  0.04
113700  178089  0.04
113900  178406  0.04
114100  178406  0.04
114300  178723  0.04
114500  179040  0.04
114700  179040  0.04
114900  179357  0.04
115100  179357  0.04
115300  179674  0.04
115500  179991  0.04
115700  179991  0.04
115900  180308  0.04
116100  180625  0.04
116300  180625  0.04
116500  180942  0.04
116700  180942  0.04
116900  181259  0.04
117100  181577  0.04
117300  181577  0.04
117500  181894  0.04
117700  181894  0.04
117900  182211  0.04
118100  182528  0.04
118300  182528  0.04
118500  182845  0.04
118700  183162  0.04
118900  183162  0.04
119100  183479  0.04
119300  183479  0.04
119500  183796  0.04
119700  184113  0.04
119900  184113  0.04
120100  184430  0.04
120300  184747  0.04
120500  184747  0.04
120700  185064  0.04
120900  185064  0.04
121100  185381  0.04
121300  185698  0.04
121500  185698  0.04
121700  186015  0.04
121900  186015  0.04
122100  186333  0.04
122300  186650  0.04
122500  186650  0.04
122700  186967  0.04
122900  187284  0.04
123100  187284  0.04
123300  187601  0.04
123500  187601  0.04
123700  187918  0.04
123900  188235  0.04
124100  188235  0.04
124300  188552  0.04
124500  188552  0.04
124700  188869  0.04
124900  189186  0.04
125100  189186  0.04
125300  189503  0.04
125500  189820  0.04
125700  189820  0.04
125900  190137  0.04
126100  190137  0.04
126300  190454  0.04
126500  190771  0.04
126700  190771  0.04
126900  191089  0.04
127100  191406  0.04
127300  191406  0.04
127500  191723  0.04
127700  191723  0.04
127900  192040  0.04
128100  192357  0.04
128300  192357  0.04
128500  187409  0.04
128700  187409  0.04
128900  187733  0.04
129100  188056  0.04
129300  188056  0.04
129500  188380  0.04
129700  188704  0.04
129900  188704  0.04
130100  189028  0.04
130300  189028  0.04
130500  189352  0.04
130700  189675  0.04
130900  189675  0.04
131100  189999  0.04
131300  189999  0.04
131500  190323  0.04
131700  190647  0.04
131900  190647  0.04
132100  190971  0.04
132300  191294  0.04
132500  191294  0.04
132700  191618  0.04
132900  191618  0.04
133100  191942  0.04
133300  192266  0.04
133500  192266  0.04
133700  192590  0.04
133900  192913  0.04
134100  192913  0.04
134300  193237  0.04
134500  193237  0.04
134700  193561  0.04
134900  193885  0.04
135100  193885  0.04
135300  194209  0.04
135500  194209  0.04
135700  194532  0.04
135900  194856  0.04
136100  194856  0.04
136300  195180  0.04
136500  195504  0.04
136700  195504  0.04
136900  154158  0.04
137100  154158  0.04
137300  154482  0.04
137500  154806  0.04
137700  154806  0.04
137900  155130  0.04
138100  155130  0.04
138300  155453  0.04
138500  155777  0.04
138700  155777  0.04
138900  156101  0.04
139100  156425  0.04
139300  156425  0.04
139500  156749  0.04
139700  156749  0.04
139900  157072  0.04
140100  157396  0.04
140300  157396  0.04
140500  157720  0.04
140700  158044  0.04
140900  158044  0.04
141100  158368  0.04
141300  158368  0.04
141500  158691  0.04
141700  159015  0.04
141900  159015  0.04
142100  159339  0.04
142300  159339  0.04
142500  159663  0.04
142700  159987  0.04
142900  159987  0.04
143100  160310  0.04
143300  160634  0.04
143500  160634  0.04
143700  160958  0.04
143900  160958  0.04
144100  161282  0.04
144300  161606  0.04
144500  161606  0.04
144700  161929  0.04
144900  161929  0.04
145100  162253  0.04
145300  162577  0.04
145500  162577  0.04
145700  162901  0.04
145900  163225  0.04
146100  163225  0.04
146300  163548  0.04
146500  163548  0.04
146700  163872  0.04
146900  164196  0.04
147100  164196  0.04
147300  164520  0.04
147500  164844  0.04
147700  164844  0.04
147900  165167  0.04
148100  165167  0.04
148300  165491  0.04
148500  165815  0.04
148700  165815  0.04
148900  166139  0.04
149100  166139  0.04
149300  166463  0.04
149500  166786  0.04
149700  166786  0.04
149900  167110  0.04
