100  4786.96  0.98
300  11004.2  0.72
500  16469.9  0.66
700  19654.3  0.56
900  20454.2  0.46
1100  24804.7  0.46
1300  26678.6  0.42
1500  27575.3  0.38
1700  27724.1  0.34
1900  27126.7  0.3
2100  25253.9  0.24
2300  39530.7  0.36
2500  50624.2  0.42
2700  49181.8  0.38
2900  55906.1  0.4
3100  34770.8  0.24
3300  36842.3  0.24
3500  32156.6  0.2
3700  33853.9  0.2
3900  37862.1  0.2
4100  33380.7  0.18
4300  25345.1  0.12
4500  32131.3  0.16
4700  33047.6  0.14
4900  34137.7  0.14
5100  25183.2  0.1
5300  20682.4  0.08
5500  21409.4  0.08
5700  16025.2  0.06
5900  16426.2  0.06
6100  16827.1  0.06
6300  17228  0.06
6500  24124.7  0.08
6700  24727.1  0.08
6900  25333.6  0.08
7100  25924.4  0.08
7300  26522.9  0.08
7500  34769.1  0.1
7700  35568.8  0.1
7900  36365.8  0.1
8100  37172  0.1
8300  37992.4  0.1
8500  38783.8  0.1
8700  39572.5  0.1
8900  40361.2  0.1
9100  68470.9  0.16
9300  52156.9  0.12
9500  52094.9  0.12
9700  34768  0.08
9900  35374.4  0.08
10100  55323.4  0.12
10300  56563.9  0.12
10500  57306.5  0.12
10700  58474.3  0.12
10900  48320.1  0.1
11100  49276.5  0.1
11300  38797.5  0.08
11500  81003.7  0.16
11700  61212.7  0.12
11900  51897.6  0.1
12100  40973.8  0.08
12300  41502.6  0.08
12500  42093  0.08
12700  42683.5  0.08
12900  43273.9  0.08
13100  43860.5  0.08
13300  44450.9  0.08
13500  45041.3  0.08
13700  45663.5  0.08
13900  46254  0.08
14100  46848.3  0.08
14300  47438.7  0.08
14500  48029.1  0.08
14700  48619.6  0.08
14900  49210  0.08
15100  49796.6  0.08
15300  50387  0.08
15500  50977.5  0.08
15700  51567.9  0.08
15900  52162.2  0.08
16100  36986.9  0.06
16300  37386.9  0.06
16500  37632.9  0.06
16700  38032.5  0.06
16900  58053.9  0.08
17100  58179.3  0.08
17300  37312.3  0.06
17500  37711.9  0.06
17700  53619.4  0.08
17900  36345.1  0.06
18100  36744.7  0.06
18300  37147  0.06
18500  37546.6  0.06
18700  37948.9  0.06
18900  38348.5  0.06
19100  38197.7  0.04
19300  38597.3  0.04
19500  38978.1  0.04
19700  39178.9  0.04
19900  39379.6  0.04
20100  39580.4  0.04
20300  39781.2  0.04
20500  39982  0.04
20700  66749.1  0.08
20900  67322.2  0.08
21100  67930.6  0.08
21300  68546.8  0.08
21500  88720.4  0.1
21700  67833.4  0.08
21900  68397.2  0.08
22100  69015.2  0.08
22300  69629.3  0.08
22500  70193  0.08
22700  70811.1  0.08
22900  71429.1  0.08
23100  27054.4  0.04
23300  27255.1  0.04
23500  27455.9  0.04
23700  27656.7  0.04
23900  27857.5  0.04
24100  33946.2  0.04
24300  34147  0.04
24500  34347.8  0.04
24700  34548.6  0.04
24900  37496.2  0.04
25100  37689.2  0.04
25300  37890  0.04
25500  38090.8  0.04
25700  38291.6  0.04
25900  38492.3  0.04
26100  38693.1  0.04
26300  38893.9  0.04
26500  39094.7  0.04
26700  39295.4  0.04
26900  39496.2  0.04
27100  39689.3  0.04
27300  39890  0.04
27500  40090.8  0.04
27700  55397.2  0.04
27900  55801.9  0.04
28100  56002.6  0.04
28300  56203.4  0.04
28500  56404.2  0.04
28700  56605  0.04
28900  56805.7  0.04
29100  33723.2  0.04
29300  33924  0.04
29500  34124.7  0.04
29700  34325.5  0.04
29900  34526.3  0.04
30100  34727.1  0.04
30300  34927.8  0.04
30500  35128.6  0.04
30700  35329.4  0.04
30900  35530.2  0.04
31100  35723.2  0.04
31300  35924  0.04
31500  68660.8  0.06
31700  69075.8  0.06
31900  69490.9  0.06
32100  69905.9  0.06
32300  70213.8  0.06
32500  70628.9  0.06
32700  71043.9  0.06
32900  71459  0.06
33100  108911  0.08
33300  109509  0.08
33500  110132  0.08
33700  110730  0.08
33900  111329  0.08
34100  111927  0.08
34300  112525  0.08
34500  113124  0.08
34700  113722  0.08
34900  120948  0.08
35100  121529  0.08
35300  40961.6  0.04
35500  41162.4  0.04
35700  41363.2  0.04
35900  41563.9  0.04
36100  41764.7  0.04
36300  292821  0.18
36500  294780  0.18
36700  296220  0.18
36900  261039  0.16
37100  262472  0.16
37300  263703  0.16
37500  265187  0.16
37700  80152.6  0.06
37900  80710  0.06
38100  81267.5  0.06
38300  81468.3  0.06
38500  43413.1  0.04
38700  43613.9  0.04
38900  43814.7  0.04
39100  67304.1  0.04
39300  67504.9  0.04
39500  67705.7  0.04
39700  195605  0.1
39900  196435  0.1
40100  44762.2  0.04
40300  90215.3  0.06
40500  90614.9  0.06
40700  91014.5  0.06
40900  91414  0.06
41100  119911  0.06
41300  120311  0.06
41500  120710  0.06
41700  121110  0.06
41900  121510  0.06
42100  211042  0.12
42300  212302  0.12
42500  213076  0.12
42700  214220  0.12
42900  214951  0.12
43100  216246  0.12
43300  216977  0.12
43500  218121  0.12
43700  218895  0.12
43900  220155  0.12
44100  176969  0.1
44300  177743  0.1
44500  178474  0.1
44700  179407  0.1
44900  180182  0.1
45100  180905  0.1
45300  181679  0.1
45500  182613  0.1
45700  183344  0.1
45900  184118  0.1
46100  184849  0.1
46300  185783  0.1
46500  186590  0.1
46700  140646  0.08
46900  141261  0.08
47100  141868  0.08
47300  142440  0.08
47500  143055  0.08
47700  143669  0.08
47900  144241  0.08
48100  52886  0.04
48300  53086.8  0.04
48500  53287.6  0.04
48700  53488.4  0.04
48900  53689.1  0.04
49100  53882.2  0.04
49300  54083  0.04
49500  54283.7  0.04
49700  54484.5  0.04
49900  52018.9  0.04
50100  52219.7  0.04
50300  52420.5  0.04
50500  52621.2  0.04
50700  52822  0.04
50900  53022.8  0.04
51100  53215.8  0.04
51300  53416.6  0.04
51500  53617.4  0.04
51700  53818.2  0.04
51900  55764.1  0.04
52100  55964.9  0.04
52300  56165.7  0.04
52500  210479  0.1
52700  264199  0.12
52900  264921  0.12
53100  266048  0.12
53300  266973  0.12
53500  268159  0.12
53700  70700.3  0.04
53900  70901.1  0.04
54100  71101.9  0.04
54300  71302.6  0.04
54500  71503.4  0.04
54700  71704.2  0.04
54900  71905  0.04
55100  72098  0.04
55300  72298.8  0.04
55500  65124.7  0.04
55700  65325.5  0.04
55900  65526.2  0.04
56100  65727  0.04
56300  65927.8  0.04
56500  66128.6  0.04
56700  66329.3  0.04
56900  66530.1  0.04
57100  66723.2  0.04
57300  66923.9  0.04
57500  67124.7  0.04
57700  95397.9  0.04
57900  232149  0.1
58100  232884  0.1
58300  175461  0.08
58500  175993  0.08
58700  176569  0.08
58900  118362  0.06
59100  118727  0.06
59300  119143  0.06
59500  119559  0.06
59700  119932  0.06
59900  120349  0.06
60100  120765  0.06
60300  121138  0.06
60500  121554  0.06
60700  121425  0.04
60900  121798  0.04
61100  122206  0.04
61300  122579  0.04
61500  122995  0.04
61700  123411  0.04
61900  123784  0.04
62100  124200  0.04
62300  124616  0.04
62500  124989  0.04
62700  125406  0.04
62900  125814  0.04
63100  126187  0.04
63300  126603  0.04
63500  127019  0.04
63700  127392  0.04
63900  127808  0.04
64100  128181  0.04
64300  128597  0.04
64500  191567  0.06
64700  191953  0.06
64900  127446  0.04
65100  127646  0.04
65300  127847  0.04
65500  128048  0.04
65700  128249  0.04
65900  128450  0.04
66100  128650  0.04
66300  128851  0.04
66500  129052  0.04
66700  129253  0.04
66900  129446  0.04
67100  129646  0.04
67300  129847  0.04
67500  130048  0.04
67700  130249  0.04
67900  68547  0.04
68100  72731.5  0.04
68300  72932.3  0.04
68500  73133.1  0.04
68700  73333.8  0.04
68900  88839.8  0.04
69100  89040.6  0.04
69300  89241.3  0.04
69500  89442.1  0.04
69700  89642.9  0.04
69900  89843.6  0.04
70100  72814.9  0.04
70300  73015.7  0.04
70500  73216.5  0.04
70700  73417.2  0.04
70900  73610.3  0.04
71100  73811.1  0.04
71300  108114  0.04
71500  108315  0.04
71700  72244.6  0.04
71900  72445.4  0.04
72100  72646.2  0.04
72300  72847  0.04
72500  73047.7  0.04
72700  73248.5  0.04
72900  73441.6  0.04
73100  73642.3  0.04
73300  73843.1  0.04
73500  74043.9  0.04
73700  74244.6  0.04
73900  74445.4  0.04
74100  74646.2  0.04
74300  74847  0.04
74500  75047.7  0.04
74700  75248.5  0.04
74900  75441.6  0.04
75100  75642.3  0.04
75300  75297.8  0.02
75500  75498.5  0.02
75700  75699.3  0.02
75900  75900.1  0.02
76100  76100.9  0.02
76300  76301.6  0.02
76500  76502.4  0.02
76700  76618.2  0.02
76900  76618.2  0.02
77100  76618.2  0.02
77300  76618.2  0.02
77500  76618.2  0.02
77700  76618.2  0.02
77900  76618.2  0.02
78100  76618.2  0.02
78300  76618.2  0.02
78500  76618.2  0.02
78700  76618.2  0.02
78900  76618.2  0.02
79100  76618.2  0.02
79300  76618.2  0.02
79500  76618.2  0.02
79700  76618.2  0.02
79900  76618.2  0.02
80100  76618.2  0.02
80300  76618.2  0.02
80500  76618.2  0.02
80700  76618.2  0.02
80900  76618.2  0.02
81100  76618.2  0.02
81300  76618.2  0.02
81500  76618.2  0.02
81700  76618.2  0.02
81900  76618.2  0.02
82100  76618.2  0.02
82300  76618.2  0.02
82500  76618.2  0.02
82700  76618.2  0.02
82900  76618.2  0.02
83100  76618.2  0.02
83300  76618.2  0.02
83500  76618.2  0.02
83700  76618.2  0.02
83900  76618.2  0.02
84100  76618.2  0.02
84300  76618.2  0.02
84500  76618.2  0.02
84700  76618.2  0.02
84900  76618.2  0.02
85100  76618.2  0.02
85300  76618.2  0.02
85500  76618.2  0.02
85700  76618.2  0.02
85900  76618.2  0.02
86100  76618.2  0.02
86300  76618.2  0.02
86500  76618.2  0.02
86700  76618.2  0.02
86900  76618.2  0.02
87100  76618.2  0.02
87300  76618.2  0.02
87500  76618.2  0.02
87700  76618.2  0.02
87900  76618.2  0.02
88100  76618.2  0.02
88300  76618.2  0.02
88500  76618.2  0.02
88700  76618.2  0.02
88900  76618.2  0.02
89100  76618.2  0.02
89300  76618.2  0.02
89500  76618.2  0.02
89700  76618.2  0.02
89900  76618.2  0.02
90100  76618.2  0.02
90300  76618.2  0.02
90500  76618.2  0.02
90700  76618.2  0.02
90900  76618.2  0.02
91100  76618.2  0.02
91300  76618.2  0.02
91500  76618.2  0.02
91700  76618.2  0.02
91900  76618.2  0.02
92100  76618.2  0.02
92300  76618.2  0.02
92500  76618.2  0.02
92700  76618.2  0.02
92900  76618.2  0.02
93100  76618.2  0.02
93300  76618.2  0.02
93500  76618.2  0.02
93700  76618.2  0.02
93900  76618.2  0.02
94100  76618.2  0.02
94300  76618.2  0.02
94500  76618.2  0.02
94700  76618.2  0.02
94900  76618.2  0.02
95100  76618.2  0.02
95300  76618.2  0.02
95500  76618.2  0.02
95700  76618.2  0.02
95900  76618.2  0.02
96100  76618.2  0.02
96300  76618.2  0.02
96500  76618.2  0.02
96700  76618.2  0.02
96900  76618.2  0.02
97100  76618.2  0.02
97300  76618.2  0.02
97500  76618.2  0.02
97700  76618.2  0.02
97900  76618.2  0.02
98100  76618.2  0.02
98300  76618.2  0.02
98500  76618.2  0.02
98700  76618.2  0.02
98900  76618.2  0.02
99100  76618.2  0.02
99300  76618.2  0.02
99500  76618.2  0.02
99700  76618.2  0.02
99900  76618.2  0.02
100100  76618.2  0.02
100300  76618.2  0.02
100500  76618.2  0.02
100700  76618.2  0.02
100900  76618.2  0.02
101100  76618.2  0.02
101300  76618.2  0.02
101500  76618.2  0.02
101700  76618.2  0.02
101900  76618.2  0.02
102100  76618.2  0.02
102300  76618.2  0.02
102500  76618.2  0.02
102700  76618.2  0.02
102900  76618.2  0.02
103100  76618.2  0.02
103300  76618.2  0.02
103500  76618.2  0.02
103700  76618.2  0.02
103900  76618.2  0.02
104100  76618.2  0.02
104300  76618.2  0.02
104500  76618.2  0.02
104700  76618.2  0.02
104900  76618.2  0.02
105100  76618.2  0.02
105300  76618.2  0.02
105500  76618.2  0.02
105700  76618.2  0.02
105900  76618.2  0.02
106100  76618.2  0.02
106300  76618.2  0.02
106500  76618.2  0.02
106700  76618.2  0.02
106900  76618.2  0.02
107100  76618.2  0.02
107300  76618.2  0.02
107500  76618.2  0.02
107700  76618.2  0.02
107900  76618.2  0.02
108100  76618.2  0.02
108300  76618.2  0.02
108500  76618.2  0.02
108700  76618.2  0.02
108900  76618.2  0.02
109100  76618.2  0.02
109300  76618.2  0.02
109500  76618.2  0.02
109700  76618.2  0.02
109900  76618.2  0.02
110100  76618.2  0.02
110300  76618.2  0.02
110500  76618.2  0.02
110700  76618.2  0.02
110900  76618.2  0.02
111100  76618.2  0.02
111300  76618.2  0.02
111500  76618.2  0.02
111700  76618.2  0.02
111900  76618.2  0.02
112100  76618.2  0.02
112300  76618.2  0.02
112500  76618.2  0.02
112700  76618.2  0.02
112900  76618.2  0.02
113100  76618.2  0.02
113300  76618.2  0.02
113500  76618.2  0.02
113700  76618.2  0.02
113900  76618.2  0.02
114100  76618.2  0.02
114300  76618.2  0.02
114500  76618.2  0.02
114700  76618.2  0.02
114900  76618.2  0.02
115100  76618.2  0.02
115300  76618.2  0.02
115500  76618.2  0.02
115700  76618.2  0.02
115900  76618.2  0.02
116100  76618.2  0.02
116300  76618.2  0.02
116500  76618.2  0.02
116700  76618.2  0.02
116900  76618.2  0.02
117100  76618.2  0.02
117300  76618.2  0.02
117500  76618.2  0.02
117700  76618.2  0.02
117900  76618.2  0.02
118100  76618.2  0.02
118300  76618.2  0.02
118500  76618.2  0.02
118700  76618.2  0.02
118900  76618.2  0.02
119100  76618.2  0.02
119300  76618.2  0.02
119500  76618.2  0.02
119700  76618.2  0.02
119900  76618.2  0.02
120100  76618.2  0.02
120300  76618.2  0.02
120500  76618.2  0.02
120700  76618.2  0.02
120900  76618.2  0.02
121100  76618.2  0.02
121300  76618.2  0.02
121500  76618.2  0.02
121700  76618.2  0.02
121900  76618.2  0.02
122100  76618.2  0.02
122300  76618.2  0.02
122500  76618.2  0.02
122700  76618.2  0.02
122900  76618.2  0.02
123100  76618.2  0.02
123300  76618.2  0.02
123500  76618.2  0.02
123700  76618.2  0.02
123900  76618.2  0.02
124100  76618.2  0.02
124300  76618.2  0.02
124500  76618.2  0.02
124700  76618.2  0.02
124900  76618.2  0.02
125100  76618.2  0.02
125300  76618.2  0.02
125500  76618.2  0.02
125700  76618.2  0.02
125900  76618.2  0.02
126100  76618.2  0.02
126300  76618.2  0.02
126500  76618.2  0.02
126700  76618.2  0.02
126900  76618.2  0.02
127100  76618.2  0.02
127300  76618.2  0.02
127500  76618.2  0.02
127700  76618.2  0.02
127900  76618.2  0.02
128100  76618.2  0.02
128300  76618.2  0.02
128500  76618.2  0.02
128700  76618.2  0.02
128900  76618.2  0.02
129100  76618.2  0.02
129300  76618.2  0.02
129500  76618.2  0.02
129700  76618.2  0.02
129900  76618.2  0.02
130100  76618.2  0.02
130300  76618.2  0.02
130500  76618.2  0.02
130700  76618.2  0.02
130900  76618.2  0.02
131100  76618.2  0.02
131300  76618.2  0.02
131500  76618.2  0.02
131700  76618.2  0.02
131900  76618.2  0.02
132100  76618.2  0.02
132300  76618.2  0.02
132500  76618.2  0.02
132700  76618.2  0.02
132900  76618.2  0.02
133100  76618.2  0.02
133300  76618.2  0.02
133500  76618.2  0.02
133700  76618.2  0.02
133900  76618.2  0.02
134100  76618.2  0.02
134300  76618.2  0.02
134500  76618.2  0.02
134700  76618.2  0.02
134900  76618.2  0.02
135100  76618.2  0.02
135300  76618.2  0.02
135500  76618.2  0.02
135700  76618.2  0.02
135900  76618.2  0.02
136100  76618.2  0.02
136300  76618.2  0.02
136500  76618.2  0.02
136700  76618.2  0.02
136900  76618.2  0.02
137100  76618.2  0.02
137300  76618.2  0.02
137500  76618.2  0.02
137700  76618.2  0.02
137900  76618.2  0.02
138100  76618.2  0.02
138300  76618.2  0.02
138500  76618.2  0.02
138700  76618.2  0.02
138900  76618.2  0.02
139100  76618.2  0.02
139300  76618.2  0.02
139500  76618.2  0.02
139700  76618.2  0.02
139900  76618.2  0.02
140100  76618.2  0.02
140300  76618.2  0.02
140500  76618.2  0.02
140700  76618.2  0.02
140900  76618.2  0.02
141100  76618.2  0.02
141300  76618.2  0.02
141500  76618.2  0.02
141700  76618.2  0.02
141900  76618.2  0.02
142100  76618.2  0.02
142300  76618.2  0.02
142500  76618.2  0.02
142700  76618.2  0.02
142900  76618.2  0.02
143100  76618.2  0.02
143300  76618.2  0.02
143500  76618.2  0.02
143700  76618.2  0.02
143900  76618.2  0.02
144100  76618.2  0.02
144300  76618.2  0.02
144500  76618.2  0.02
144700  76618.2  0.02
144900  76618.2  0.02
145100  76618.2  0.02
145300  76618.2  0.02
145500  76618.2  0.02
145700  76618.2  0.02
145900  76618.2  0.02
146100  76618.2  0.02
146300  76618.2  0.02
146500  76618.2  0.02
146700  76618.2  0.02
146900  76618.2  0.02
147100  76618.2  0.02
147300  76618.2  0.02
147500  76618.2  0.02
147700  76618.2  0.02
147900  76618.2  0.02
148100  76618.2  0.02
148300  76618.2  0.02
148500  76618.2  0.02
148700  76618.2  0.02
148900  76618.2  0.02
149100  76618.2  0.02
149300  76618.2  0.02
149500  76618.2  0.02
149700  76618.2  0.02
149900  76618.2  0.02
