100  4385.57  1
1100  26198.3  0.48
2100  35066.6  0.34
3100  25003.4  0.18
4100  28170.6  0.14
5100  41279  0.18
6100  24792.6  0.1
7100  20697.4  0.06
8100  22692.4  0.06
9100  40058.3  0.1
10100  66664.1  0.14
11100  39391.2  0.08
12100  51076.1  0.1
13100  58482.8  0.1
14100  68198.2  0.1
15100  94288.8  0.14
16100  75125.5  0.1
17100  78928.7  0.1
18100  32417.4  0.04
19100  33414.9  0.04
20100  46653.6  0.06
21100  48670.5  0.06
22100  50662.5  0.06
23100  52699.9  0.06
24100  97600.3  0.1
25100  70153.1  0.06
26100  72150.3  0.06
27100  50834.8  0.04
28100  51832.2  0.04
29100  52829.7  0.04
30100  96296.7  0.08
31100  104879  0.08
32100  99067.6  0.08
33100  134569  0.1
34100  138410  0.1
35100  142736  0.1
36100  144827  0.1
37100  148707  0.1
38100  122429  0.08
39100  125634  0.08
40100  128693  0.08
41100  131502  0.08
42100  134267  0.08
43100  137767  0.08
44100  140531  0.08
45100  143589  0.08
46100  146353  0.08
47100  149559  0.08
48100  152617  0.08
49100  155363  0.08
50100  158544  0.08
51100  159908  0.08
52100  162674  0.08
53100  165737  0.08
54100  62412.8  0.04
55100  63410.3  0.04
56100  62561.6  0.04
57100  63559.1  0.04
58100  64556.5  0.04
59100  65599.3  0.04
60100  66596.7  0.04
61100  67594.2  0.04
62100  68591.6  0.04
63100  69589.1  0.04
64100  70586.5  0.04
65100  71584  0.04
66100  72581.4  0.04
67100  73578.9  0.04
68100  74576.3  0.04
69100  75573.8  0.04
70100  76571.2  0.04
71100  77568.7  0.04
72100  89752.7  0.04
73100  90750.2  0.04
74100  91747.6  0.04
75100  92745.1  0.04
76100  93742.5  0.04
77100  94785.3  0.04
78100  95782.8  0.04
79100  96780.2  0.04
80100  97777.7  0.04
81100  98775.1  0.04
82100  99772.5  0.04
83100  100770  0.04
84100  101767  0.04
85100  102765  0.04
86100  103762  0.04
87100  104760  0.04
88100  105757  0.04
89100  106755  0.04
90100  107752  0.04
91100  108750  0.04
92100  109747  0.04
93100  110744  0.04
94100  111742  0.04
95100  112785  0.04
96100  453654  0.1
97100  457745  0.1
98100  461595  0.1
99100  299983  0.08
100100  303007  0.08
101100  305919  0.08
102100  308942  0.08
103100  317781  0.08
104100  320804  0.08
105100  323794  0.08
106100  326817  0.08
107100  329807  0.08
108100  332797  0.08
109100  396530  0.08
110100  399443  0.08
111100  402466  0.08
112100  405501  0.08
113100  408525  0.08
114100  411514  0.08
115100  414538  0.08
116100  417527  0.08
117100  420551  0.08
118100  423540  0.08
119100  426486  0.08
120100  429476  0.08
121100  143551  0.04
122100  144549  0.04
123100  145546  0.04
124100  146544  0.04
125100  147541  0.04
126100  148538  0.04
127100  149536  0.04
128100  150533  0.04
129100  151531  0.04
130100  152574  0.04
131100  153571  0.04
132100  154568  0.04
133100  155566  0.04
134100  156563  0.04
135100  157561  0.04
136100  194733  0.04
137100  195731  0.04
138100  196728  0.04
139100  197725  0.04
140100  198723  0.04
141100  219924  0.04
142100  220922  0.04
143100  221919  0.04
144100  222917  0.04
145100  223914  0.04
146100  303956  0.06
147100  305971  0.06
148100  307993  0.06
149100  310009  0.06
150100  311985  0.06
151100  314000  0.06
152100  525459  0.08
153100  308856  0.06
154100  310871  0.06
155100  312847  0.06
156100  320712  0.06
157100  322688  0.06
158100  324704  0.06
159100  387390  0.06
160100  389406  0.06
161100  391382  0.06
162100  335958  0.06
163100  337953  0.06
164100  339948  0.06
165100  341943  0.06
166100  344029  0.06
167100  346023  0.06
168100  573435  0.08
169100  340877  0.06
170100  342872  0.06
171100  204275  0.04
172100  205273  0.04
173100  206270  0.04
174100  207268  0.04
175100  208265  0.04
176100  209263  0.04
177100  210260  0.04
178100  211258  0.04
179100  212255  0.04
180100  213252  0.04
181100  214250  0.04
182100  215247  0.04
183100  216290  0.04
184100  217288  0.04
185100  205051  0.04
186100  206049  0.04
187100  207046  0.04
188100  208044  0.04
189100  209041  0.04
190100  210038  0.04
191100  211036  0.04
192100  212033  0.04
193100  213031  0.04
194100  214028  0.04
195100  295344  0.04
196100  296342  0.04
197100  297339  0.04
198100  298336  0.04
199100  299334  0.04
200100  300331  0.04
201100  301374  0.04
202100  302372  0.04
203100  303369  0.04
204100  304366  0.04
205100  236268  0.04
206100  237265  0.04
207100  483402  0.06
208100  485420  0.06
209100  487438  0.06
210100  489392  0.06
211100  491410  0.06
212100  493428  0.06
213100  290780  0.04
214100  291777  0.04
215100  292775  0.04
216100  293772  0.04
217100  294770  0.04
218100  295767  0.04
219100  296810  0.04
220100  297807  0.04
221100  226108  0.04
222100  227105  0.04
223100  228103  0.04
224100  229100  0.04
225100  230097  0.04
226100  680693  0.08
227100  683632  0.08
228100  686571  0.08
229100  689510  0.08
230100  303881  0.04
231100  304879  0.04
232100  294534  0.04
233100  295531  0.04
234100  296529  0.04
235100  297526  0.04
236100  661574  0.06
237100  474613  0.06
238100  476619  0.06
239100  478625  0.06
240100  480553  0.06
241100  482559  0.06
242100  484565  0.06
243100  486570  0.06
244100  488576  0.06
245100  490582  0.06
246100  492588  0.06
247100  494594  0.06
248100  496599  0.06
249100  498528  0.06
250100  500533  0.06
251100  502539  0.06
252100  504545  0.06
253100  506551  0.06
254100  508602  0.06
255100  510608  0.06
256100  512614  0.06
257100  514619  0.06
258100  516625  0.06
259100  518553  0.06
260100  520559  0.06
261100  522565  0.06
262100  524571  0.06
263100  526577  0.06
264100  528582  0.06
265100  530588  0.06
266100  532594  0.06
267100  534600  0.06
268100  536528  0.06
269100  538534  0.06
270100  540540  0.06
271100  542545  0.06
272100  544596  0.06
273100  546602  0.06
274100  548232  0.04
275100  550238  0.04
276100  552244  0.04
277100  554172  0.04
278100  556178  0.04
279100  558184  0.04
280100  560189  0.04
281100  562195  0.04
282100  285763  0.04
283100  286761  0.04
284100  287758  0.04
285100  288756  0.04
286100  289753  0.04
287100  290750  0.04
288100  291748  0.04
289100  292745  0.04
290100  293788  0.04
291100  294786  0.04
292100  295783  0.04
293100  552155  0.04
294100  553153  0.04
295100  554150  0.04
296100  555147  0.04
297100  556145  0.04
298100  557142  0.04
299100  558140  0.04
300100  559137  0.04
301100  560135  0.04
302100  561132  0.04
303100  562130  0.04
304100  563127  0.04
305100  547940  0.04
306100  548937  0.04
307100  549934  0.04
308100  314248  0.04
309100  987943  0.08
310100  991004  0.08
311100  994065  0.08
312100  996850  0.08
313100  999911  0.08
314100  1.00297e+06  0.08
315100  321188  0.04
316100  322186  0.04
317100  323183  0.04
318100  324180  0.04
319100  325178  0.04
320100  326175  0.04
321100  327173  0.04
322100  328170  0.04
323100  329168  0.04
324100  330165  0.04
325100  331163  0.04
326100  337908  0.04
327100  338905  0.04
328100  339903  0.04
329100  340900  0.04
330100  341898  0.04
331100  342895  0.04
332100  343893  0.04
333100  344890  0.04
334100  345887  0.04
335100  346885  0.04
336100  347882  0.04
337100  348880  0.04
338100  736950  0.06
339100  738773  0.06
340100  342736  0.04
341100  343733  0.04
342100  350580  0.04
343100  351622  0.04
344100  352620  0.04
345100  353617  0.04
346100  415325  0.04
347100  416322  0.04
348100  417320  0.04
349100  418317  0.04
350100  419315  0.04
351100  420312  0.04
352100  421310  0.04
353100  422307  0.04
354100  423305  0.04
355100  424302  0.04
356100  425299  0.04
357100  426297  0.04
358100  427294  0.04
359100  428292  0.04
360100  429289  0.04
361100  430332  0.04
362100  431329  0.04
363100  432327  0.04
364100  433324  0.04
365100  434322  0.04
366100  435319  0.04
367100  436317  0.04
368100  437314  0.04
369100  438312  0.04
370100  439309  0.04
371100  440307  0.04
372100  441304  0.04
373100  442301  0.04
374100  443299  0.04
375100  444296  0.04
376100  445294  0.04
377100  446291  0.04
378100  391696  0.04
379100  392739  0.04
380100  440788  0.04
381100  441785  0.04
382100  442783  0.04
383100  443780  0.04
384100  444778  0.04
385100  445775  0.04
386100  446773  0.04
387100  447770  0.04
388100  448768  0.04
389100  449765  0.04
390100  450762  0.04
391100  451760  0.04
392100  452757  0.04
393100  453755  0.04
394100  454752  0.04
395100  455750  0.04
396100  456747  0.04
397100  457790  0.04
398100  444994  0.04
399100  445991  0.04
400100  401272  0.04
401100  402270  0.04
402100  403267  0.04
403100  404265  0.04
404100  593494  0.04
405100  594492  0.04
406100  595489  0.04
407100  596487  0.04
408100  597484  0.04
409100  598481  0.04
410100  599479  0.04
411100  413238  0.04
412100  414235  0.04
413100  415233  0.04
414100  416276  0.04
415100  417273  0.04
416100  418271  0.04
417100  419268  0.04
418100  420266  0.04
419100  420111  0.04
420100  421109  0.04
421100  421480  0.04
422100  422478  0.04
423100  423475  0.04
424100  424473  0.04
425100  425470  0.04
426100  426468  0.04
427100  427465  0.04
428100  428462  0.04
429100  429460  0.04
430100  430457  0.04
431100  431455  0.04
432100  432498  0.04
433100  433495  0.04
434100  434492  0.04
435100  435490  0.04
436100  436487  0.04
437100  437485  0.04
438100  438482  0.04
439100  439480  0.04
440100  440477  0.04
441100  441475  0.04
442100  442096  0.02
443100  443094  0.02
444100  444091  0.02
445100  445088  0.02
446100  446086  0.02
447100  447083  0.02
448100  448081  0.02
449100  449078  0.02
450100  449849  0.02
451100  449849  0.02
452100  449849  0.02
453100  449849  0.02
454100  449849  0.02
455100  449849  0.02
456100  449849  0.02
457100  449849  0.02
458100  449849  0.02
459100  449849  0.02
460100  449849  0.02
461100  449849  0.02
462100  449849  0.02
463100  449849  0.02
464100  449849  0.02
465100  449849  0.02
466100  449849  0.02
467100  449849  0.02
468100  449849  0.02
469100  449849  0.02
470100  449849  0.02
471100  449849  0.02
472100  449849  0.02
473100  449849  0.02
474100  449849  0.02
475100  449849  0.02
476100  449849  0.02
477100  449849  0.02
478100  449849  0.02
479100  449849  0.02
480100  449849  0.02
481100  449849  0.02
482100  449849  0.02
483100  449849  0.02
484100  449849  0.02
485100  449849  0.02
486100  449849  0.02
487100  449849  0.02
488100  449849  0.02
489100  449849  0.02
490100  449849  0.02
491100  449849  0.02
492100  449849  0.02
493100  449849  0.02
494100  449849  0.02
495100  449849  0.02
496100  449849  0.02
497100  449849  0.02
498100  449849  0.02
499100  449849  0.02
500100  449849  0.02
501100  449849  0.02
502100  449849  0.02
503100  449849  0.02
504100  449849  0.02
505100  449849  0.02
506100  449849  0.02
507100  449849  0.02
508100  449849  0.02
509100  449849  0.02
510100  449849  0.02
511100  449849  0.02
512100  449849  0.02
513100  449849  0.02
514100  449849  0.02
515100  449849  0.02
516100  449849  0.02
517100  449849  0.02
518100  449849  0.02
519100  449849  0.02
520100  449849  0.02
521100  449849  0.02
522100  449849  0.02
523100  449849  0.02
524100  449849  0.02
525100  449849  0.02
526100  449849  0.02
527100  449849  0.02
528100  449849  0.02
529100  449849  0.02
530100  449849  0.02
531100  449849  0.02
532100  449849  0.02
533100  449849  0.02
534100  449849  0.02
535100  449849  0.02
536100  449849  0.02
537100  449849  0.02
538100  449849  0.02
539100  449849  0.02
540100  449849  0.02
541100  449849  0.02
542100  449849  0.02
543100  449849  0.02
544100  449849  0.02
545100  449849  0.02
546100  449849  0.02
547100  449849  0.02
548100  449849  0.02
549100  449849  0.02
550100  449849  0.02
551100  449849  0.02
552100  449849  0.02
553100  449849  0.02
554100  449849  0.02
555100  449849  0.02
556100  449849  0.02
557100  449849  0.02
558100  449849  0.02
559100  449849  0.02
560100  449849  0.02
561100  449849  0.02
562100  449849  0.02
563100  449849  0.02
564100  449849  0.02
565100  449849  0.02
566100  449849  0.02
567100  449849  0.02
568100  449849  0.02
569100  449849  0.02
570100  449849  0.02
571100  449849  0.02
572100  449849  0.02
573100  449849  0.02
574100  449849  0.02
575100  449849  0.02
576100  449849  0.02
577100  449849  0.02
578100  449849  0.02
579100  449849  0.02
580100  449849  0.02
581100  449849  0.02
582100  449849  0.02
583100  449849  0.02
584100  449849  0.02
585100  449849  0.02
586100  449849  0.02
587100  449849  0.02
588100  449849  0.02
589100  449849  0.02
590100  449849  0.02
591100  449849  0.02
592100  449849  0.02
593100  449849  0.02
594100  449849  0.02
595100  449849  0.02
596100  449849  0.02
597100  449849  0.02
598100  449849  0.02
599100  449849  0.02
600100  449849  0.02
601100  449849  0.02
602100  449849  0.02
603100  449849  0.02
604100  449849  0.02
605100  449849  0.02
606100  449849  0.02
607100  449849  0.02
608100  449849  0.02
609100  449849  0.02
610100  449849  0.02
611100  449849  0.02
612100  449849  0.02
613100  449849  0.02
614100  449849  0.02
615100  449849  0.02
616100  449849  0.02
617100  449849  0.02
618100  449849  0.02
619100  449849  0.02
620100  449849  0.02
621100  449849  0.02
622100  449849  0.02
623100  449849  0.02
624100  449849  0.02
625100  449849  0.02
626100  449849  0.02
627100  449849  0.02
628100  449849  0.02
629100  449849  0.02
630100  449849  0.02
631100  449849  0.02
632100  449849  0.02
633100  449849  0.02
634100  449849  0.02
635100  449849  0.02
636100  449849  0.02
637100  449849  0.02
638100  449849  0.02
639100  449849  0.02
640100  449849  0.02
641100  449849  0.02
642100  449849  0.02
643100  449849  0.02
644100  449849  0.02
645100  449849  0.02
646100  449849  0.02
647100  449849  0.02
648100  449849  0.02
649100  449849  0.02
650100  449849  0.02
651100  449849  0.02
652100  449849  0.02
653100  449849  0.02
654100  449849  0.02
655100  449849  0.02
656100  449849  0.02
657100  449849  0.02
658100  449849  0.02
659100  449849  0.02
660100  449849  0.02
661100  449849  0.02
662100  449849  0.02
663100  449849  0.02
664100  449849  0.02
665100  449849  0.02
666100  449849  0.02
667100  449849  0.02
668100  449849  0.02
669100  449849  0.02
670100  449849  0.02
671100  449849  0.02
672100  449849  0.02
673100  449849  0.02
674100  449849  0.02
675100  449849  0.02
676100  449849  0.02
677100  449849  0.02
678100  449849  0.02
679100  449849  0.02
680100  449849  0.02
681100  449849  0.02
682100  449849  0.02
683100  449849  0.02
684100  449849  0.02
685100  449849  0.02
686100  449849  0.02
687100  449849  0.02
688100  449849  0.02
689100  449849  0.02
690100  449849  0.02
691100  449849  0.02
692100  449849  0.02
693100  449849  0.02
694100  449849  0.02
695100  449849  0.02
696100  449849  0.02
697100  449849  0.02
698100  449849  0.02
699100  449849  0.02
700100  449849  0.02
701100  449849  0.02
702100  449849  0.02
703100  449849  0.02
704100  449849  0.02
705100  449849  0.02
706100  449849  0.02
707100  449849  0.02
708100  449849  0.02
709100  449849  0.02
710100  449849  0.02
711100  449849  0.02
712100  449849  0.02
713100  449849  0.02
714100  449849  0.02
715100  449849  0.02
716100  449849  0.02
717100  449849  0.02
718100  449849  0.02
719100  449849  0.02
720100  449849  0.02
721100  449849  0.02
722100  449849  0.02
723100  449849  0.02
724100  449849  0.02
725100  449849  0.02
726100  449849  0.02
727100  449849  0.02
728100  449849  0.02
729100  449849  0.02
730100  449849  0.02
731100  449849  0.02
732100  449849  0.02
733100  449849  0.02
734100  449849  0.02
735100  449849  0.02
736100  449849  0.02
737100  449849  0.02
738100  449849  0.02
739100  449849  0.02
740100  449849  0.02
741100  449849  0.02
742100  449849  0.02
743100  449849  0.02
744100  449849  0.02
745100  449849  0.02
746100  449849  0.02
747100  449849  0.02
748100  449849  0.02
749100  449849  0.02
750100  449849  0.02
751100  449849  0.02
752100  449849  0.02
753100  449849  0.02
754100  449849  0.02
755100  449849  0.02
756100  449849  0.02
757100  449849  0.02
758100  449849  0.02
759100  449849  0.02
760100  449849  0.02
761100  449849  0.02
762100  449849  0.02
763100  449849  0.02
764100  449849  0.02
765100  449849  0.02
766100  449849  0.02
767100  449849  0.02
768100  449849  0.02
769100  449849  0.02
770100  449849  0.02
771100  449849  0.02
772100  449849  0.02
773100  449849  0.02
774100  449849  0.02
775100  449849  0.02
776100  449849  0.02
777100  449849  0.02
778100  449849  0.02
779100  449849  0.02
780100  449849  0.02
781100  449849  0.02
782100  449849  0.02
783100  449849  0.02
784100  449849  0.02
785100  449849  0.02
786100  449849  0.02
787100  449849  0.02
788100  449849  0.02
789100  449849  0.02
790100  449849  0.02
791100  449849  0.02
792100  449849  0.02
793100  449849  0.02
794100  449849  0.02
795100  449849  0.02
796100  449849  0.02
797100  449849  0.02
798100  449849  0.02
799100  449849  0.02
800100  449849  0.02
801100  449849  0.02
802100  449849  0.02
803100  449849  0.02
804100  449849  0.02
805100  449849  0.02
806100  449849  0.02
807100  449849  0.02
808100  449849  0.02
809100  449849  0.02
810100  449849  0.02
811100  449849  0.02
812100  449849  0.02
813100  449849  0.02
814100  449849  0.02
815100  449849  0.02
816100  449849  0.02
817100  449849  0.02
818100  449849  0.02
819100  449849  0.02
820100  449849  0.02
821100  449849  0.02
822100  449849  0.02
823100  449849  0.02
824100  449849  0.02
825100  449849  0.02
826100  449849  0.02
827100  449849  0.02
828100  449849  0.02
829100  449849  0.02
830100  449849  0.02
831100  449849  0.02
832100  449849  0.02
833100  449849  0.02
834100  449849  0.02
835100  449849  0.02
836100  449849  0.02
837100  449849  0.02
838100  449849  0.02
839100  449849  0.02
840100  449849  0.02
841100  449849  0.02
842100  449849  0.02
843100  449849  0.02
844100  449849  0.02
845100  449849  0.02
846100  449849  0.02
847100  449849  0.02
848100  449849  0.02
849100  449849  0.02
850100  449849  0.02
851100  449849  0.02
852100  449849  0.02
853100  449849  0.02
854100  449849  0.02
855100  449849  0.02
856100  449849  0.02
857100  449849  0.02
858100  449849  0.02
859100  449849  0.02
860100  449849  0.02
861100  449849  0.02
862100  449849  0.02
863100  449849  0.02
864100  449849  0.02
865100  449849  0.02
866100  449849  0.02
867100  449849  0.02
868100  449849  0.02
869100  449849  0.02
870100  449849  0.02
871100  449849  0.02
872100  449849  0.02
873100  449849  0.02
874100  449849  0.02
875100  449849  0.02
876100  449849  0.02
877100  449849  0.02
878100  449849  0.02
879100  449849  0.02
880100  449849  0.02
881100  449849  0.02
882100  449849  0.02
883100  449849  0.02
884100  449849  0.02
885100  449849  0.02
886100  449849  0.02
887100  449849  0.02
888100  449849  0.02
889100  449849  0.02
890100  449849  0.02
891100  449849  0.02
892100  449849  0.02
893100  449849  0.02
894100  449849  0.02
895100  449849  0.02
896100  449849  0.02
897100  449849  0.02
898100  449849  0.02
899100  449849  0.02
900100  449849  0.02
901100  449849  0.02
902100  449849  0.02
903100  449849  0.02
904100  449849  0.02
905100  449849  0.02
906100  449849  0.02
907100  449849  0.02
908100  449849  0.02
909100  449849  0.02
910100  449849  0.02
911100  449849  0.02
912100  449849  0.02
913100  449849  0.02
914100  449849  0.02
915100  449849  0.02
916100  449849  0.02
917100  449849  0.02
918100  449849  0.02
919100  449849  0.02
920100  449849  0.02
921100  449849  0.02
922100  449849  0.02
923100  449849  0.02
924100  449849  0.02
925100  449849  0.02
926100  449849  0.02
927100  449849  0.02
928100  449849  0.02
929100  449849  0.02
930100  449849  0.02
931100  449849  0.02
932100  449849  0.02
933100  449849  0.02
934100  449849  0.02
935100  449849  0.02
936100  449849  0.02
937100  449849  0.02
938100  449849  0.02
939100  449849  0.02
940100  449849  0.02
941100  449849  0.02
942100  449849  0.02
943100  449849  0.02
944100  449849  0.02
945100  449849  0.02
946100  449849  0.02
947100  449849  0.02
948100  449849  0.02
949100  449849  0.02
950100  449849  0.02
951100  449849  0.02
952100  449849  0.02
953100  449849  0.02
954100  449849  0.02
955100  449849  0.02
956100  449849  0.02
957100  449849  0.02
958100  449849  0.02
959100  449849  0.02
960100  449849  0.02
961100  449849  0.02
962100  449849  0.02
963100  449849  0.02
964100  449849  0.02
965100  449849  0.02
966100  449849  0.02
967100  449849  0.02
968100  449849  0.02
969100  449849  0.02
970100  449849  0.02
971100  449849  0.02
972100  449849  0.02
973100  449849  0.02
974100  449849  0.02
975100  449849  0.02
976100  449849  0.02
977100  449849  0.02
978100  449849  0.02
979100  449849  0.02
980100  449849  0.02
981100  449849  0.02
982100  449849  0.02
983100  449849  0.02
984100  449849  0.02
985100  449849  0.02
986100  449849  0.02
987100  449849  0.02
988100  449849  0.02
989100  449849  0.02
990100  449849  0.02
991100  449849  0.02
992100  449849  0.02
993100  449849  0.02
994100  449849  0.02
995100  449849  0.02
996100  449849  0.02
997100  449849  0.02
998100  449849  0.02
999100  449849  0.02
