100  4572.26  0.96
1100  10985.2  0.2
2100  22734  0.22
3100  10678.2  0.08
4100  19778  0.1
5100  12622.7  0.06
6100  18615  0.08
7100  20942.5  0.06
8100  22400.1  0.06
9100  15300.4  0.04
10100  21631.6  0.06
11100  11099.7  0.02
12100  11125.4  0.02
13100  11125.4  0.02
14100  11125.4  0.02
15100  11125.4  0.02
16100  11125.4  0.02
17100  11125.4  0.02
18100  11125.4  0.02
19100  11125.4  0.02
20100  11125.4  0.02
21100  11125.4  0.02
22100  11125.4  0.02
23100  11125.4  0.02
24100  11125.4  0.02
25100  11125.4  0.02
26100  11125.4  0.02
27100  11125.4  0.02
28100  11125.4  0.02
29100  11125.4  0.02
30100  11125.4  0.02
31100  11125.4  0.02
32100  11125.4  0.02
33100  11125.4  0.02
34100  11125.4  0.02
35100  11125.4  0.02
36100  11125.4  0.02
37100  11125.4  0.02
38100  11125.4  0.02
39100  11125.4  0.02
40100  11125.4  0.02
41100  11125.4  0.02
42100  11125.4  0.02
43100  11125.4  0.02
44100  11125.4  0.02
45100  11125.4  0.02
46100  11125.4  0.02
47100  11125.4  0.02
48100  11125.4  0.02
49100  11125.4  0.02
50100  11125.4  0.02
51100  11125.4  0.02
52100  11125.4  0.02
53100  11125.4  0.02
54100  11125.4  0.02
55100  11125.4  0.02
56100  11125.4  0.02
57100  11125.4  0.02
58100  11125.4  0.02
59100  11125.4  0.02
60100  11125.4  0.02
61100  11125.4  0.02
62100  11125.4  0.02
63100  11125.4  0.02
64100  11125.4  0.02
65100  11125.4  0.02
66100  11125.4  0.02
67100  11125.4  0.02
68100  11125.4  0.02
69100  11125.4  0.02
70100  11125.4  0.02
71100  11125.4  0.02
72100  11125.4  0.02
73100  11125.4  0.02
74100  11125.4  0.02
75100  11125.4  0.02
76100  11125.4  0.02
77100  11125.4  0.02
78100  11125.4  0.02
79100  11125.4  0.02
80100  11125.4  0.02
81100  11125.4  0.02
82100  11125.4  0.02
83100  11125.4  0.02
84100  11125.4  0.02
85100  11125.4  0.02
86100  11125.4  0.02
87100  11125.4  0.02
88100  11125.4  0.02
89100  11125.4  0.02
90100  11125.4  0.02
91100  11125.4  0.02
92100  11125.4  0.02
93100  11125.4  0.02
94100  11125.4  0.02
95100  11125.4  0.02
96100  11125.4  0.02
97100  11125.4  0.02
98100  11125.4  0.02
99100  11125.4  0.02
100100  11125.4  0.02
101100  11125.4  0.02
102100  11125.4  0.02
103100  11125.4  0.02
104100  11125.4  0.02
105100  11125.4  0.02
106100  11125.4  0.02
107100  11125.4  0.02
108100  11125.4  0.02
109100  11125.4  0.02
110100  11125.4  0.02
111100  11125.4  0.02
112100  11125.4  0.02
113100  11125.4  0.02
114100  11125.4  0.02
115100  11125.4  0.02
116100  11125.4  0.02
117100  11125.4  0.02
118100  11125.4  0.02
119100  11125.4  0.02
120100  11125.4  0.02
121100  11125.4  0.02
122100  11125.4  0.02
123100  11125.4  0.02
124100  11125.4  0.02
125100  11125.4  0.02
126100  11125.4  0.02
127100  11125.4  0.02
128100  11125.4  0.02
129100  11125.4  0.02
130100  11125.4  0.02
131100  11125.4  0.02
132100  11125.4  0.02
133100  11125.4  0.02
134100  11125.4  0.02
135100  11125.4  0.02
136100  11125.4  0.02
137100  11125.4  0.02
138100  11125.4  0.02
139100  11125.4  0.02
140100  11125.4  0.02
141100  11125.4  0.02
142100  11125.4  0.02
143100  11125.4  0.02
144100  11125.4  0.02
145100  11125.4  0.02
146100  11125.4  0.02
147100  11125.4  0.02
148100  11125.4  0.02
149100  11125.4  0.02
150100  11125.4  0.02
151100  11125.4  0.02
152100  11125.4  0.02
153100  11125.4  0.02
154100  11125.4  0.02
155100  11125.4  0.02
156100  11125.4  0.02
157100  11125.4  0.02
158100  11125.4  0.02
159100  11125.4  0.02
160100  11125.4  0.02
161100  11125.4  0.02
162100  11125.4  0.02
163100  11125.4  0.02
164100  11125.4  0.02
165100  11125.4  0.02
166100  11125.4  0.02
167100  11125.4  0.02
168100  11125.4  0.02
169100  11125.4  0.02
170100  11125.4  0.02
171100  11125.4  0.02
172100  11125.4  0.02
173100  11125.4  0.02
174100  11125.4  0.02
175100  11125.4  0.02
176100  11125.4  0.02
177100  11125.4  0.02
178100  11125.4  0.02
179100  11125.4  0.02
180100  11125.4  0.02
181100  11125.4  0.02
182100  11125.4  0.02
183100  11125.4  0.02
184100  11125.4  0.02
185100  11125.4  0.02
186100  11125.4  0.02
187100  11125.4  0.02
188100  11125.4  0.02
189100  11125.4  0.02
190100  11125.4  0.02
191100  11125.4  0.02
192100  11125.4  0.02
193100  11125.4  0.02
194100  11125.4  0.02
195100  11125.4  0.02
196100  11125.4  0.02
197100  11125.4  0.02
198100  11125.4  0.02
199100  11125.4  0.02
200100  11125.4  0.02
201100  11125.4  0.02
202100  11125.4  0.02
203100  11125.4  0.02
204100  11125.4  0.02
205100  11125.4  0.02
206100  11125.4  0.02
207100  11125.4  0.02
208100  11125.4  0.02
209100  11125.4  0.02
210100  11125.4  0.02
211100  11125.4  0.02
212100  11125.4  0.02
213100  11125.4  0.02
214100  11125.4  0.02
215100  11125.4  0.02
216100  11125.4  0.02
217100  11125.4  0.02
218100  11125.4  0.02
219100  11125.4  0.02
220100  11125.4  0.02
221100  11125.4  0.02
222100  11125.4  0.02
223100  11125.4  0.02
224100  11125.4  0.02
225100  11125.4  0.02
226100  11125.4  0.02
227100  11125.4  0.02
228100  11125.4  0.02
229100  11125.4  0.02
230100  11125.4  0.02
231100  11125.4  0.02
232100  11125.4  0.02
233100  11125.4  0.02
234100  11125.4  0.02
235100  11125.4  0.02
236100  11125.4  0.02
237100  11125.4  0.02
238100  11125.4  0.02
239100  11125.4  0.02
240100  11125.4  0.02
241100  11125.4  0.02
242100  11125.4  0.02
243100  11125.4  0.02
244100  11125.4  0.02
245100  11125.4  0.02
246100  11125.4  0.02
247100  11125.4  0.02
248100  11125.4  0.02
249100  11125.4  0.02
250100  11125.4  0.02
251100  11125.4  0.02
252100  11125.4  0.02
253100  11125.4  0.02
254100  11125.4  0.02
255100  11125.4  0.02
256100  11125.4  0.02
257100  11125.4  0.02
258100  11125.4  0.02
259100  11125.4  0.02
260100  11125.4  0.02
261100  11125.4  0.02
262100  11125.4  0.02
263100  11125.4  0.02
264100  11125.4  0.02
265100  11125.4  0.02
266100  11125.4  0.02
267100  11125.4  0.02
268100  11125.4  0.02
269100  11125.4  0.02
270100  11125.4  0.02
271100  11125.4  0.02
272100  11125.4  0.02
273100  11125.4  0.02
274100  11125.4  0.02
275100  11125.4  0.02
276100  11125.4  0.02
277100  11125.4  0.02
278100  11125.4  0.02
279100  11125.4  0.02
280100  11125.4  0.02
281100  11125.4  0.02
282100  11125.4  0.02
283100  11125.4  0.02
284100  11125.4  0.02
285100  11125.4  0.02
286100  11125.4  0.02
287100  11125.4  0.02
288100  11125.4  0.02
289100  11125.4  0.02
290100  11125.4  0.02
291100  11125.4  0.02
292100  11125.4  0.02
293100  11125.4  0.02
294100  11125.4  0.02
295100  11125.4  0.02
296100  11125.4  0.02
297100  11125.4  0.02
298100  11125.4  0.02
299100  11125.4  0.02
300100  11125.4  0.02
301100  11125.4  0.02
302100  11125.4  0.02
303100  11125.4  0.02
304100  11125.4  0.02
305100  11125.4  0.02
306100  11125.4  0.02
307100  11125.4  0.02
308100  11125.4  0.02
309100  11125.4  0.02
310100  11125.4  0.02
311100  11125.4  0.02
312100  11125.4  0.02
313100  11125.4  0.02
314100  11125.4  0.02
315100  11125.4  0.02
316100  11125.4  0.02
317100  11125.4  0.02
318100  11125.4  0.02
319100  11125.4  0.02
320100  11125.4  0.02
321100  11125.4  0.02
322100  11125.4  0.02
323100  11125.4  0.02
324100  11125.4  0.02
325100  11125.4  0.02
326100  11125.4  0.02
327100  11125.4  0.02
328100  11125.4  0.02
329100  11125.4  0.02
330100  11125.4  0.02
331100  11125.4  0.02
332100  11125.4  0.02
333100  11125.4  0.02
334100  11125.4  0.02
335100  11125.4  0.02
336100  11125.4  0.02
337100  11125.4  0.02
338100  11125.4  0.02
339100  11125.4  0.02
340100  11125.4  0.02
341100  11125.4  0.02
342100  11125.4  0.02
343100  11125.4  0.02
344100  11125.4  0.02
345100  11125.4  0.02
346100  11125.4  0.02
347100  11125.4  0.02
348100  11125.4  0.02
349100  11125.4  0.02
350100  11125.4  0.02
351100  11125.4  0.02
352100  11125.4  0.02
353100  11125.4  0.02
354100  11125.4  0.02
355100  11125.4  0.02
356100  11125.4  0.02
357100  11125.4  0.02
358100  11125.4  0.02
359100  11125.4  0.02
360100  11125.4  0.02
361100  11125.4  0.02
362100  11125.4  0.02
363100  11125.4  0.02
364100  11125.4  0.02
365100  11125.4  0.02
366100  11125.4  0.02
367100  11125.4  0.02
368100  11125.4  0.02
369100  11125.4  0.02
370100  11125.4  0.02
371100  11125.4  0.02
372100  11125.4  0.02
373100  11125.4  0.02
374100  11125.4  0.02
375100  11125.4  0.02
376100  11125.4  0.02
377100  11125.4  0.02
378100  11125.4  0.02
379100  11125.4  0.02
380100  11125.4  0.02
381100  11125.4  0.02
382100  11125.4  0.02
383100  11125.4  0.02
384100  11125.4  0.02
385100  11125.4  0.02
386100  11125.4  0.02
387100  11125.4  0.02
388100  11125.4  0.02
389100  11125.4  0.02
390100  11125.4  0.02
391100  11125.4  0.02
392100  11125.4  0.02
393100  11125.4  0.02
394100  11125.4  0.02
395100  11125.4  0.02
396100  11125.4  0.02
397100  11125.4  0.02
398100  11125.4  0.02
399100  11125.4  0.02
400100  11125.4  0.02
401100  11125.4  0.02
402100  11125.4  0.02
403100  11125.4  0.02
404100  11125.4  0.02
405100  11125.4  0.02
406100  11125.4  0.02
407100  11125.4  0.02
408100  11125.4  0.02
409100  11125.4  0.02
410100  11125.4  0.02
411100  11125.4  0.02
412100  11125.4  0.02
413100  11125.4  0.02
414100  11125.4  0.02
415100  11125.4  0.02
416100  11125.4  0.02
417100  11125.4  0.02
418100  11125.4  0.02
419100  11125.4  0.02
420100  11125.4  0.02
421100  11125.4  0.02
422100  11125.4  0.02
423100  11125.4  0.02
424100  11125.4  0.02
425100  11125.4  0.02
426100  11125.4  0.02
427100  11125.4  0.02
428100  11125.4  0.02
429100  11125.4  0.02
430100  11125.4  0.02
431100  11125.4  0.02
432100  11125.4  0.02
433100  11125.4  0.02
434100  11125.4  0.02
435100  11125.4  0.02
436100  11125.4  0.02
437100  11125.4  0.02
438100  11125.4  0.02
439100  11125.4  0.02
440100  11125.4  0.02
441100  11125.4  0.02
442100  11125.4  0.02
443100  11125.4  0.02
444100  11125.4  0.02
445100  11125.4  0.02
446100  11125.4  0.02
447100  11125.4  0.02
448100  11125.4  0.02
449100  11125.4  0.02
450100  11125.4  0.02
451100  11125.4  0.02
452100  11125.4  0.02
453100  11125.4  0.02
454100  11125.4  0.02
455100  11125.4  0.02
456100  11125.4  0.02
457100  11125.4  0.02
458100  11125.4  0.02
459100  11125.4  0.02
460100  11125.4  0.02
461100  11125.4  0.02
462100  11125.4  0.02
463100  11125.4  0.02
464100  11125.4  0.02
465100  11125.4  0.02
466100  11125.4  0.02
467100  11125.4  0.02
468100  11125.4  0.02
469100  11125.4  0.02
470100  11125.4  0.02
471100  11125.4  0.02
472100  11125.4  0.02
473100  11125.4  0.02
474100  11125.4  0.02
475100  11125.4  0.02
476100  11125.4  0.02
477100  11125.4  0.02
478100  11125.4  0.02
479100  11125.4  0.02
480100  11125.4  0.02
481100  11125.4  0.02
482100  11125.4  0.02
483100  11125.4  0.02
484100  11125.4  0.02
485100  11125.4  0.02
486100  11125.4  0.02
487100  11125.4  0.02
488100  11125.4  0.02
489100  11125.4  0.02
490100  11125.4  0.02
491100  11125.4  0.02
492100  11125.4  0.02
493100  11125.4  0.02
494100  11125.4  0.02
495100  11125.4  0.02
496100  11125.4  0.02
497100  11125.4  0.02
498100  11125.4  0.02
499100  11125.4  0.02
500100  11125.4  0.02
501100  11125.4  0.02
502100  11125.4  0.02
503100  11125.4  0.02
504100  11125.4  0.02
505100  11125.4  0.02
506100  11125.4  0.02
507100  11125.4  0.02
508100  11125.4  0.02
509100  11125.4  0.02
510100  11125.4  0.02
511100  11125.4  0.02
512100  11125.4  0.02
513100  11125.4  0.02
514100  11125.4  0.02
515100  11125.4  0.02
516100  11125.4  0.02
517100  11125.4  0.02
518100  11125.4  0.02
519100  11125.4  0.02
520100  11125.4  0.02
521100  11125.4  0.02
522100  11125.4  0.02
523100  11125.4  0.02
524100  11125.4  0.02
525100  11125.4  0.02
526100  11125.4  0.02
527100  11125.4  0.02
528100  11125.4  0.02
529100  11125.4  0.02
530100  11125.4  0.02
531100  11125.4  0.02
532100  11125.4  0.02
533100  11125.4  0.02
534100  11125.4  0.02
535100  11125.4  0.02
536100  11125.4  0.02
537100  11125.4  0.02
538100  11125.4  0.02
539100  11125.4  0.02
540100  11125.4  0.02
541100  11125.4  0.02
542100  11125.4  0.02
543100  11125.4  0.02
544100  11125.4  0.02
545100  11125.4  0.02
546100  11125.4  0.02
547100  11125.4  0.02
548100  11125.4  0.02
549100  11125.4  0.02
550100  11125.4  0.02
551100  11125.4  0.02
552100  11125.4  0.02
553100  11125.4  0.02
554100  11125.4  0.02
555100  11125.4  0.02
556100  11125.4  0.02
557100  11125.4  0.02
558100  11125.4  0.02
559100  11125.4  0.02
560100  11125.4  0.02
561100  11125.4  0.02
562100  11125.4  0.02
563100  11125.4  0.02
564100  11125.4  0.02
565100  11125.4  0.02
566100  11125.4  0.02
567100  11125.4  0.02
568100  11125.4  0.02
569100  11125.4  0.02
570100  11125.4  0.02
571100  11125.4  0.02
572100  11125.4  0.02
573100  11125.4  0.02
574100  11125.4  0.02
575100  11125.4  0.02
576100  11125.4  0.02
577100  11125.4  0.02
578100  11125.4  0.02
579100  11125.4  0.02
580100  11125.4  0.02
581100  11125.4  0.02
582100  11125.4  0.02
583100  11125.4  0.02
584100  11125.4  0.02
585100  11125.4  0.02
586100  11125.4  0.02
587100  11125.4  0.02
588100  11125.4  0.02
589100  11125.4  0.02
590100  11125.4  0.02
591100  11125.4  0.02
592100  11125.4  0.02
593100  11125.4  0.02
594100  11125.4  0.02
595100  11125.4  0.02
596100  11125.4  0.02
597100  11125.4  0.02
598100  11125.4  0.02
599100  11125.4  0.02
600100  11125.4  0.02
601100  11125.4  0.02
602100  11125.4  0.02
603100  11125.4  0.02
604100  11125.4  0.02
605100  11125.4  0.02
606100  11125.4  0.02
607100  11125.4  0.02
608100  11125.4  0.02
609100  11125.4  0.02
610100  11125.4  0.02
611100  11125.4  0.02
612100  11125.4  0.02
613100  11125.4  0.02
614100  11125.4  0.02
615100  11125.4  0.02
616100  11125.4  0.02
617100  11125.4  0.02
618100  11125.4  0.02
619100  11125.4  0.02
620100  11125.4  0.02
621100  11125.4  0.02
622100  11125.4  0.02
623100  11125.4  0.02
624100  11125.4  0.02
625100  11125.4  0.02
626100  11125.4  0.02
627100  11125.4  0.02
628100  11125.4  0.02
629100  11125.4  0.02
630100  11125.4  0.02
631100  11125.4  0.02
632100  11125.4  0.02
633100  11125.4  0.02
634100  11125.4  0.02
635100  11125.4  0.02
636100  11125.4  0.02
637100  11125.4  0.02
638100  11125.4  0.02
639100  11125.4  0.02
640100  11125.4  0.02
641100  11125.4  0.02
642100  11125.4  0.02
643100  11125.4  0.02
644100  11125.4  0.02
645100  11125.4  0.02
646100  11125.4  0.02
647100  11125.4  0.02
648100  11125.4  0.02
649100  11125.4  0.02
650100  11125.4  0.02
651100  11125.4  0.02
652100  11125.4  0.02
653100  11125.4  0.02
654100  11125.4  0.02
655100  11125.4  0.02
656100  11125.4  0.02
657100  11125.4  0.02
658100  11125.4  0.02
659100  11125.4  0.02
660100  11125.4  0.02
661100  11125.4  0.02
662100  11125.4  0.02
663100  11125.4  0.02
664100  11125.4  0.02
665100  11125.4  0.02
666100  11125.4  0.02
667100  11125.4  0.02
668100  11125.4  0.02
669100  11125.4  0.02
670100  11125.4  0.02
671100  11125.4  0.02
672100  11125.4  0.02
673100  11125.4  0.02
674100  11125.4  0.02
675100  11125.4  0.02
676100  11125.4  0.02
677100  11125.4  0.02
678100  11125.4  0.02
679100  11125.4  0.02
680100  11125.4  0.02
681100  11125.4  0.02
682100  11125.4  0.02
683100  11125.4  0.02
684100  11125.4  0.02
685100  11125.4  0.02
686100  11125.4  0.02
687100  11125.4  0.02
688100  11125.4  0.02
689100  11125.4  0.02
690100  11125.4  0.02
691100  11125.4  0.02
692100  11125.4  0.02
693100  11125.4  0.02
694100  11125.4  0.02
695100  11125.4  0.02
696100  11125.4  0.02
697100  11125.4  0.02
698100  11125.4  0.02
699100  11125.4  0.02
700100  11125.4  0.02
701100  11125.4  0.02
702100  11125.4  0.02
703100  11125.4  0.02
704100  11125.4  0.02
705100  11125.4  0.02
706100  11125.4  0.02
707100  11125.4  0.02
708100  11125.4  0.02
709100  11125.4  0.02
710100  11125.4  0.02
711100  11125.4  0.02
712100  11125.4  0.02
713100  11125.4  0.02
714100  11125.4  0.02
715100  11125.4  0.02
716100  11125.4  0.02
717100  11125.4  0.02
718100  11125.4  0.02
719100  11125.4  0.02
720100  11125.4  0.02
721100  11125.4  0.02
722100  11125.4  0.02
723100  11125.4  0.02
724100  11125.4  0.02
725100  11125.4  0.02
726100  11125.4  0.02
727100  11125.4  0.02
728100  11125.4  0.02
729100  11125.4  0.02
730100  11125.4  0.02
731100  11125.4  0.02
732100  11125.4  0.02
733100  11125.4  0.02
734100  11125.4  0.02
735100  11125.4  0.02
736100  11125.4  0.02
737100  11125.4  0.02
738100  11125.4  0.02
739100  11125.4  0.02
740100  11125.4  0.02
741100  11125.4  0.02
742100  11125.4  0.02
743100  11125.4  0.02
744100  11125.4  0.02
745100  11125.4  0.02
746100  11125.4  0.02
747100  11125.4  0.02
748100  11125.4  0.02
749100  11125.4  0.02
750100  11125.4  0.02
751100  11125.4  0.02
752100  11125.4  0.02
753100  11125.4  0.02
754100  11125.4  0.02
755100  11125.4  0.02
756100  11125.4  0.02
757100  11125.4  0.02
758100  11125.4  0.02
759100  11125.4  0.02
760100  11125.4  0.02
761100  11125.4  0.02
762100  11125.4  0.02
763100  11125.4  0.02
764100  11125.4  0.02
765100  11125.4  0.02
766100  11125.4  0.02
767100  11125.4  0.02
768100  11125.4  0.02
769100  11125.4  0.02
770100  11125.4  0.02
771100  11125.4  0.02
772100  11125.4  0.02
773100  11125.4  0.02
774100  11125.4  0.02
775100  11125.4  0.02
776100  11125.4  0.02
777100  11125.4  0.02
778100  11125.4  0.02
779100  11125.4  0.02
780100  11125.4  0.02
781100  11125.4  0.02
782100  11125.4  0.02
783100  11125.4  0.02
784100  11125.4  0.02
785100  11125.4  0.02
786100  11125.4  0.02
787100  11125.4  0.02
788100  11125.4  0.02
789100  11125.4  0.02
790100  11125.4  0.02
791100  11125.4  0.02
792100  11125.4  0.02
793100  11125.4  0.02
794100  11125.4  0.02
795100  11125.4  0.02
796100  11125.4  0.02
797100  11125.4  0.02
798100  11125.4  0.02
799100  11125.4  0.02
800100  11125.4  0.02
801100  11125.4  0.02
802100  11125.4  0.02
803100  11125.4  0.02
804100  11125.4  0.02
805100  11125.4  0.02
806100  11125.4  0.02
807100  11125.4  0.02
808100  11125.4  0.02
809100  11125.4  0.02
810100  11125.4  0.02
811100  11125.4  0.02
812100  11125.4  0.02
813100  11125.4  0.02
814100  11125.4  0.02
815100  11125.4  0.02
816100  11125.4  0.02
817100  11125.4  0.02
818100  11125.4  0.02
819100  11125.4  0.02
820100  11125.4  0.02
821100  11125.4  0.02
822100  11125.4  0.02
823100  11125.4  0.02
824100  11125.4  0.02
825100  11125.4  0.02
826100  11125.4  0.02
827100  11125.4  0.02
828100  11125.4  0.02
829100  11125.4  0.02
830100  11125.4  0.02
831100  11125.4  0.02
832100  11125.4  0.02
833100  11125.4  0.02
834100  11125.4  0.02
835100  11125.4  0.02
836100  11125.4  0.02
837100  11125.4  0.02
838100  11125.4  0.02
839100  11125.4  0.02
840100  11125.4  0.02
841100  11125.4  0.02
842100  11125.4  0.02
843100  11125.4  0.02
844100  11125.4  0.02
845100  11125.4  0.02
846100  11125.4  0.02
847100  11125.4  0.02
848100  11125.4  0.02
849100  11125.4  0.02
850100  11125.4  0.02
851100  11125.4  0.02
852100  11125.4  0.02
853100  11125.4  0.02
854100  11125.4  0.02
855100  11125.4  0.02
856100  11125.4  0.02
857100  11125.4  0.02
858100  11125.4  0.02
859100  11125.4  0.02
860100  11125.4  0.02
861100  11125.4  0.02
862100  11125.4  0.02
863100  11125.4  0.02
864100  11125.4  0.02
865100  11125.4  0.02
866100  11125.4  0.02
867100  11125.4  0.02
868100  11125.4  0.02
869100  11125.4  0.02
870100  11125.4  0.02
871100  11125.4  0.02
872100  11125.4  0.02
873100  11125.4  0.02
874100  11125.4  0.02
875100  11125.4  0.02
876100  11125.4  0.02
877100  11125.4  0.02
878100  11125.4  0.02
879100  11125.4  0.02
880100  11125.4  0.02
881100  11125.4  0.02
882100  11125.4  0.02
883100  11125.4  0.02
884100  11125.4  0.02
885100  11125.4  0.02
886100  11125.4  0.02
887100  11125.4  0.02
888100  11125.4  0.02
889100  11125.4  0.02
890100  11125.4  0.02
891100  11125.4  0.02
892100  11125.4  0.02
893100  11125.4  0.02
894100  11125.4  0.02
895100  11125.4  0.02
896100  11125.4  0.02
897100  11125.4  0.02
898100  11125.4  0.02
899100  11125.4  0.02
900100  11125.4  0.02
901100  11125.4  0.02
902100  11125.4  0.02
903100  11125.4  0.02
904100  11125.4  0.02
905100  11125.4  0.02
906100  11125.4  0.02
907100  11125.4  0.02
908100  11125.4  0.02
909100  11125.4  0.02
910100  11125.4  0.02
911100  11125.4  0.02
912100  11125.4  0.02
913100  11125.4  0.02
914100  11125.4  0.02
915100  11125.4  0.02
916100  11125.4  0.02
917100  11125.4  0.02
918100  11125.4  0.02
919100  11125.4  0.02
920100  11125.4  0.02
921100  11125.4  0.02
922100  11125.4  0.02
923100  11125.4  0.02
924100  11125.4  0.02
925100  11125.4  0.02
926100  11125.4  0.02
927100  11125.4  0.02
928100  11125.4  0.02
929100  11125.4  0.02
930100  11125.4  0.02
931100  11125.4  0.02
932100  11125.4  0.02
933100  11125.4  0.02
934100  11125.4  0.02
935100  11125.4  0.02
936100  11125.4  0.02
937100  11125.4  0.02
938100  11125.4  0.02
939100  11125.4  0.02
940100  11125.4  0.02
941100  11125.4  0.02
942100  11125.4  0.02
943100  11125.4  0.02
944100  11125.4  0.02
945100  11125.4  0.02
946100  11125.4  0.02
947100  11125.4  0.02
948100  11125.4  0.02
949100  11125.4  0.02
950100  11125.4  0.02
951100  11125.4  0.02
952100  11125.4  0.02
953100  11125.4  0.02
954100  11125.4  0.02
955100  11125.4  0.02
956100  11125.4  0.02
957100  11125.4  0.02
958100  11125.4  0.02
959100  11125.4  0.02
960100  11125.4  0.02
961100  11125.4  0.02
962100  11125.4  0.02
963100  11125.4  0.02
964100  11125.4  0.02
965100  11125.4  0.02
966100  11125.4  0.02
967100  11125.4  0.02
968100  11125.4  0.02
969100  11125.4  0.02
970100  11125.4  0.02
971100  11125.4  0.02
972100  11125.4  0.02
973100  11125.4  0.02
974100  11125.4  0.02
975100  11125.4  0.02
976100  11125.4  0.02
977100  11125.4  0.02
978100  11125.4  0.02
979100  11125.4  0.02
980100  11125.4  0.02
981100  11125.4  0.02
982100  11125.4  0.02
983100  11125.4  0.02
984100  11125.4  0.02
985100  11125.4  0.02
986100  11125.4  0.02
987100  11125.4  0.02
988100  11125.4  0.02
989100  11125.4  0.02
990100  11125.4  0.02
991100  11125.4  0.02
992100  11125.4  0.02
993100  11125.4  0.02
994100  11125.4  0.02
995100  11125.4  0.02
996100  11125.4  0.02
997100  11125.4  0.02
998100  11125.4  0.02
999100  11125.4  0.02
