100  4755.2  0.98
1100  25213.1  0.46
2100  22791.4  0.22
3100  14123.6  0.1
4100  12297.3  0.06
5100  13293.6  0.06
6100  25080.4  0.1
7100  8814.87  0.04
8100  16193.9  0.04
9100  8598.89  0.02
10100  8598.89  0.02
11100  8598.89  0.02
12100  8598.89  0.02
13100  8598.89  0.02
14100  8598.89  0.02
15100  8598.89  0.02
16100  8598.89  0.02
17100  8598.89  0.02
18100  8598.89  0.02
19100  8598.89  0.02
20100  8598.89  0.02
21100  8598.89  0.02
22100  8598.89  0.02
23100  8598.89  0.02
24100  8598.89  0.02
25100  8598.89  0.02
26100  8598.89  0.02
27100  8598.89  0.02
28100  8598.89  0.02
29100  8598.89  0.02
30100  8598.89  0.02
31100  8598.89  0.02
32100  8598.89  0.02
33100  8598.89  0.02
34100  8598.89  0.02
35100  8598.89  0.02
36100  8598.89  0.02
37100  8598.89  0.02
38100  8598.89  0.02
39100  8598.89  0.02
40100  8598.89  0.02
41100  8598.89  0.02
42100  8598.89  0.02
43100  8598.89  0.02
44100  8598.89  0.02
45100  8598.89  0.02
46100  8598.89  0.02
47100  8598.89  0.02
48100  8598.89  0.02
49100  8598.89  0.02
50100  8598.89  0.02
51100  8598.89  0.02
52100  8598.89  0.02
53100  8598.89  0.02
54100  8598.89  0.02
55100  8598.89  0.02
56100  8598.89  0.02
57100  8598.89  0.02
58100  8598.89  0.02
59100  8598.89  0.02
60100  8598.89  0.02
61100  8598.89  0.02
62100  8598.89  0.02
63100  8598.89  0.02
64100  8598.89  0.02
65100  8598.89  0.02
66100  8598.89  0.02
67100  8598.89  0.02
68100  8598.89  0.02
69100  8598.89  0.02
70100  8598.89  0.02
71100  8598.89  0.02
72100  8598.89  0.02
73100  8598.89  0.02
74100  8598.89  0.02
75100  8598.89  0.02
76100  8598.89  0.02
77100  8598.89  0.02
78100  8598.89  0.02
79100  8598.89  0.02
80100  8598.89  0.02
81100  8598.89  0.02
82100  8598.89  0.02
83100  8598.89  0.02
84100  8598.89  0.02
85100  8598.89  0.02
86100  8598.89  0.02
87100  8598.89  0.02
88100  8598.89  0.02
89100  8598.89  0.02
90100  8598.89  0.02
91100  8598.89  0.02
92100  8598.89  0.02
93100  8598.89  0.02
94100  8598.89  0.02
95100  8598.89  0.02
96100  8598.89  0.02
97100  8598.89  0.02
98100  8598.89  0.02
99100  8598.89  0.02
100100  8598.89  0.02
101100  8598.89  0.02
102100  8598.89  0.02
103100  8598.89  0.02
104100  8598.89  0.02
105100  8598.89  0.02
106100  8598.89  0.02
107100  8598.89  0.02
108100  8598.89  0.02
109100  8598.89  0.02
110100  8598.89  0.02
111100  8598.89  0.02
112100  8598.89  0.02
113100  8598.89  0.02
114100  8598.89  0.02
115100  8598.89  0.02
116100  8598.89  0.02
117100  8598.89  0.02
118100  8598.89  0.02
119100  8598.89  0.02
120100  8598.89  0.02
121100  8598.89  0.02
122100  8598.89  0.02
123100  8598.89  0.02
124100  8598.89  0.02
125100  8598.89  0.02
126100  8598.89  0.02
127100  8598.89  0.02
128100  8598.89  0.02
129100  8598.89  0.02
130100  8598.89  0.02
131100  8598.89  0.02
132100  8598.89  0.02
133100  8598.89  0.02
134100  8598.89  0.02
135100  8598.89  0.02
136100  8598.89  0.02
137100  8598.89  0.02
138100  8598.89  0.02
139100  8598.89  0.02
140100  8598.89  0.02
141100  8598.89  0.02
142100  8598.89  0.02
143100  8598.89  0.02
144100  8598.89  0.02
145100  8598.89  0.02
146100  8598.89  0.02
147100  8598.89  0.02
148100  8598.89  0.02
149100  8598.89  0.02
150100  8598.89  0.02
151100  8598.89  0.02
152100  8598.89  0.02
153100  8598.89  0.02
154100  8598.89  0.02
155100  8598.89  0.02
156100  8598.89  0.02
157100  8598.89  0.02
158100  8598.89  0.02
159100  8598.89  0.02
160100  8598.89  0.02
161100  8598.89  0.02
162100  8598.89  0.02
163100  8598.89  0.02
164100  8598.89  0.02
165100  8598.89  0.02
166100  8598.89  0.02
167100  8598.89  0.02
168100  8598.89  0.02
169100  8598.89  0.02
170100  8598.89  0.02
171100  8598.89  0.02
172100  8598.89  0.02
173100  8598.89  0.02
174100  8598.89  0.02
175100  8598.89  0.02
176100  8598.89  0.02
177100  8598.89  0.02
178100  8598.89  0.02
179100  8598.89  0.02
180100  8598.89  0.02
181100  8598.89  0.02
182100  8598.89  0.02
183100  8598.89  0.02
184100  8598.89  0.02
185100  8598.89  0.02
186100  8598.89  0.02
187100  8598.89  0.02
188100  8598.89  0.02
189100  8598.89  0.02
190100  8598.89  0.02
191100  8598.89  0.02
192100  8598.89  0.02
193100  8598.89  0.02
194100  8598.89  0.02
195100  8598.89  0.02
196100  8598.89  0.02
197100  8598.89  0.02
198100  8598.89  0.02
199100  8598.89  0.02
200100  8598.89  0.02
201100  8598.89  0.02
202100  8598.89  0.02
203100  8598.89  0.02
204100  8598.89  0.02
205100  8598.89  0.02
206100  8598.89  0.02
207100  8598.89  0.02
208100  8598.89  0.02
209100  8598.89  0.02
210100  8598.89  0.02
211100  8598.89  0.02
212100  8598.89  0.02
213100  8598.89  0.02
214100  8598.89  0.02
215100  8598.89  0.02
216100  8598.89  0.02
217100  8598.89  0.02
218100  8598.89  0.02
219100  8598.89  0.02
220100  8598.89  0.02
221100  8598.89  0.02
222100  8598.89  0.02
223100  8598.89  0.02
224100  8598.89  0.02
225100  8598.89  0.02
226100  8598.89  0.02
227100  8598.89  0.02
228100  8598.89  0.02
229100  8598.89  0.02
230100  8598.89  0.02
231100  8598.89  0.02
232100  8598.89  0.02
233100  8598.89  0.02
234100  8598.89  0.02
235100  8598.89  0.02
236100  8598.89  0.02
237100  8598.89  0.02
238100  8598.89  0.02
239100  8598.89  0.02
240100  8598.89  0.02
241100  8598.89  0.02
242100  8598.89  0.02
243100  8598.89  0.02
244100  8598.89  0.02
245100  8598.89  0.02
246100  8598.89  0.02
247100  8598.89  0.02
248100  8598.89  0.02
249100  8598.89  0.02
250100  8598.89  0.02
251100  8598.89  0.02
252100  8598.89  0.02
253100  8598.89  0.02
254100  8598.89  0.02
255100  8598.89  0.02
256100  8598.89  0.02
257100  8598.89  0.02
258100  8598.89  0.02
259100  8598.89  0.02
260100  8598.89  0.02
261100  8598.89  0.02
262100  8598.89  0.02
263100  8598.89  0.02
264100  8598.89  0.02
265100  8598.89  0.02
266100  8598.89  0.02
267100  8598.89  0.02
268100  8598.89  0.02
269100  8598.89  0.02
270100  8598.89  0.02
271100  8598.89  0.02
272100  8598.89  0.02
273100  8598.89  0.02
274100  8598.89  0.02
275100  8598.89  0.02
276100  8598.89  0.02
277100  8598.89  0.02
278100  8598.89  0.02
279100  8598.89  0.02
280100  8598.89  0.02
281100  8598.89  0.02
282100  8598.89  0.02
283100  8598.89  0.02
284100  8598.89  0.02
285100  8598.89  0.02
286100  8598.89  0.02
287100  8598.89  0.02
288100  8598.89  0.02
289100  8598.89  0.02
290100  8598.89  0.02
291100  8598.89  0.02
292100  8598.89  0.02
293100  8598.89  0.02
294100  8598.89  0.02
295100  8598.89  0.02
296100  8598.89  0.02
297100  8598.89  0.02
298100  8598.89  0.02
299100  8598.89  0.02
300100  8598.89  0.02
301100  8598.89  0.02
302100  8598.89  0.02
303100  8598.89  0.02
304100  8598.89  0.02
305100  8598.89  0.02
306100  8598.89  0.02
307100  8598.89  0.02
308100  8598.89  0.02
309100  8598.89  0.02
310100  8598.89  0.02
311100  8598.89  0.02
312100  8598.89  0.02
313100  8598.89  0.02
314100  8598.89  0.02
315100  8598.89  0.02
316100  8598.89  0.02
317100  8598.89  0.02
318100  8598.89  0.02
319100  8598.89  0.02
320100  8598.89  0.02
321100  8598.89  0.02
322100  8598.89  0.02
323100  8598.89  0.02
324100  8598.89  0.02
325100  8598.89  0.02
326100  8598.89  0.02
327100  8598.89  0.02
328100  8598.89  0.02
329100  8598.89  0.02
330100  8598.89  0.02
331100  8598.89  0.02
332100  8598.89  0.02
333100  8598.89  0.02
334100  8598.89  0.02
335100  8598.89  0.02
336100  8598.89  0.02
337100  8598.89  0.02
338100  8598.89  0.02
339100  8598.89  0.02
340100  8598.89  0.02
341100  8598.89  0.02
342100  8598.89  0.02
343100  8598.89  0.02
344100  8598.89  0.02
345100  8598.89  0.02
346100  8598.89  0.02
347100  8598.89  0.02
348100  8598.89  0.02
349100  8598.89  0.02
350100  8598.89  0.02
351100  8598.89  0.02
352100  8598.89  0.02
353100  8598.89  0.02
354100  8598.89  0.02
355100  8598.89  0.02
356100  8598.89  0.02
357100  8598.89  0.02
358100  8598.89  0.02
359100  8598.89  0.02
360100  8598.89  0.02
361100  8598.89  0.02
362100  8598.89  0.02
363100  8598.89  0.02
364100  8598.89  0.02
365100  8598.89  0.02
366100  8598.89  0.02
367100  8598.89  0.02
368100  8598.89  0.02
369100  8598.89  0.02
370100  8598.89  0.02
371100  8598.89  0.02
372100  8598.89  0.02
373100  8598.89  0.02
374100  8598.89  0.02
375100  8598.89  0.02
376100  8598.89  0.02
377100  8598.89  0.02
378100  8598.89  0.02
379100  8598.89  0.02
380100  8598.89  0.02
381100  8598.89  0.02
382100  8598.89  0.02
383100  8598.89  0.02
384100  8598.89  0.02
385100  8598.89  0.02
386100  8598.89  0.02
387100  8598.89  0.02
388100  8598.89  0.02
389100  8598.89  0.02
390100  8598.89  0.02
391100  8598.89  0.02
392100  8598.89  0.02
393100  8598.89  0.02
394100  8598.89  0.02
395100  8598.89  0.02
396100  8598.89  0.02
397100  8598.89  0.02
398100  8598.89  0.02
399100  8598.89  0.02
400100  8598.89  0.02
401100  8598.89  0.02
402100  8598.89  0.02
403100  8598.89  0.02
404100  8598.89  0.02
405100  8598.89  0.02
406100  8598.89  0.02
407100  8598.89  0.02
408100  8598.89  0.02
409100  8598.89  0.02
410100  8598.89  0.02
411100  8598.89  0.02
412100  8598.89  0.02
413100  8598.89  0.02
414100  8598.89  0.02
415100  8598.89  0.02
416100  8598.89  0.02
417100  8598.89  0.02
418100  8598.89  0.02
419100  8598.89  0.02
420100  8598.89  0.02
421100  8598.89  0.02
422100  8598.89  0.02
423100  8598.89  0.02
424100  8598.89  0.02
425100  8598.89  0.02
426100  8598.89  0.02
427100  8598.89  0.02
428100  8598.89  0.02
429100  8598.89  0.02
430100  8598.89  0.02
431100  8598.89  0.02
432100  8598.89  0.02
433100  8598.89  0.02
434100  8598.89  0.02
435100  8598.89  0.02
436100  8598.89  0.02
437100  8598.89  0.02
438100  8598.89  0.02
439100  8598.89  0.02
440100  8598.89  0.02
441100  8598.89  0.02
442100  8598.89  0.02
443100  8598.89  0.02
444100  8598.89  0.02
445100  8598.89  0.02
446100  8598.89  0.02
447100  8598.89  0.02
448100  8598.89  0.02
449100  8598.89  0.02
450100  8598.89  0.02
451100  8598.89  0.02
452100  8598.89  0.02
453100  8598.89  0.02
454100  8598.89  0.02
455100  8598.89  0.02
456100  8598.89  0.02
457100  8598.89  0.02
458100  8598.89  0.02
459100  8598.89  0.02
460100  8598.89  0.02
461100  8598.89  0.02
462100  8598.89  0.02
463100  8598.89  0.02
464100  8598.89  0.02
465100  8598.89  0.02
466100  8598.89  0.02
467100  8598.89  0.02
468100  8598.89  0.02
469100  8598.89  0.02
470100  8598.89  0.02
471100  8598.89  0.02
472100  8598.89  0.02
473100  8598.89  0.02
474100  8598.89  0.02
475100  8598.89  0.02
476100  8598.89  0.02
477100  8598.89  0.02
478100  8598.89  0.02
479100  8598.89  0.02
480100  8598.89  0.02
481100  8598.89  0.02
482100  8598.89  0.02
483100  8598.89  0.02
484100  8598.89  0.02
485100  8598.89  0.02
486100  8598.89  0.02
487100  8598.89  0.02
488100  8598.89  0.02
489100  8598.89  0.02
490100  8598.89  0.02
491100  8598.89  0.02
492100  8598.89  0.02
493100  8598.89  0.02
494100  8598.89  0.02
495100  8598.89  0.02
496100  8598.89  0.02
497100  8598.89  0.02
498100  8598.89  0.02
499100  8598.89  0.02
500100  8598.89  0.02
501100  8598.89  0.02
502100  8598.89  0.02
503100  8598.89  0.02
504100  8598.89  0.02
505100  8598.89  0.02
506100  8598.89  0.02
507100  8598.89  0.02
508100  8598.89  0.02
509100  8598.89  0.02
510100  8598.89  0.02
511100  8598.89  0.02
512100  8598.89  0.02
513100  8598.89  0.02
514100  8598.89  0.02
515100  8598.89  0.02
516100  8598.89  0.02
517100  8598.89  0.02
518100  8598.89  0.02
519100  8598.89  0.02
520100  8598.89  0.02
521100  8598.89  0.02
522100  8598.89  0.02
523100  8598.89  0.02
524100  8598.89  0.02
525100  8598.89  0.02
526100  8598.89  0.02
527100  8598.89  0.02
528100  8598.89  0.02
529100  8598.89  0.02
530100  8598.89  0.02
531100  8598.89  0.02
532100  8598.89  0.02
533100  8598.89  0.02
534100  8598.89  0.02
535100  8598.89  0.02
536100  8598.89  0.02
537100  8598.89  0.02
538100  8598.89  0.02
539100  8598.89  0.02
540100  8598.89  0.02
541100  8598.89  0.02
542100  8598.89  0.02
543100  8598.89  0.02
544100  8598.89  0.02
545100  8598.89  0.02
546100  8598.89  0.02
547100  8598.89  0.02
548100  8598.89  0.02
549100  8598.89  0.02
550100  8598.89  0.02
551100  8598.89  0.02
552100  8598.89  0.02
553100  8598.89  0.02
554100  8598.89  0.02
555100  8598.89  0.02
556100  8598.89  0.02
557100  8598.89  0.02
558100  8598.89  0.02
559100  8598.89  0.02
560100  8598.89  0.02
561100  8598.89  0.02
562100  8598.89  0.02
563100  8598.89  0.02
564100  8598.89  0.02
565100  8598.89  0.02
566100  8598.89  0.02
567100  8598.89  0.02
568100  8598.89  0.02
569100  8598.89  0.02
570100  8598.89  0.02
571100  8598.89  0.02
572100  8598.89  0.02
573100  8598.89  0.02
574100  8598.89  0.02
575100  8598.89  0.02
576100  8598.89  0.02
577100  8598.89  0.02
578100  8598.89  0.02
579100  8598.89  0.02
580100  8598.89  0.02
581100  8598.89  0.02
582100  8598.89  0.02
583100  8598.89  0.02
584100  8598.89  0.02
585100  8598.89  0.02
586100  8598.89  0.02
587100  8598.89  0.02
588100  8598.89  0.02
589100  8598.89  0.02
590100  8598.89  0.02
591100  8598.89  0.02
592100  8598.89  0.02
593100  8598.89  0.02
594100  8598.89  0.02
595100  8598.89  0.02
596100  8598.89  0.02
597100  8598.89  0.02
598100  8598.89  0.02
599100  8598.89  0.02
600100  8598.89  0.02
601100  8598.89  0.02
602100  8598.89  0.02
603100  8598.89  0.02
604100  8598.89  0.02
605100  8598.89  0.02
606100  8598.89  0.02
607100  8598.89  0.02
608100  8598.89  0.02
609100  8598.89  0.02
610100  8598.89  0.02
611100  8598.89  0.02
612100  8598.89  0.02
613100  8598.89  0.02
614100  8598.89  0.02
615100  8598.89  0.02
616100  8598.89  0.02
617100  8598.89  0.02
618100  8598.89  0.02
619100  8598.89  0.02
620100  8598.89  0.02
621100  8598.89  0.02
622100  8598.89  0.02
623100  8598.89  0.02
624100  8598.89  0.02
625100  8598.89  0.02
626100  8598.89  0.02
627100  8598.89  0.02
628100  8598.89  0.02
629100  8598.89  0.02
630100  8598.89  0.02
631100  8598.89  0.02
632100  8598.89  0.02
633100  8598.89  0.02
634100  8598.89  0.02
635100  8598.89  0.02
636100  8598.89  0.02
637100  8598.89  0.02
638100  8598.89  0.02
639100  8598.89  0.02
640100  8598.89  0.02
641100  8598.89  0.02
642100  8598.89  0.02
643100  8598.89  0.02
644100  8598.89  0.02
645100  8598.89  0.02
646100  8598.89  0.02
647100  8598.89  0.02
648100  8598.89  0.02
649100  8598.89  0.02
650100  8598.89  0.02
651100  8598.89  0.02
652100  8598.89  0.02
653100  8598.89  0.02
654100  8598.89  0.02
655100  8598.89  0.02
656100  8598.89  0.02
657100  8598.89  0.02
658100  8598.89  0.02
659100  8598.89  0.02
660100  8598.89  0.02
661100  8598.89  0.02
662100  8598.89  0.02
663100  8598.89  0.02
664100  8598.89  0.02
665100  8598.89  0.02
666100  8598.89  0.02
667100  8598.89  0.02
668100  8598.89  0.02
669100  8598.89  0.02
670100  8598.89  0.02
671100  8598.89  0.02
672100  8598.89  0.02
673100  8598.89  0.02
674100  8598.89  0.02
675100  8598.89  0.02
676100  8598.89  0.02
677100  8598.89  0.02
678100  8598.89  0.02
679100  8598.89  0.02
680100  8598.89  0.02
681100  8598.89  0.02
682100  8598.89  0.02
683100  8598.89  0.02
684100  8598.89  0.02
685100  8598.89  0.02
686100  8598.89  0.02
687100  8598.89  0.02
688100  8598.89  0.02
689100  8598.89  0.02
690100  8598.89  0.02
691100  8598.89  0.02
692100  8598.89  0.02
693100  8598.89  0.02
694100  8598.89  0.02
695100  8598.89  0.02
696100  8598.89  0.02
697100  8598.89  0.02
698100  8598.89  0.02
699100  8598.89  0.02
700100  8598.89  0.02
701100  8598.89  0.02
702100  8598.89  0.02
703100  8598.89  0.02
704100  8598.89  0.02
705100  8598.89  0.02
706100  8598.89  0.02
707100  8598.89  0.02
708100  8598.89  0.02
709100  8598.89  0.02
710100  8598.89  0.02
711100  8598.89  0.02
712100  8598.89  0.02
713100  8598.89  0.02
714100  8598.89  0.02
715100  8598.89  0.02
716100  8598.89  0.02
717100  8598.89  0.02
718100  8598.89  0.02
719100  8598.89  0.02
720100  8598.89  0.02
721100  8598.89  0.02
722100  8598.89  0.02
723100  8598.89  0.02
724100  8598.89  0.02
725100  8598.89  0.02
726100  8598.89  0.02
727100  8598.89  0.02
728100  8598.89  0.02
729100  8598.89  0.02
730100  8598.89  0.02
731100  8598.89  0.02
732100  8598.89  0.02
733100  8598.89  0.02
734100  8598.89  0.02
735100  8598.89  0.02
736100  8598.89  0.02
737100  8598.89  0.02
738100  8598.89  0.02
739100  8598.89  0.02
740100  8598.89  0.02
741100  8598.89  0.02
742100  8598.89  0.02
743100  8598.89  0.02
744100  8598.89  0.02
745100  8598.89  0.02
746100  8598.89  0.02
747100  8598.89  0.02
748100  8598.89  0.02
749100  8598.89  0.02
750100  8598.89  0.02
751100  8598.89  0.02
752100  8598.89  0.02
753100  8598.89  0.02
754100  8598.89  0.02
755100  8598.89  0.02
756100  8598.89  0.02
757100  8598.89  0.02
758100  8598.89  0.02
759100  8598.89  0.02
760100  8598.89  0.02
761100  8598.89  0.02
762100  8598.89  0.02
763100  8598.89  0.02
764100  8598.89  0.02
765100  8598.89  0.02
766100  8598.89  0.02
767100  8598.89  0.02
768100  8598.89  0.02
769100  8598.89  0.02
770100  8598.89  0.02
771100  8598.89  0.02
772100  8598.89  0.02
773100  8598.89  0.02
774100  8598.89  0.02
775100  8598.89  0.02
776100  8598.89  0.02
777100  8598.89  0.02
778100  8598.89  0.02
779100  8598.89  0.02
780100  8598.89  0.02
781100  8598.89  0.02
782100  8598.89  0.02
783100  8598.89  0.02
784100  8598.89  0.02
785100  8598.89  0.02
786100  8598.89  0.02
787100  8598.89  0.02
788100  8598.89  0.02
789100  8598.89  0.02
790100  8598.89  0.02
791100  8598.89  0.02
792100  8598.89  0.02
793100  8598.89  0.02
794100  8598.89  0.02
795100  8598.89  0.02
796100  8598.89  0.02
797100  8598.89  0.02
798100  8598.89  0.02
799100  8598.89  0.02
800100  8598.89  0.02
801100  8598.89  0.02
802100  8598.89  0.02
803100  8598.89  0.02
804100  8598.89  0.02
805100  8598.89  0.02
806100  8598.89  0.02
807100  8598.89  0.02
808100  8598.89  0.02
809100  8598.89  0.02
810100  8598.89  0.02
811100  8598.89  0.02
812100  8598.89  0.02
813100  8598.89  0.02
814100  8598.89  0.02
815100  8598.89  0.02
816100  8598.89  0.02
817100  8598.89  0.02
818100  8598.89  0.02
819100  8598.89  0.02
820100  8598.89  0.02
821100  8598.89  0.02
822100  8598.89  0.02
823100  8598.89  0.02
824100  8598.89  0.02
825100  8598.89  0.02
826100  8598.89  0.02
827100  8598.89  0.02
828100  8598.89  0.02
829100  8598.89  0.02
830100  8598.89  0.02
831100  8598.89  0.02
832100  8598.89  0.02
833100  8598.89  0.02
834100  8598.89  0.02
835100  8598.89  0.02
836100  8598.89  0.02
837100  8598.89  0.02
838100  8598.89  0.02
839100  8598.89  0.02
840100  8598.89  0.02
841100  8598.89  0.02
842100  8598.89  0.02
843100  8598.89  0.02
844100  8598.89  0.02
845100  8598.89  0.02
846100  8598.89  0.02
847100  8598.89  0.02
848100  8598.89  0.02
849100  8598.89  0.02
850100  8598.89  0.02
851100  8598.89  0.02
852100  8598.89  0.02
853100  8598.89  0.02
854100  8598.89  0.02
855100  8598.89  0.02
856100  8598.89  0.02
857100  8598.89  0.02
858100  8598.89  0.02
859100  8598.89  0.02
860100  8598.89  0.02
861100  8598.89  0.02
862100  8598.89  0.02
863100  8598.89  0.02
864100  8598.89  0.02
865100  8598.89  0.02
866100  8598.89  0.02
867100  8598.89  0.02
868100  8598.89  0.02
869100  8598.89  0.02
870100  8598.89  0.02
871100  8598.89  0.02
872100  8598.89  0.02
873100  8598.89  0.02
874100  8598.89  0.02
875100  8598.89  0.02
876100  8598.89  0.02
877100  8598.89  0.02
878100  8598.89  0.02
879100  8598.89  0.02
880100  8598.89  0.02
881100  8598.89  0.02
882100  8598.89  0.02
883100  8598.89  0.02
884100  8598.89  0.02
885100  8598.89  0.02
886100  8598.89  0.02
887100  8598.89  0.02
888100  8598.89  0.02
889100  8598.89  0.02
890100  8598.89  0.02
891100  8598.89  0.02
892100  8598.89  0.02
893100  8598.89  0.02
894100  8598.89  0.02
895100  8598.89  0.02
896100  8598.89  0.02
897100  8598.89  0.02
898100  8598.89  0.02
899100  8598.89  0.02
900100  8598.89  0.02
901100  8598.89  0.02
902100  8598.89  0.02
903100  8598.89  0.02
904100  8598.89  0.02
905100  8598.89  0.02
906100  8598.89  0.02
907100  8598.89  0.02
908100  8598.89  0.02
909100  8598.89  0.02
910100  8598.89  0.02
911100  8598.89  0.02
912100  8598.89  0.02
913100  8598.89  0.02
914100  8598.89  0.02
915100  8598.89  0.02
916100  8598.89  0.02
917100  8598.89  0.02
918100  8598.89  0.02
919100  8598.89  0.02
920100  8598.89  0.02
921100  8598.89  0.02
922100  8598.89  0.02
923100  8598.89  0.02
924100  8598.89  0.02
925100  8598.89  0.02
926100  8598.89  0.02
927100  8598.89  0.02
928100  8598.89  0.02
929100  8598.89  0.02
930100  8598.89  0.02
931100  8598.89  0.02
932100  8598.89  0.02
933100  8598.89  0.02
934100  8598.89  0.02
935100  8598.89  0.02
936100  8598.89  0.02
937100  8598.89  0.02
938100  8598.89  0.02
939100  8598.89  0.02
940100  8598.89  0.02
941100  8598.89  0.02
942100  8598.89  0.02
943100  8598.89  0.02
944100  8598.89  0.02
945100  8598.89  0.02
946100  8598.89  0.02
947100  8598.89  0.02
948100  8598.89  0.02
949100  8598.89  0.02
950100  8598.89  0.02
951100  8598.89  0.02
952100  8598.89  0.02
953100  8598.89  0.02
954100  8598.89  0.02
955100  8598.89  0.02
956100  8598.89  0.02
957100  8598.89  0.02
958100  8598.89  0.02
959100  8598.89  0.02
960100  8598.89  0.02
961100  8598.89  0.02
962100  8598.89  0.02
963100  8598.89  0.02
964100  8598.89  0.02
965100  8598.89  0.02
966100  8598.89  0.02
967100  8598.89  0.02
968100  8598.89  0.02
969100  8598.89  0.02
970100  8598.89  0.02
971100  8598.89  0.02
972100  8598.89  0.02
973100  8598.89  0.02
974100  8598.89  0.02
975100  8598.89  0.02
976100  8598.89  0.02
977100  8598.89  0.02
978100  8598.89  0.02
979100  8598.89  0.02
980100  8598.89  0.02
981100  8598.89  0.02
982100  8598.89  0.02
983100  8598.89  0.02
984100  8598.89  0.02
985100  8598.89  0.02
986100  8598.89  0.02
987100  8598.89  0.02
988100  8598.89  0.02
989100  8598.89  0.02
990100  8598.89  0.02
991100  8598.89  0.02
992100  8598.89  0.02
993100  8598.89  0.02
994100  8598.89  0.02
995100  8598.89  0.02
996100  8598.89  0.02
997100  8598.89  0.02
998100  8598.89  0.02
999100  8598.89  0.02
