100  4274.95  0.92
1100  21484  0.4
2100  25806.5  0.26
3100  40963.3  0.28
4100  33605.2  0.18
5100  82689.7  0.34
6100  61482.1  0.22
7100  92785.2  0.28
8100  48530.2  0.12
9100  22103.3  0.06
10100  61099.4  0.14
11100  41541.3  0.08
12100  32530.4  0.06
13100  77279.5  0.12
14100  70363.3  0.1
15100  102391  0.14
16100  46161.7  0.06
17100  48012.9  0.06
18100  50031  0.06
19100  76959.6  0.1
20100  51921.7  0.06
21100  64116.3  0.08
22100  66951.9  0.08
23100  116397  0.12
24100  65570  0.06
25100  67588.2  0.06
26100  105145  0.1
27100  54790.6  0.06
28100  56671  0.06
29100  59015.1  0.06
30100  60217.6  0.04
31100  61601.4  0.04
32100  62622.3  0.04
33100  63643.2  0.04
34100  64494  0.04
35100  65514.9  0.04
36100  66535.8  0.04
37100  67556.8  0.04
38100  68577.7  0.04
39100  69598.6  0.04
40100  70619.5  0.04
41100  71640.4  0.04
42100  72491.2  0.04
43100  73512.1  0.04
44100  74533  0.04
45100  75553.9  0.04
46100  76565.4  0.04
47100  77567.4  0.04
48100  78569.4  0.04
49100  79571.3  0.04
50100  80406.3  0.04
51100  81408.3  0.04
52100  82410.3  0.04
53100  83412.3  0.04
54100  84414.3  0.04
55100  85416.2  0.04
56100  86418.2  0.04
57100  87420.2  0.04
58100  88255.2  0.04
59100  89257.2  0.04
60100  90259.1  0.04
61100  91261.1  0.04
62100  92263.1  0.04
63100  93265.1  0.04
64100  94267.1  0.04
65100  95269.1  0.04
66100  96104  0.04
67100  97106  0.04
68100  72357  0.04
69100  73377.9  0.04
70100  74398.8  0.04
71100  75419.8  0.04
72100  178493  0.06
73100  180520  0.06
74100  310218  0.1
75100  314328  0.1
76100  318173  0.1
77100  322284  0.1
78100  326299  0.1
79100  330409  0.1
80100  334401  0.1
81100  170611  0.06
82100  172638  0.06
83100  174495  0.06
84100  176499  0.06
85100  178526  0.06
86100  196504  0.06
87100  198531  0.06
88100  200535  0.06
89100  202562  0.06
90100  374415  0.1
91100  378207  0.1
92100  192511  0.06
93100  194536  0.06
94100  196534  0.06
95100  198559  0.06
96100  200584  0.06
97100  202609  0.06
98100  220585  0.06
99100  222440  0.06
100100  224439  0.06
101100  209728  0.06
102100  211858  0.06
103100  213829  0.06
104100  215800  0.06
105100  217930  0.06
106100  219901  0.06
107100  221702  0.06
108100  223831  0.06
109100  225802  0.06
110100  227773  0.06
111100  229798  0.06
112100  126461  0.04
113100  127482  0.04
114100  128503  0.04
115100  129353  0.04
116100  130374  0.04
117100  131395  0.04
118100  132416  0.04
119100  133437  0.04
120100  134458  0.04
121100  135479  0.04
122100  136500  0.04
123100  137351  0.04
124100  138372  0.04
125100  139392  0.04
126100  140413  0.04
127100  141434  0.04
128100  142455  0.04
129100  143476  0.04
130100  144497  0.04
131100  145348  0.04
132100  146369  0.04
133100  147390  0.04
134100  148411  0.04
135100  149431  0.04
136100  150452  0.04
137100  151473  0.04
138100  152494  0.04
139100  153515  0.04
140100  154366  0.04
141100  353358  0.06
142100  355398  0.06
143100  357354  0.06
144100  359394  0.06
145100  361434  0.06
146100  363475  0.06
147100  365515  0.06
148100  367300  0.06
149100  369341  0.06
150100  371381  0.06
151100  373421  0.06
152100  375377  0.06
153100  377417  0.06
154100  331383  0.06
155100  333423  0.06
156100  335294  0.06
157100  337249  0.06
158100  339289  0.06
159100  341330  0.06
160100  343370  0.06
161100  345325  0.06
162100  347366  0.06
163100  349406  0.06
164100  351276  0.06
165100  334093  0.06
166100  336133  0.06
167100  338173  0.06
168100  340214  0.06
169100  342254  0.06
170100  344209  0.06
171100  346250  0.06
172100  348120  0.06
173100  706411  0.1
174100  710221  0.1
175100  714243  0.1
176100  718413  0.1
177100  722308  0.1
178100  726393  0.1
179100  730287  0.1
180100  734140  0.1
181100  738310  0.1
182100  742204  0.1
183100  746289  0.1
184100  750459  0.1
185100  754207  0.1
186100  758376  0.1
187100  762461  0.1
188100  766186  0.1
189100  770356  0.1
190100  774103  0.1
191100  778273  0.1
192100  782358  0.1
193100  786253  0.1
194100  790422  0.1
195100  794445  0.1
196100  798085  0.1
197100  802254  0.1
198100  806424  0.1
199100  810319  0.1
200100  407452  0.06
201100  409429  0.06
202100  411406  0.06
203100  413384  0.06
204100  415361  0.06
205100  417407  0.06
206100  419385  0.06
207100  421362  0.06
208100  423339  0.06
209100  425317  0.06
210100  495505  0.06
211100  218783  0.04
212100  219804  0.04
213100  220654  0.04
214100  221675  0.04
215100  222696  0.04
216100  223717  0.04
217100  224738  0.04
218100  225759  0.04
219100  226780  0.04
220100  227801  0.04
221100  228651  0.04
222100  229672  0.04
223100  230693  0.04
224100  231714  0.04
225100  232735  0.04
226100  233756  0.04
227100  234777  0.04
228100  235798  0.04
229100  236649  0.04
230100  237670  0.04
231100  238691  0.04
232100  239711  0.04
233100  240732  0.04
234100  241753  0.04
235100  242774  0.04
236100  243795  0.04
237100  244646  0.04
238100  245667  0.04
239100  246688  0.04
240100  247709  0.04
241100  248730  0.04
242100  249750  0.04
243100  250771  0.04
244100  251792  0.04
245100  252643  0.04
246100  253664  0.04
247100  254685  0.04
248100  255706  0.04
249100  256727  0.04
250100  257748  0.04
251100  258769  0.04
252100  259789  0.04
253100  260640  0.04
254100  261661  0.04
255100  262682  0.04
256100  263703  0.04
257100  264724  0.04
258100  265745  0.04
259100  266766  0.04
260100  267787  0.04
261100  268808  0.04
262100  269658  0.04
263100  270679  0.04
264100  271700  0.04
265100  272721  0.04
266100  273742  0.04
267100  274763  0.04
268100  275784  0.04
269100  276805  0.04
270100  345395  0.04
271100  346416  0.04
272100  347437  0.04
273100  348458  0.04
274100  349479  0.04
275100  350500  0.04
276100  351520  0.04
277100  352541  0.04
278100  353392  0.04
279100  354413  0.04
280100  355434  0.04
281100  356455  0.04
282100  357476  0.04
283100  358497  0.04
284100  359518  0.04
285100  360539  0.04
286100  361389  0.04
287100  362410  0.04
288100  363431  0.04
289100  364452  0.04
290100  365473  0.04
291100  366494  0.04
292100  367515  0.04
293100  368536  0.04
294100  369387  0.04
295100  370407  0.04
296100  371428  0.04
297100  372449  0.04
298100  373470  0.04
299100  374491  0.04
300100  375512  0.04
301100  376533  0.04
302100  377384  0.04
303100  378405  0.04
304100  379426  0.04
305100  380446  0.04
306100  381467  0.04
307100  382488  0.04
308100  383509  0.04
309100  384530  0.04
310100  385381  0.04
311100  386402  0.04
312100  387423  0.04
313100  388444  0.04
314100  389465  0.04
315100  390485  0.04
316100  391506  0.04
317100  392527  0.04
318100  393378  0.04
319100  394399  0.04
320100  395420  0.04
321100  396441  0.04
322100  397462  0.04
323100  398483  0.04
324100  399504  0.04
325100  400525  0.04
326100  401545  0.04
327100  402396  0.04
328100  403417  0.04
329100  404438  0.04
330100  405459  0.04
331100  406480  0.04
332100  407501  0.04
333100  408522  0.04
334100  409543  0.04
335100  410393  0.04
336100  411414  0.04
337100  412435  0.04
338100  413456  0.04
339100  414477  0.04
340100  415498  0.04
341100  416519  0.04
342100  417540  0.04
343100  418391  0.04
344100  419411  0.04
345100  420432  0.04
346100  421453  0.04
347100  422474  0.04
348100  423495  0.04
349100  424516  0.04
350100  425537  0.04
351100  426388  0.04
352100  427409  0.04
353100  428430  0.04
354100  429450  0.04
355100  430471  0.04
356100  431492  0.04
357100  432513  0.04
358100  433534  0.04
359100  434385  0.04
360100  785702  0.06
361100  787708  0.06
362100  789715  0.06
363100  791721  0.06
364100  793727  0.06
365100  795897  0.06
366100  797903  0.06
367100  799739  0.06
368100  801745  0.06
369100  803751  0.06
370100  805757  0.06
371100  807763  0.06
372100  809770  0.06
373100  811776  0.06
374100  813782  0.06
375100  815618  0.06
376100  817788  0.06
377100  1.14308e+06  0.08
378100  1.14614e+06  0.08
379100  1.1492e+06  0.08
380100  1.152e+06  0.08
381100  1.15506e+06  0.08
382100  1.15812e+06  0.08
383100  1.16119e+06  0.08
384100  1.16382e+06  0.08
385100  1.16688e+06  0.08
386100  1.16994e+06  0.08
387100  1.17317e+06  0.08
388100  1.17623e+06  0.08
389100  1.17903e+06  0.08
390100  1.18209e+06  0.08
391100  1.18515e+06  0.08
392100  1.61434e+06  0.1
393100  1.61849e+06  0.1
394100  1.62235e+06  0.1
395100  1.62651e+06  0.1
396100  1.63037e+06  0.1
397100  1.63423e+06  0.1
398100  1.63854e+06  0.1
399100  1.6426e+06  0.1
400100  1.64658e+06  0.1
401100  1.65044e+06  0.1
402100  1.24611e+06  0.08
403100  1.24909e+06  0.08
404100  1.25207e+06  0.08
405100  1.25506e+06  0.08
406100  1.25804e+06  0.08
407100  1.26121e+06  0.08
408100  1.26402e+06  0.08
409100  1.26717e+06  0.08
410100  1.27015e+06  0.08
411100  1.27313e+06  0.08
412100  1.27611e+06  0.08
413100  1.27909e+06  0.08
414100  881272  0.06
415100  883278  0.06
416100  885114  0.06
417100  887120  0.06
418100  889126  0.06
419100  852009  0.06
420100  854179  0.06
421100  856185  0.06
422100  858191  0.06
423100  860197  0.06
424100  862033  0.06
425100  864039  0.06
426100  866046  0.06
427100  868052  0.06
428100  870058  0.06
429100  872064  0.06
430100  874070  0.06
431100  876240  0.06
432100  878076  0.06
433100  880082  0.06
434100  882088  0.06
435100  884094  0.06
436100  886101  0.06
437100  888107  0.06
438100  890113  0.06
439100  892119  0.06
440100  893955  0.06
441100  895961  0.06
442100  898131  0.06
443100  900137  0.06
444100  902143  0.06
445100  904149  0.06
446100  906155  0.06
447100  908162  0.06
448100  910168  0.06
449100  912004  0.06
450100  914010  0.06
451100  916016  0.06
452100  918022  0.06
453100  920192  0.06
454100  922198  0.06
455100  526356  0.04
456100  527377  0.04
457100  528227  0.04
458100  529248  0.04
459100  530269  0.04
460100  531290  0.04
461100  532311  0.04
462100  533332  0.04
463100  534353  0.04
464100  535374  0.04
465100  536225  0.04
466100  537246  0.04
467100  538266  0.04
468100  539287  0.04
469100  540308  0.04
470100  541329  0.04
471100  542350  0.04
472100  543371  0.04
473100  544222  0.04
474100  545243  0.04
475100  546264  0.04
476100  547285  0.04
477100  548305  0.04
478100  549326  0.04
479100  550347  0.04
480100  551368  0.04
481100  552219  0.04
482100  553240  0.04
483100  554261  0.04
484100  555282  0.04
485100  556303  0.04
486100  557324  0.04
487100  558344  0.04
488100  559365  0.04
489100  560216  0.04
490100  561237  0.04
491100  562258  0.04
492100  563279  0.04
493100  564300  0.04
494100  565321  0.04
495100  566342  0.04
496100  567363  0.04
497100  568213  0.04
498100  569234  0.04
499100  570255  0.04
500100  571276  0.04
501100  572297  0.04
502100  573318  0.04
503100  574339  0.04
504100  575360  0.04
505100  576381  0.04
506100  577231  0.04
507100  578252  0.04
508100  531199  0.04
509100  532220  0.04
510100  533241  0.04
511100  534262  0.04
512100  535283  0.04
513100  536304  0.04
514100  537154  0.04
515100  538175  0.04
516100  539196  0.04
517100  540217  0.04
518100  541238  0.04
519100  542259  0.04
520100  543280  0.04
521100  544301  0.04
522100  545152  0.04
523100  546173  0.04
524100  547193  0.04
525100  548214  0.04
526100  549235  0.04
527100  550256  0.04
528100  551277  0.04
529100  552298  0.04
530100  534010  0.04
531100  535031  0.04
532100  536052  0.04
533100  537073  0.04
534100  538094  0.04
535100  539114  0.04
536100  540135  0.04
537100  541156  0.04
538100  542007  0.04
539100  543028  0.04
540100  544049  0.04
541100  545070  0.04
542100  546091  0.04
543100  547112  0.04
544100  548133  0.04
545100  1.10425e+06  0.06
546100  1.10593e+06  0.06
547100  1.10805e+06  0.06
548100  1.11017e+06  0.06
549100  1.11201e+06  0.06
550100  1.11413e+06  0.06
551100  1.11626e+06  0.06
552100  1.1181e+06  0.06
553100  1.12022e+06  0.06
554100  1.1219e+06  0.06
555100  1.12402e+06  0.06
556100  1.12614e+06  0.06
557100  1.12798e+06  0.06
558100  1.1301e+06  0.06
559100  1.13223e+06  0.06
560100  1.13407e+06  0.06
561100  1.13619e+06  0.06
562100  1.13831e+06  0.06
563100  1.13999e+06  0.06
564100  1.14211e+06  0.06
565100  1.14395e+06  0.06
566100  1.14607e+06  0.06
567100  1.1482e+06  0.06
568100  1.15004e+06  0.06
569100  1.15216e+06  0.06
570100  1.15428e+06  0.06
571100  1.15596e+06  0.06
572100  1.15808e+06  0.06
573100  1.1602e+06  0.06
574100  1.16204e+06  0.06
575100  1.16417e+06  0.06
576100  1.16601e+06  0.06
577100  1.16813e+06  0.06
578100  1.17025e+06  0.06
579100  1.17193e+06  0.06
580100  1.17405e+06  0.06
581100  1.17617e+06  0.06
582100  1.17801e+06  0.06
583100  1.18014e+06  0.06
584100  1.18226e+06  0.06
585100  1.1841e+06  0.06
586100  1.18622e+06  0.06
587100  1.1879e+06  0.06
588100  1.19002e+06  0.06
589100  1.19214e+06  0.06
590100  1.19399e+06  0.06
591100  1.19611e+06  0.06
592100  1.19823e+06  0.06
593100  1.20007e+06  0.06
594100  1.20219e+06  0.06
595100  1.20414e+06  0.06
596100  1.20599e+06  0.06
597100  1.20811e+06  0.06
598100  1.20996e+06  0.06
599100  1.21208e+06  0.06
600100  1.2142e+06  0.06
601100  1.21604e+06  0.06
602100  1.21816e+06  0.06
603100  1.22011e+06  0.06
604100  1.22196e+06  0.06
605100  1.22408e+06  0.06
606100  1.2262e+06  0.06
607100  1.22805e+06  0.06
608100  1.23017e+06  0.06
609100  643406  0.04
610100  644427  0.04
611100  645278  0.04
612100  646299  0.04
613100  647320  0.04
614100  648341  0.04
615100  649362  0.04
616100  650382  0.04
617100  651403  0.04
618100  652424  0.04
619100  653275  0.04
620100  654296  0.04
621100  655317  0.04
622100  656338  0.04
623100  657359  0.04
624100  658380  0.04
625100  659401  0.04
626100  660421  0.04
627100  661442  0.04
628100  662293  0.04
629100  663314  0.04
630100  664335  0.04
631100  665356  0.04
632100  666377  0.04
633100  667398  0.04
634100  668419  0.04
635100  669440  0.04
636100  670290  0.04
637100  671311  0.04
638100  672332  0.04
639100  673353  0.04
640100  674374  0.04
641100  1.32821e+06  0.06
642100  1.33026e+06  0.06
643100  1.33231e+06  0.06
644100  1.33419e+06  0.06
645100  1.33624e+06  0.06
646100  1.33815e+06  0.06
647100  1.3402e+06  0.06
648100  1.34225e+06  0.06
649100  1.3443e+06  0.06
650100  1.34635e+06  0.06
651100  1.34825e+06  0.06
652100  1.35013e+06  0.06
653100  1.35218e+06  0.06
654100  1.35423e+06  0.06
655100  1.35628e+06  0.06
656100  1.35819e+06  0.06
657100  1.36024e+06  0.06
658100  1.36229e+06  0.06
659100  1.36434e+06  0.06
660100  1.36622e+06  0.06
661100  1.36812e+06  0.06
662100  1.37017e+06  0.06
663100  1.37223e+06  0.06
664100  1.37428e+06  0.06
665100  1.37633e+06  0.06
666100  1.37823e+06  0.06
667100  1.38028e+06  0.06
668100  1.38216e+06  0.06
669100  1.38421e+06  0.06
670100  1.38626e+06  0.06
671100  1.38817e+06  0.06
672100  1.39022e+06  0.06
673100  1.39227e+06  0.06
674100  1.39432e+06  0.06
675100  1.39637e+06  0.06
676100  1.3981e+06  0.06
677100  1.40015e+06  0.06
678100  1.4022e+06  0.06
679100  1.40425e+06  0.06
680100  1.40616e+06  0.06
681100  1.40821e+06  0.06
682100  1.41026e+06  0.06
683100  1.41231e+06  0.06
684100  1.41436e+06  0.06
685100  1.41609e+06  0.06
686100  1.41814e+06  0.06
687100  1.42019e+06  0.06
688100  1.42224e+06  0.06
689100  1.42429e+06  0.06
690100  1.4262e+06  0.06
691100  1.39401e+06  0.06
692100  1.39606e+06  0.06
693100  1.39794e+06  0.06
694100  702404  0.04
695100  703424  0.04
696100  704445  0.04
697100  705466  0.04
698100  706487  0.04
699100  707508  0.04
700100  708529  0.04
701100  709380  0.04
702100  710401  0.04
703100  711422  0.04
704100  712443  0.04
705100  713463  0.04
706100  714484  0.04
707100  715505  0.04
708100  716526  0.04
709100  717377  0.04
710100  718398  0.04
711100  719419  0.04
712100  720440  0.04
713100  721461  0.04
714100  722482  0.04
715100  723502  0.04
716100  724523  0.04
717100  725374  0.04
718100  726395  0.04
719100  727416  0.04
720100  728437  0.04
721100  729458  0.04
722100  730479  0.04
723100  731500  0.04
724100  732521  0.04
725100  733371  0.04
726100  734392  0.04
727100  735413  0.04
728100  736434  0.04
729100  737455  0.04
730100  754427  0.04
731100  755448  0.04
732100  756469  0.04
733100  757320  0.04
734100  758341  0.04
735100  759362  0.04
736100  760383  0.04
737100  761404  0.04
738100  762424  0.04
739100  763445  0.04
740100  764466  0.04
741100  765317  0.04
742100  766338  0.04
743100  767359  0.04
744100  768380  0.04
745100  769401  0.04
746100  770422  0.04
747100  771443  0.04
748100  772463  0.04
749100  773484  0.04
750100  774335  0.04
751100  775356  0.04
752100  776377  0.04
753100  777398  0.04
754100  778419  0.04
755100  779440  0.04
756100  780461  0.04
757100  781482  0.04
758100  782332  0.04
759100  783353  0.04
760100  784374  0.04
761100  785395  0.04
762100  786416  0.04
763100  787437  0.04
764100  788458  0.04
765100  789479  0.04
766100  790330  0.04
767100  791350  0.04
768100  770905  0.04
769100  771925  0.04
770100  772946  0.04
771100  773967  0.04
772100  774988  0.04
773100  776009  0.04
774100  776860  0.04
775100  777881  0.04
776100  778902  0.04
777100  1.27745e+06  0.04
778100  1.27847e+06  0.04
779100  1.27949e+06  0.04
780100  1.28051e+06  0.04
781100  1.28153e+06  0.04
782100  1.28238e+06  0.04
783100  1.2834e+06  0.04
784100  1.28442e+06  0.04
785100  1.28544e+06  0.04
786100  1.28647e+06  0.04
787100  1.28749e+06  0.04
788100  1.28851e+06  0.04
789100  1.28953e+06  0.04
790100  1.29038e+06  0.04
791100  1.2914e+06  0.04
792100  1.29242e+06  0.04
793100  1.29344e+06  0.04
794100  1.29446e+06  0.04
795100  1.29548e+06  0.04
796100  1.2965e+06  0.04
797100  1.29753e+06  0.04
798100  1.29838e+06  0.04
799100  1.2994e+06  0.04
800100  1.64621e+06  0.06
801100  1.6483e+06  0.06
802100  1.65018e+06  0.06
803100  1.65227e+06  0.06
804100  1.65437e+06  0.06
805100  1.65624e+06  0.06
806100  1.65834e+06  0.06
807100  1.66026e+06  0.06
808100  1.66214e+06  0.06
809100  1.66423e+06  0.06
810100  1.66632e+06  0.06
811100  1.6682e+06  0.06
812100  1.67029e+06  0.06
813100  1.67239e+06  0.06
814100  1.67426e+06  0.06
815100  1.67619e+06  0.06
816100  1.67828e+06  0.06
817100  1.68016e+06  0.06
818100  1.68225e+06  0.06
819100  1.68434e+06  0.06
820100  1.68622e+06  0.06
821100  1.68831e+06  0.06
822100  1.69041e+06  0.06
823100  1.69211e+06  0.06
824100  1.69421e+06  0.06
825100  1.6963e+06  0.06
826100  1.69818e+06  0.06
827100  1.70027e+06  0.06
828100  893713  0.04
829100  894734  0.04
830100  895754  0.04
831100  896605  0.04
832100  897626  0.04
833100  898647  0.04
834100  899668  0.04
835100  900689  0.04
836100  901710  0.04
837100  902731  0.04
838100  903752  0.04
839100  904602  0.04
840100  905623  0.04
841100  906644  0.04
842100  907665  0.04
843100  908686  0.04
844100  909707  0.04
845100  1.70754e+06  0.06
846100  1.70961e+06  0.06
847100  1.71152e+06  0.06
848100  1.71333e+06  0.06
849100  1.71541e+06  0.06
850100  1.71749e+06  0.06
851100  1.71957e+06  0.06
852100  1.72164e+06  0.06
853100  1.72346e+06  0.06
854100  1.72553e+06  0.06
855100  1.72744e+06  0.06
856100  1.72952e+06  0.06
857100  1.7316e+06  0.06
858100  1.73341e+06  0.06
859100  1.73549e+06  0.06
860100  1.73763e+06  0.06
861100  1.73953e+06  0.06
862100  1.74143e+06  0.06
863100  1.74345e+06  0.06
864100  1.74535e+06  0.06
865100  1.74755e+06  0.06
866100  1.74945e+06  0.06
867100  1.75164e+06  0.06
868100  1.75354e+06  0.06
869100  1.75544e+06  0.06
870100  1.75763e+06  0.06
871100  1.74312e+06  0.06
872100  1.74495e+06  0.06
873100  1.74694e+06  0.06
874100  1.74894e+06  0.06
875100  1.75093e+06  0.06
876100  1.75312e+06  0.06
877100  1.75512e+06  0.06
878100  1.75712e+06  0.06
879100  1.75911e+06  0.06
880100  1.76094e+06  0.06
881100  1.76293e+06  0.06
882100  1.76493e+06  0.06
883100  1.76693e+06  0.06
884100  937133  0.04
885100  938154  0.04
886100  939175  0.04
887100  940196  0.04
888100  901924  0.04
889100  902945  0.04
890100  903966  0.04
891100  904987  0.04
892100  906007  0.04
893100  907028  0.04
894100  908049  0.04
895100  909070  0.04
896100  909921  0.04
897100  910942  0.04
898100  911963  0.04
899100  912984  0.04
900100  914005  0.04
901100  915026  0.04
902100  916046  0.04
903100  917067  0.04
904100  917918  0.04
905100  918939  0.04
906100  919960  0.04
907100  920981  0.04
908100  922002  0.04
909100  923023  0.04
910100  924044  0.04
911100  925065  0.04
912100  925915  0.04
913100  926936  0.04
914100  927957  0.04
915100  928978  0.04
916100  929999  0.04
917100  931020  0.04
918100  932041  0.04
919100  933062  0.04
920100  933913  0.04
921100  934933  0.04
922100  935954  0.04
923100  936975  0.04
924100  937996  0.04
925100  939017  0.04
926100  940038  0.04
927100  941059  0.04
928100  942080  0.04
929100  942931  0.04
930100  943952  0.04
931100  944972  0.04
932100  945993  0.04
933100  947014  0.04
934100  948035  0.04
935100  949056  0.04
936100  950077  0.04
937100  950928  0.04
938100  951949  0.04
939100  952970  0.04
940100  953991  0.04
941100  955011  0.04
942100  956032  0.04
943100  957053  0.04
944100  958074  0.04
945100  958925  0.04
946100  959946  0.04
947100  960967  0.04
948100  961988  0.04
949100  963009  0.04
950100  964030  0.04
951100  965051  0.04
952100  966071  0.04
953100  966922  0.04
954100  967943  0.04
955100  968964  0.04
956100  969985  0.04
957100  971006  0.04
958100  972027  0.04
959100  973048  0.04
960100  974069  0.04
961100  974919  0.04
962100  975940  0.04
963100  976961  0.04
964100  977982  0.04
965100  979003  0.04
966100  980024  0.04
967100  981045  0.04
968100  982066  0.04
969100  982917  0.04
970100  983937  0.04
971100  984958  0.04
972100  985979  0.04
973100  987000  0.04
974100  988021  0.04
975100  989042  0.04
976100  990063  0.04
977100  990914  0.04
978100  991935  0.04
979100  992956  0.04
980100  993976  0.04
981100  994997  0.04
982100  996018  0.04
983100  997039  0.04
984100  998060  0.04
985100  999081  0.04
986100  999932  0.04
987100  1.00095e+06  0.04
988100  1.00197e+06  0.04
989100  1.00299e+06  0.04
990100  1.00402e+06  0.04
991100  1.00504e+06  0.04
992100  1.00606e+06  0.04
993100  1.00708e+06  0.04
994100  1.00793e+06  0.04
995100  1.00895e+06  0.04
996100  1.00997e+06  0.04
997100  1.01099e+06  0.04
998100  1.01201e+06  0.04
999100  1.01303e+06  0.04
