100  4440.34  0.96
1100  23915.8  0.44
2100  25694.8  0.26
3100  10039.5  0.08
4100  20059.9  0.1
5100  18045.9  0.08
6100  21092.4  0.08
7100  64638.4  0.2
8100  57421.6  0.16
9100  65512.9  0.16
10100  71610.6  0.16
11100  45107.1  0.1
12100  24969.7  0.06
13100  27550.2  0.06
14100  43178.4  0.08
15100  30971.2  0.06
16100  31682.6  0.04
17100  32811.4  0.04
18100  33658  0.04
19100  34786.8  0.04
20100  35633.4  0.04
21100  36762.2  0.04
22100  37608.8  0.04
23100  38737.6  0.04
24100  39584.2  0.04
25100  40713  0.04
26100  41559.6  0.04
27100  42688.3  0.04
28100  43817.1  0.04
29100  44663.7  0.04
30100  45792.5  0.04
31100  46639.1  0.04
32100  47767.9  0.04
33100  48614.5  0.04
34100  49743.3  0.04
35100  50589.9  0.04
36100  51718.7  0.04
37100  52565.3  0.04
38100  53694.1  0.04
39100  54822.9  0.04
40100  55669.5  0.04
41100  56798.3  0.04
42100  57644.9  0.04
43100  58773.7  0.04
44100  59620.2  0.04
45100  60749  0.04
46100  61595.6  0.04
47100  62724.4  0.04
48100  63571  0.04
49100  64699.8  0.04
50100  65828.6  0.04
51100  66675.2  0.04
52100  67804  0.04
53100  68650.6  0.04
54100  69779.4  0.04
55100  70626  0.04
56100  71754.8  0.04
57100  72601.4  0.04
58100  73730.2  0.04
59100  74576.8  0.04
60100  75705.6  0.04
61100  76834.3  0.04
62100  77680.9  0.04
63100  78809.7  0.04
64100  79656.3  0.04
65100  80785.1  0.04
66100  81631.7  0.04
67100  82760.5  0.04
68100  83607.1  0.04
69100  84735.9  0.04
70100  85582.5  0.04
71100  86711.3  0.04
72100  87557.9  0.04
73100  88686.7  0.04
74100  89815.5  0.04
75100  90662.1  0.04
76100  91787.6  0.04
77100  92629.4  0.04
78100  93751.7  0.04
79100  94593.4  0.04
80100  95715.8  0.04
81100  96557.5  0.04
82100  97679.9  0.04
83100  98521.6  0.04
84100  99643.9  0.04
85100  100766  0.04
86100  101608  0.04
87100  102730  0.04
88100  103572  0.04
89100  104694  0.04
90100  105536  0.04
91100  106658  0.04
92100  107500  0.04
93100  108623  0.04
94100  109464  0.04
95100  110587  0.04
96100  111709  0.04
97100  112551  0.04
98100  113673  0.04
99100  114515  0.04
100100  115637  0.04
101100  116479  0.04
102100  117601  0.04
103100  118443  0.04
104100  119565  0.04
105100  120407  0.04
106100  121529  0.04
107100  122652  0.04
108100  123493  0.04
109100  124616  0.04
110100  125458  0.04
111100  126580  0.04
112100  224138  0.04
113100  226258  0.04
114100  227343  0.04
115100  228472  0.04
116100  229318  0.04
117100  230447  0.04
118100  231576  0.04
119100  232422  0.04
120100  481262  0.1
121100  485160  0.1
122100  489211  0.1
123100  493087  0.1
124100  497267  0.1
125100  501166  0.1
126100  505216  0.1
127100  509114  0.1
128100  513126  0.1
129100  516873  0.1
130100  521053  0.1
131100  525969  0.1
132100  530338  0.1
133100  534388  0.1
134100  538265  0.1
135100  542445  0.1
136100  546214  0.1
137100  413275  0.08
138100  416162  0.08
139100  419310  0.08
140100  422068  0.08
141100  425238  0.08
142100  428407  0.08
143100  431165  0.08
144100  434313  0.08
145100  437200  0.08
146100  440155  0.08
147100  578815  0.08
148100  581985  0.08
149100  596967  0.1
150100  601018  0.1
151100  604916  0.1
152100  457135  0.08
153100  460305  0.08
154100  463041  0.08
155100  466210  0.08
156100  468625  0.08
157100  472084  0.08
158100  474842  0.08
159100  477990  0.08
160100  480877  0.08
161100  483917  0.08
162100  486805  0.08
163100  489974  0.08
164100  493122  0.08
165100  495880  0.08
166100  499050  0.08
167100  274248  0.04
168100  275377  0.04
169100  276223  0.04
170100  277352  0.04
171100  278199  0.04
172100  279327  0.04
173100  280174  0.04
174100  281303  0.04
175100  282149  0.04
176100  283278  0.04
177100  284407  0.04
178100  285253  0.04
179100  286382  0.04
180100  287229  0.04
181100  288358  0.04
182100  289204  0.04
183100  707645  0.08
184100  710248  0.08
185100  713425  0.08
186100  191318  0.04
187100  192447  0.04
188100  193576  0.04
189100  194422  0.04
190100  195551  0.04
191100  196398  0.04
192100  197527  0.04
193100  198373  0.04
194100  199502  0.04
195100  200349  0.04
196100  201477  0.04
197100  202324  0.04
198100  203453  0.04
199100  204582  0.04
200100  205428  0.04
201100  206557  0.04
202100  207404  0.04
203100  208532  0.04
204100  209379  0.04
205100  210508  0.04
206100  211354  0.04
207100  212483  0.04
208100  213330  0.04
209100  214459  0.04
210100  215587  0.04
211100  216434  0.04
212100  217563  0.04
213100  218409  0.04
214100  219538  0.04
215100  220385  0.04
216100  221513  0.04
217100  222360  0.04
218100  223489  0.04
219100  224335  0.04
220100  225464  0.04
221100  226311  0.04
222100  227440  0.04
223100  228568  0.04
224100  229415  0.04
225100  230544  0.04
226100  231390  0.04
227100  232519  0.04
228100  233366  0.04
229100  234495  0.04
230100  235341  0.04
231100  236470  0.04
232100  237317  0.04
233100  238445  0.04
234100  313209  0.04
235100  314055  0.04
236100  315184  0.04
237100  316031  0.04
238100  317160  0.04
239100  318006  0.04
240100  319135  0.04
241100  319982  0.04
242100  321110  0.04
243100  321957  0.04
244100  323086  0.04
245100  324215  0.04
246100  325061  0.04
247100  326190  0.04
248100  327037  0.04
249100  328165  0.04
250100  329012  0.04
251100  330141  0.04
252100  330987  0.04
253100  332116  0.04
254100  332963  0.04
255100  334091  0.04
256100  335220  0.04
257100  336067  0.04
258100  337196  0.04
259100  338042  0.04
260100  339171  0.04
261100  340018  0.04
262100  341146  0.04
263100  341993  0.04
264100  343122  0.04
265100  343968  0.04
266100  345097  0.04
267100  345944  0.04
268100  347073  0.04
269100  348201  0.04
270100  349048  0.04
271100  350177  0.04
272100  351023  0.04
273100  352152  0.04
274100  352999  0.04
275100  354128  0.04
276100  354974  0.04
277100  356103  0.04
278100  356950  0.04
279100  358078  0.04
280100  359207  0.04
281100  360054  0.04
282100  361183  0.04
283100  362029  0.04
284100  363158  0.04
285100  364005  0.04
286100  365133  0.04
287100  365980  0.04
288100  367109  0.04
289100  367955  0.04
290100  369084  0.04
291100  370213  0.04
292100  371059  0.04
293100  372188  0.04
294100  373035  0.04
295100  374164  0.04
296100  375010  0.04
297100  376139  0.04
298100  376986  0.04
299100  378114  0.04
300100  378961  0.04
301100  380090  0.04
302100  381219  0.04
303100  382065  0.04
304100  383194  0.04
305100  384041  0.04
306100  385169  0.04
307100  386016  0.04
308100  387145  0.04
309100  387991  0.04
310100  389120  0.04
311100  389967  0.04
312100  391096  0.04
313100  392224  0.04
314100  393071  0.04
315100  394200  0.04
316100  395046  0.04
317100  396175  0.04
318100  397022  0.04
319100  398151  0.04
320100  398997  0.04
321100  400126  0.04
322100  400972  0.04
323100  402101  0.04
324100  402948  0.04
325100  404077  0.04
326100  405205  0.04
327100  406052  0.04
328100  407181  0.04
329100  408027  0.04
330100  409156  0.04
331100  410003  0.04
332100  355932  0.04
333100  356779  0.04
334100  357908  0.04
335100  358754  0.04
336100  359883  0.04
337100  361012  0.04
338100  361859  0.04
339100  362987  0.04
340100  363834  0.04
341100  364963  0.04
342100  365809  0.04
343100  366938  0.04
344100  367785  0.04
345100  368914  0.04
346100  369760  0.04
347100  370889  0.04
348100  372018  0.04
349100  701009  0.06
350100  703148  0.06
351100  705006  0.06
352100  707145  0.06
353100  709002  0.06
354100  711142  0.06
355100  712999  0.06
356100  715139  0.06
357100  716996  0.06
358100  719135  0.06
359100  721275  0.06
360100  723132  0.06
361100  725272  0.06
362100  727129  0.06
363100  729269  0.06
364100  730957  0.06
365100  733097  0.06
366100  734954  0.06
367100  983092  0.06
368100  984949  0.06
369100  987089  0.06
370100  988946  0.06
371100  991086  0.06
372100  993225  0.06
373100  995082  0.06
374100  997222  0.06
375100  999079  0.06
376100  1.00122e+06  0.06
377100  1.00308e+06  0.06
378100  1.00522e+06  0.06
379100  1.00707e+06  0.06
380100  1.00904e+06  0.06
381100  1.0109e+06  0.06
382100  1.01304e+06  0.06
383100  1.01518e+06  0.06
384100  1.01704e+06  0.06
385100  1.01918e+06  0.06
386100  1.02103e+06  0.06
387100  1.02317e+06  0.06
388100  1.02503e+06  0.06
389100  1.02717e+06  0.06
390100  1.02903e+06  0.06
391100  1.03117e+06  0.06
392100  1.03302e+06  0.06
393100  1.03516e+06  0.06
394100  1.0373e+06  0.06
395100  1.03899e+06  0.06
396100  1.04113e+06  0.06
397100  1.04299e+06  0.06
398100  1.04513e+06  0.06
399100  1.04699e+06  0.06
400100  1.04913e+06  0.06
401100  1.05098e+06  0.06
402100  1.05312e+06  0.06
403100  1.05498e+06  0.06
404100  1.05712e+06  0.06
405100  1.05926e+06  0.06
406100  1.06112e+06  0.06
407100  1.06326e+06  0.06
408100  1.06511e+06  0.06
409100  1.06725e+06  0.06
410100  1.06911e+06  0.06
411100  1.07108e+06  0.06
412100  1.07294e+06  0.06
413100  1.07508e+06  0.06
414100  1.07693e+06  0.06
415100  1.07907e+06  0.06
416100  1.08093e+06  0.06
417100  1.08307e+06  0.06
418100  1.08521e+06  0.06
419100  840865  0.06
420100  843004  0.06
421100  844861  0.06
422100  847001  0.06
423100  848858  0.06
424100  850998  0.06
425100  852855  0.06
426100  854995  0.06
427100  856683  0.06
428100  858823  0.06
429100  860962  0.06
430100  862820  0.06
431100  864959  0.06
432100  866816  0.06
433100  868956  0.06
434100  870813  0.06
435100  872953  0.06
436100  874810  0.06
437100  876950  0.06
438100  878807  0.06
439100  880946  0.06
440100  883086  0.06
441100  884943  0.06
442100  887083  0.06
443100  888771  0.06
444100  890911  0.06
445100  892768  0.06
446100  894908  0.06
447100  896765  0.06
448100  618617  0.04
449100  619464  0.04
450100  620593  0.04
451100  621722  0.04
452100  622568  0.04
453100  623697  0.04
454100  624544  0.04
455100  625672  0.04
456100  626519  0.04
457100  627648  0.04
458100  628494  0.04
459100  629623  0.04
460100  630470  0.04
461100  631599  0.04
462100  632727  0.04
463100  633574  0.04
464100  634703  0.04
465100  635549  0.04
466100  636678  0.04
467100  637525  0.04
468100  638653  0.04
469100  639500  0.04
470100  640629  0.04
471100  641475  0.04
472100  642604  0.04
473100  643451  0.04
474100  644580  0.04
475100  645708  0.04
476100  646555  0.04
477100  647684  0.04
478100  648530  0.04
479100  649659  0.04
480100  650506  0.04
481100  651635  0.04
482100  652481  0.04
483100  653610  0.04
484100  654457  0.04
485100  655585  0.04
486100  656714  0.04
487100  657561  0.04
488100  658690  0.04
489100  659536  0.04
490100  660665  0.04
491100  661512  0.04
492100  662640  0.04
493100  663487  0.04
494100  664616  0.04
495100  665462  0.04
496100  666591  0.04
497100  667720  0.04
498100  668567  0.04
499100  669695  0.04
500100  670542  0.04
501100  671671  0.04
502100  672517  0.04
503100  673646  0.04
504100  674493  0.04
505100  675621  0.04
506100  676468  0.04
507100  677597  0.04
508100  678726  0.04
509100  679572  0.04
510100  680701  0.04
511100  681548  0.04
512100  682676  0.04
513100  683523  0.04
514100  684652  0.04
515100  685498  0.04
516100  686627  0.04
517100  687474  0.04
518100  688603  0.04
519100  689449  0.04
520100  690578  0.04
521100  691707  0.04
522100  692553  0.04
523100  693682  0.04
524100  694529  0.04
525100  695658  0.04
526100  696504  0.04
527100  697633  0.04
528100  698480  0.04
529100  699608  0.04
530100  700455  0.04
531100  701584  0.04
532100  702713  0.04
533100  703559  0.04
534100  704688  0.04
535100  705534  0.04
536100  706663  0.04
537100  707510  0.04
538100  708639  0.04
539100  709485  0.04
540100  710614  0.04
541100  711461  0.04
542100  712589  0.04
543100  713718  0.04
544100  714565  0.04
545100  715694  0.04
546100  716540  0.04
547100  717669  0.04
548100  718516  0.04
549100  719644  0.04
550100  720491  0.04
551100  721620  0.04
552100  722466  0.04
553100  723595  0.04
554100  724724  0.04
555100  725571  0.04
556100  726699  0.04
557100  727546  0.04
558100  728675  0.04
559100  729521  0.04
560100  730650  0.04
561100  731497  0.04
562100  732626  0.04
563100  733472  0.04
564100  734601  0.04
565100  735448  0.04
566100  736576  0.04
567100  737705  0.04
568100  738552  0.04
569100  739680  0.04
570100  740527  0.04
571100  741656  0.04
572100  742502  0.04
573100  743631  0.04
574100  744478  0.04
575100  745607  0.04
576100  746453  0.04
577100  747582  0.04
578100  748711  0.04
579100  749557  0.04
580100  750686  0.04
581100  751533  0.04
582100  752662  0.04
583100  753508  0.04
584100  754637  0.04
585100  755484  0.04
586100  756612  0.04
587100  757459  0.04
588100  758588  0.04
589100  759717  0.04
590100  760563  0.04
591100  761692  0.04
592100  762539  0.04
593100  763667  0.04
594100  764514  0.04
595100  765643  0.04
596100  600269  0.04
597100  601397  0.04
598100  602244  0.04
599100  603373  0.04
600100  604502  0.04
601100  605348  0.04
602100  606477  0.04
603100  607324  0.04
604100  608452  0.04
605100  609299  0.04
606100  610428  0.04
607100  611274  0.04
608100  612403  0.04
609100  613250  0.04
610100  614379  0.04
611100  615225  0.04
612100  616354  0.04
613100  617483  0.04
614100  618329  0.04
615100  619458  0.04
616100  620305  0.04
617100  621433  0.04
618100  622280  0.04
619100  623409  0.04
620100  624255  0.04
621100  625384  0.04
622100  626231  0.04
623100  627360  0.04
624100  628488  0.04
625100  629335  0.04
626100  630464  0.04
627100  631310  0.04
628100  632439  0.04
629100  633286  0.04
630100  634415  0.04
631100  635261  0.04
632100  636390  0.04
633100  637237  0.04
634100  638365  0.04
635100  639494  0.04
636100  640341  0.04
637100  641470  0.04
638100  642316  0.04
639100  643445  0.04
640100  644292  0.04
641100  645420  0.04
642100  646267  0.04
643100  647396  0.04
644100  648242  0.04
645100  649371  0.04
646100  650500  0.04
647100  651347  0.04
648100  652475  0.04
649100  653322  0.04
650100  654451  0.04
651100  655297  0.04
652100  656426  0.04
653100  657273  0.04
654100  658401  0.04
655100  659248  0.04
656100  660377  0.04
657100  661506  0.04
658100  662352  0.04
659100  663481  0.04
660100  664328  0.04
661100  665456  0.04
662100  666303  0.04
663100  667432  0.04
664100  668278  0.04
665100  669407  0.04
666100  670254  0.04
667100  671383  0.04
668100  672229  0.04
669100  673358  0.04
670100  674487  0.04
671100  675333  0.04
672100  676462  0.04
673100  677309  0.04
674100  678438  0.04
675100  679284  0.04
676100  680413  0.04
677100  681260  0.04
678100  682388  0.04
679100  683235  0.04
680100  684364  0.04
681100  685493  0.04
682100  686339  0.04
683100  687468  0.04
684100  688314  0.04
685100  689443  0.04
686100  690290  0.04
687100  691419  0.04
688100  692265  0.04
689100  693394  0.04
690100  694241  0.04
691100  695369  0.04
692100  696498  0.04
693100  697345  0.04
694100  698474  0.04
695100  699320  0.04
696100  700449  0.04
697100  701296  0.04
698100  702424  0.04
699100  703271  0.04
700100  704400  0.04
701100  705246  0.04
702100  706375  0.04
703100  707504  0.04
704100  708351  0.04
705100  709479  0.04
706100  710326  0.04
707100  711455  0.04
708100  712301  0.04
709100  713430  0.04
710100  714277  0.04
711100  715406  0.04
712100  716252  0.04
713100  717381  0.04
714100  718228  0.04
715100  719356  0.04
716100  720485  0.04
717100  721332  0.04
718100  722460  0.04
719100  723307  0.04
720100  724436  0.04
721100  725282  0.04
722100  726411  0.04
723100  727258  0.04
724100  728387  0.04
725100  729233  0.04
726100  730362  0.04
727100  731491  0.04
728100  732337  0.04
729100  733466  0.04
730100  734313  0.04
731100  735442  0.04
732100  736288  0.04
733100  737417  0.04
734100  738264  0.04
735100  739392  0.04
736100  740239  0.04
737100  741368  0.04
738100  742497  0.04
739100  743343  0.04
740100  744472  0.04
741100  745319  0.04
742100  746447  0.04
743100  747294  0.04
744100  748423  0.04
745100  749269  0.04
746100  750398  0.04
747100  751245  0.04
748100  752374  0.04
749100  753502  0.04
750100  754349  0.04
751100  755478  0.04
752100  756324  0.04
753100  757453  0.04
754100  1.51047e+06  0.06
755100  1.51261e+06  0.06
756100  1.51447e+06  0.06
757100  1.51644e+06  0.06
758100  1.52131e+06  0.06
759100  1.52345e+06  0.06
760100  1.52531e+06  0.06
761100  1.52745e+06  0.06
762100  1.52959e+06  0.06
763100  1.53145e+06  0.06
764100  1.53359e+06  0.06
765100  1.53544e+06  0.06
766100  1.53758e+06  0.06
767100  1.53944e+06  0.06
768100  1.93726e+06  0.06
769100  1.93912e+06  0.06
770100  1.94126e+06  0.06
771100  1.94311e+06  0.06
772100  1.94525e+06  0.06
773100  1.94722e+06  0.06
774100  1.94908e+06  0.06
775100  1.95122e+06  0.06
776100  1.95308e+06  0.06
777100  1.95522e+06  0.06
778100  1.95708e+06  0.06
779100  1.95921e+06  0.06
780100  1.96107e+06  0.06
781100  1.96321e+06  0.06
782100  1.56482e+06  0.06
783100  1.56696e+06  0.06
784100  1.5691e+06  0.06
785100  1.57096e+06  0.06
786100  1.5731e+06  0.06
787100  1.57496e+06  0.06
788100  1.57709e+06  0.06
789100  1.57878e+06  0.06
790100  1.58092e+06  0.06
791100  1.58278e+06  0.06
792100  1.58492e+06  0.06
793100  1.58678e+06  0.06
794100  1.58892e+06  0.06
795100  1.59106e+06  0.06
796100  1.59291e+06  0.06
797100  1.59505e+06  0.06
798100  1.59691e+06  0.06
799100  1.59905e+06  0.06
800100  1.60091e+06  0.06
801100  1.60305e+06  0.06
802100  1.6049e+06  0.06
803100  1.60704e+06  0.06
804100  1.6089e+06  0.06
805100  1.61087e+06  0.06
806100  1.61301e+06  0.06
807100  1.61487e+06  0.06
808100  1.61701e+06  0.06
809100  1.61887e+06  0.06
810100  1.621e+06  0.06
811100  1.62286e+06  0.06
812100  1.625e+06  0.06
813100  1.62686e+06  0.06
814100  1.629e+06  0.06
815100  1.63086e+06  0.06
816100  1.633e+06  0.06
817100  1.63485e+06  0.06
818100  1.63699e+06  0.06
819100  1.63913e+06  0.06
820100  1.64082e+06  0.06
821100  1.64296e+06  0.06
822100  1.64482e+06  0.06
823100  1.64696e+06  0.06
824100  1.64881e+06  0.06
825100  1.65095e+06  0.06
826100  1.65281e+06  0.06
827100  1.65495e+06  0.06
828100  1.65681e+06  0.06
829100  1.65895e+06  0.06
830100  1.66109e+06  0.06
831100  1.66294e+06  0.06
832100  1.66508e+06  0.06
833100  1.66694e+06  0.06
834100  1.66908e+06  0.06
835100  1.67094e+06  0.06
836100  1.67291e+06  0.06
837100  1.67477e+06  0.06
838100  1.67691e+06  0.06
839100  1.67876e+06  0.06
840100  1.6809e+06  0.06
841100  1.68304e+06  0.06
842100  1.6849e+06  0.06
843100  1.5973e+06  0.04
844100  1.59815e+06  0.04
845100  1.59928e+06  0.04
846100  1.60012e+06  0.04
847100  1.60125e+06  0.04
848100  1.6021e+06  0.04
849100  1.60323e+06  0.04
850100  1.60407e+06  0.04
851100  1.6052e+06  0.04
852100  1.60633e+06  0.04
853100  1.60718e+06  0.04
854100  1.60831e+06  0.04
855100  1.60915e+06  0.04
856100  1.61028e+06  0.04
857100  1.61113e+06  0.04
858100  1.61226e+06  0.04
859100  1.6131e+06  0.04
860100  1.61423e+06  0.04
861100  1.61508e+06  0.04
862100  1.61621e+06  0.04
863100  1.61706e+06  0.04
864100  1.61818e+06  0.04
865100  1.61931e+06  0.04
866100  1.62016e+06  0.04
867100  1.62129e+06  0.04
868100  1.62213e+06  0.04
869100  1.62326e+06  0.04
870100  1.62411e+06  0.04
871100  1.62524e+06  0.04
872100  1.62609e+06  0.04
873100  1.62721e+06  0.04
874100  1.62806e+06  0.04
875100  1.62919e+06  0.04
876100  1.63032e+06  0.04
877100  1.63117e+06  0.04
878100  881788  0.04
879100  882635  0.04
880100  883764  0.04
881100  884610  0.04
882100  885739  0.04
883100  886586  0.04
884100  887714  0.04
885100  888561  0.04
886100  889690  0.04
887100  890819  0.04
888100  891665  0.04
889100  892794  0.04
890100  893641  0.04
891100  894769  0.04
892100  895616  0.04
893100  896745  0.04
894100  897591  0.04
895100  898720  0.04
896100  899567  0.04
897100  900696  0.04
898100  901824  0.04
899100  902671  0.04
900100  903800  0.04
901100  904646  0.04
902100  905775  0.04
903100  906622  0.04
904100  1.86911e+06  0.06
905100  1.87112e+06  0.06
906100  1.87313e+06  0.06
907100  1.87514e+06  0.06
908100  1.87715e+06  0.06
909100  1.87887e+06  0.06
910100  1.88117e+06  0.06
911100  1.88317e+06  0.06
912100  1.88519e+06  0.06
913100  1.8872e+06  0.06
914100  1.88921e+06  0.06
915100  1.89122e+06  0.06
916100  1.86937e+06  0.06
917100  1.87166e+06  0.06
918100  1.87339e+06  0.06
919100  1.87568e+06  0.06
920100  1.87741e+06  0.06
921100  1.87941e+06  0.06
922100  1.88171e+06  0.06
923100  1.88343e+06  0.06
924100  1.88573e+06  0.06
925100  1.88745e+06  0.06
926100  1.88975e+06  0.06
927100  1.89147e+06  0.06
928100  1.89348e+06  0.06
929100  1.89549e+06  0.06
930100  1.8975e+06  0.06
931100  1.89952e+06  0.06
932100  1.90152e+06  0.06
933100  1.90382e+06  0.06
934100  1.90554e+06  0.06
935100  1.90755e+06  0.06
936100  1.90956e+06  0.06
937100  1.91157e+06  0.06
938100  1.91358e+06  0.06
939100  2.60449e+06  0.06
940100  2.6065e+06  0.06
941100  2.60851e+06  0.06
942100  2.61023e+06  0.06
943100  2.61253e+06  0.06
944100  1.97865e+06  0.06
945100  1.98067e+06  0.06
946100  1.98267e+06  0.06
947100  1.9844e+06  0.06
948100  1.98669e+06  0.06
949100  1.98842e+06  0.06
950100  1.99071e+06  0.06
951100  1.99244e+06  0.06
952100  1.99474e+06  0.06
953100  1.99646e+06  0.06
954100  1.99846e+06  0.06
955100  2.00048e+06  0.06
956100  2.00248e+06  0.06
957100  2.00478e+06  0.06
958100  2.00651e+06  0.06
959100  2.0088e+06  0.06
960100  2.01053e+06  0.06
961100  2.01253e+06  0.06
962100  2.01455e+06  0.06
963100  2.01655e+06  0.06
964100  2.01857e+06  0.06
965100  2.02057e+06  0.06
966100  2.02259e+06  0.06
967100  2.02459e+06  0.06
968100  2.0266e+06  0.06
969100  2.02861e+06  0.06
970100  2.03062e+06  0.06
971100  2.03263e+06  0.06
972100  2.03464e+06  0.06
973100  2.03636e+06  0.06
974100  2.03866e+06  0.06
975100  2.04038e+06  0.06
976100  2.04268e+06  0.06
977100  2.0444e+06  0.06
978100  2.0467e+06  0.06
979100  2.04871e+06  0.06
980100  2.05043e+06  0.06
981100  2.011e+06  0.06
982100  2.01272e+06  0.06
983100  2.01502e+06  0.06
984100  2.01674e+06  0.06
985100  2.01904e+06  0.06
986100  2.02076e+06  0.06
987100  2.02277e+06  0.06
988100  2.02478e+06  0.06
989100  2.02679e+06  0.06
990100  2.02908e+06  0.06
991100  2.03081e+06  0.06
992100  2.03281e+06  0.06
993100  2.03483e+06  0.06
994100  2.03683e+06  0.06
995100  2.03885e+06  0.06
996100  2.04085e+06  0.06
997100  2.04287e+06  0.06
998100  2.04487e+06  0.06
999100  2.0466e+06  0.06
