100  3753.25  0.9
1100  14853.3  0.28
2100  19079.5  0.2
3100  25589.6  0.18
4100  24801.8  0.14
5100  30211.2  0.12
6100  47472.1  0.16
7100  40330.3  0.12
8100  37249.7  0.1
9100  95601.2  0.22
10100  95141.8  0.2
11100  78291.8  0.16
12100  61231  0.12
13100  39767  0.08
14100  42362.6  0.08
15100  44771.5  0.06
16100  46861.1  0.06
17100  48739.9  0.06
18100  50796.4  0.06
19100  97762.2  0.12
20100  103427  0.12
21100  234554  0.24
22100  245225  0.24
23100  210072  0.2
24100  219350  0.2
25100  228197  0.2
26100  237173  0.2
27100  246016  0.2
28100  255315  0.2
29100  264280  0.2
30100  155534  0.12
31100  160670  0.12
32100  97032.7  0.08
33100  99673.2  0.08
34100  125260  0.08
35100  105505  0.08
36100  108417  0.08
37100  111345  0.06
38100  113849  0.06
39100  115938  0.06
40100  117995  0.06
41100  119874  0.06
42100  121930  0.06
43100  124020  0.06
44100  187976  0.1
45100  192074  0.1
46100  196048  0.1
47100  211313  0.1
48100  215432  0.1
49100  218943  0.1
50100  223074  0.1
51100  210202  0.1
52100  220702  0.1
53100  224571  0.1
54100  272782  0.12
55100  277892  0.12
56100  283056  0.12
57100  287988  0.12
58100  292836  0.12
59100  238920  0.1
60100  242836  0.1
61100  246917  0.1
62100  250545  0.1
63100  254636  0.1
64100  258714  0.1
65100  262594  0.1
66100  266706  0.1
67100  270763  0.1
68100  274643  0.1
69100  278721  0.1
70100  282634  0.1
71100  286692  0.1
72100  290770  0.1
73100  294683  0.1
74100  298761  0.1
75100  94389  0.04
76100  95277.5  0.04
77100  96343.8  0.04
78100  97232.4  0.04
79100  98298.6  0.04
80100  99364.9  0.04
81100  100253  0.04
82100  101320  0.04
83100  102386  0.04
84100  103275  0.04
85100  104341  0.04
86100  105229  0.04
87100  106296  0.04
88100  107362  0.04
89100  108251  0.04
90100  109317  0.04
91100  110383  0.04
92100  111272  0.04
93100  112338  0.04
94100  282378  0.06
95100  285281  0.06
96100  197272  0.06
97100  199171  0.06
98100  201248  0.06
99100  203297  0.06
100100  205196  0.06
101100  206983  0.06
102100  209032  0.06
103100  210931  0.06
104100  212980  0.06
105100  422582  0.1
106100  426459  0.1
107100  430575  0.1
108100  434514  0.1
109100  438654  0.1
110100  442770  0.1
111100  446469  0.1
112100  450585  0.1
113100  454548  0.1
114100  458664  0.1
115100  462804  0.1
116100  350462  0.08
117100  131693  0.04
118100  132760  0.04
119100  133648  0.04
120100  134714  0.04
121100  135603  0.04
122100  136669  0.04
123100  137736  0.04
124100  138624  0.04
125100  139690  0.04
126100  140757  0.04
127100  141645  0.04
128100  142712  0.04
129100  143600  0.04
130100  144666  0.04
131100  145733  0.04
132100  146621  0.04
133100  147687  0.04
134100  148754  0.04
135100  149642  0.04
136100  150709  0.04
137100  151597  0.04
138100  152663  0.04
139100  153730  0.04
140100  154618  0.04
141100  155685  0.04
142100  156751  0.04
143100  157639  0.04
144100  158706  0.04
145100  159594  0.04
146100  160660  0.04
147100  161727  0.04
148100  614954  0.1
149100  619114  0.1
150100  623202  0.1
151100  626963  0.1
152100  631123  0.1
153100  618072  0.1
154100  621981  0.1
155100  626115  0.1
156100  630097  0.1
157100  633964  0.1
158100  638124  0.1
159100  648466  0.1
160100  652626  0.1
161100  656687  0.1
162100  660669  0.1
163100  664609  0.1
164100  668518  0.1
165100  672678  0.1
166100  676618  0.1
167100  1.3596e+06  0.18
168100  1.36765e+06  0.18
169100  1.37583e+06  0.18
170100  1.3836e+06  0.18
171100  1.39159e+06  0.18
172100  1.39929e+06  0.18
173100  1.40769e+06  0.18
174100  1.41565e+06  0.18
175100  611805  0.08
176100  614780  0.08
177100  617755  0.08
178100  620552  0.08
179100  623454  0.08
180100  626252  0.08
181100  629404  0.08
182100  632379  0.08
183100  635104  0.08
184100  638078  0.08
185100  641053  0.08
186100  643778  0.08
187100  646753  0.08
188100  649727  0.08
189100  474447  0.06
190100  476461  0.06
191100  478369  0.06
192100  480456  0.06
193100  482542  0.06
194100  484377  0.06
195100  486464  0.06
196100  488372  0.06
197100  490385  0.06
198100  492472  0.06
199100  494380  0.06
200100  496466  0.06
201100  498480  0.06
202100  500388  0.06
203100  502474  0.06
204100  504383  0.06
205100  506396  0.06
206100  508482  0.06
207100  510391  0.06
208100  512404  0.06
209100  627463  0.08
210100  630388  0.08
211100  633523  0.08
212100  636415  0.08
213100  639372  0.08
214100  642475  0.08
215100  645432  0.08
216100  648324  0.08
217100  651459  0.08
218100  654384  0.08
219100  657518  0.08
220100  257912  0.04
221100  258800  0.04
222100  259867  0.04
223100  260755  0.04
224100  261821  0.04
225100  262888  0.04
226100  263776  0.04
227100  264843  0.04
228100  265909  0.04
229100  266797  0.04
230100  267864  0.04
231100  268752  0.04
232100  269819  0.04
233100  270885  0.04
234100  271773  0.04
235100  272840  0.04
236100  273906  0.04
237100  274794  0.04
238100  275861  0.04
239100  276749  0.04
240100  277816  0.04
241100  278882  0.04
242100  279770  0.04
243100  280837  0.04
244100  281903  0.04
245100  282792  0.04
246100  283858  0.04
247100  284746  0.04
248100  285813  0.04
249100  286879  0.04
250100  287767  0.04
251100  288834  0.04
252100  289900  0.04
253100  290789  0.04
254100  291855  0.04
255100  292743  0.04
256100  293810  0.04
257100  294876  0.04
258100  295765  0.04
259100  296831  0.04
260100  297897  0.04
261100  298786  0.04
262100  299852  0.04
263100  300740  0.04
264100  301807  0.04
265100  302873  0.04
266100  303762  0.04
267100  304828  0.04
268100  305894  0.04
269100  306783  0.04
270100  307849  0.04
271100  308915  0.04
272100  309804  0.04
273100  310870  0.04
274100  311759  0.04
275100  312825  0.04
276100  313891  0.04
277100  314780  0.04
278100  315846  0.04
279100  316912  0.04
280100  317801  0.04
281100  318867  0.04
282100  593736  0.06
283100  595852  0.06
284100  597968  0.06
285100  599644  0.06
286100  601760  0.06
287100  1.15085e+06  0.1
288100  1.15464e+06  0.1
289100  1.15902e+06  0.1
290100  1.16255e+06  0.1
291100  1.16674e+06  0.1
292100  1.17071e+06  0.1
293100  1.17472e+06  0.1
294100  1.17869e+06  0.1
295100  1.18281e+06  0.1
296100  1.1866e+06  0.1
297100  1.19079e+06  0.1
298100  1.19538e+06  0.1
299100  1.19935e+06  0.1
300100  1.20354e+06  0.1
301100  1.20706e+06  0.1
302100  1.21145e+06  0.1
303100  1.21542e+06  0.1
304100  1.21943e+06  0.1
305100  1.2234e+06  0.1
306100  1.22715e+06  0.1
307100  1.23112e+06  0.1
308100  1.23531e+06  0.1
309100  1.23929e+06  0.1
310100  1.24348e+06  0.1
311100  1.24719e+06  0.1
312100  1.2512e+06  0.1
313100  1.25539e+06  0.1
314100  1.25918e+06  0.1
315100  1.26357e+06  0.1
316100  1.26754e+06  0.1
317100  1.27129e+06  0.1
318100  1.27526e+06  0.1
319100  1.27945e+06  0.1
320100  1.28324e+06  0.1
321100  1.28743e+06  0.1
322100  1.29115e+06  0.1
323100  1.29534e+06  0.1
324100  1.94461e+06  0.12
325100  1.62632e+06  0.12
326100  1.63113e+06  0.12
327100  1.63611e+06  0.12
328100  1.64117e+06  0.12
329100  1.64639e+06  0.12
330100  1.65124e+06  0.12
331100  1.65626e+06  0.12
332100  1.36052e+06  0.1
333100  1.36431e+06  0.1
334100  1.33875e+06  0.1
335100  1.34291e+06  0.1
336100  1.34692e+06  0.1
337100  1.35089e+06  0.1
338100  1.35482e+06  0.1
339100  1.35861e+06  0.1
340100  1.3628e+06  0.1
341100  1.36659e+06  0.1
342100  1.37098e+06  0.1
343100  1.37491e+06  0.1
344100  1.3787e+06  0.1
345100  1.38289e+06  0.1
346100  1.38686e+06  0.1
347100  1.40748e+06  0.1
348100  1.41118e+06  0.1
349100  1.41539e+06  0.1
350100  1.41936e+06  0.1
351100  1.42355e+06  0.1
352100  1.42734e+06  0.1
353100  1.43153e+06  0.1
354100  1.43524e+06  0.1
355100  1.43925e+06  0.1
356100  1.44341e+06  0.1
357100  1.44742e+06  0.1
358100  1.45161e+06  0.1
359100  1.45532e+06  0.1
360100  1.45933e+06  0.1
361100  1.4633e+06  0.1
362100  1.46769e+06  0.1
363100  1.7855e+06  0.1
364100  1.78946e+06  0.1
365100  1.7933e+06  0.1
366100  1.79753e+06  0.1
367100  1.80154e+06  0.1
368100  1.80559e+06  0.1
369100  1.80934e+06  0.1
370100  1.81357e+06  0.1
371100  1.8174e+06  0.1
372100  1.82163e+06  0.1
373100  1.82569e+06  0.1
374100  1.8297e+06  0.1
375100  1.83366e+06  0.1
376100  529022  0.04
377100  530088  0.04
378100  531155  0.04
379100  532043  0.04
380100  533110  0.04
381100  533998  0.04
382100  535064  0.04
383100  536131  0.04
384100  537019  0.04
385100  538085  0.04
386100  539152  0.04
387100  540040  0.04
388100  541107  0.04
389100  541995  0.04
390100  543061  0.04
391100  544128  0.04
392100  545016  0.04
393100  546083  0.04
394100  547149  0.04
395100  548037  0.04
396100  549104  0.04
397100  550170  0.04
398100  551058  0.04
399100  552125  0.04
400100  553013  0.04
401100  554080  0.04
402100  555146  0.04
403100  556034  0.04
404100  557101  0.04
405100  558167  0.04
406100  559056  0.04
407100  560122  0.04
408100  561010  0.04
409100  562077  0.04
410100  563143  0.04
411100  564031  0.04
412100  565098  0.04
413100  566164  0.04
414100  567053  0.04
415100  568119  0.04
416100  569007  0.04
417100  570074  0.04
418100  571140  0.04
419100  572029  0.04
420100  573095  0.04
421100  574161  0.04
422100  575050  0.04
423100  576116  0.04
424100  577004  0.04
425100  578071  0.04
426100  579137  0.04
427100  580026  0.04
428100  581092  0.04
429100  582158  0.04
430100  583047  0.04
431100  584113  0.04
432100  585002  0.04
433100  586068  0.04
434100  587134  0.04
435100  588023  0.04
436100  589089  0.04
437100  590155  0.04
438100  591044  0.04
439100  592110  0.04
440100  592999  0.04
441100  594065  0.04
442100  595131  0.04
443100  596020  0.04
444100  597086  0.04
445100  598152  0.04
446100  599041  0.04
447100  600107  0.04
448100  600996  0.04
449100  602062  0.04
450100  603128  0.04
451100  604017  0.04
452100  605083  0.04
453100  606149  0.04
454100  607038  0.04
455100  608104  0.04
456100  609170  0.04
457100  610059  0.04
458100  611125  0.04
459100  612014  0.04
460100  613080  0.04
461100  614146  0.04
462100  615035  0.04
463100  616101  0.04
464100  617167  0.04
465100  618056  0.04
466100  619122  0.04
467100  620011  0.04
468100  621077  0.04
469100  622143  0.04
470100  623032  0.04
471100  624098  0.04
472100  625164  0.04
473100  626053  0.04
474100  627119  0.04
475100  479353  0.04
476100  480419  0.04
477100  481485  0.04
478100  482374  0.04
479100  483440  0.04
480100  484507  0.04
481100  485395  0.04
482100  486461  0.04
483100  487350  0.04
484100  488416  0.04
485100  489483  0.04
486100  490371  0.04
487100  491437  0.04
488100  492504  0.04
489100  493392  0.04
490100  494458  0.04
491100  495347  0.04
492100  496413  0.04
493100  497480  0.04
494100  498368  0.04
495100  499434  0.04
496100  500501  0.04
497100  501389  0.04
498100  502456  0.04
499100  503344  0.04
500100  504410  0.04
501100  505477  0.04
502100  506365  0.04
503100  507431  0.04
504100  508498  0.04
505100  509386  0.04
506100  510453  0.04
507100  511341  0.04
508100  512407  0.04
509100  513474  0.04
510100  514362  0.04
511100  515429  0.04
512100  516495  0.04
513100  517383  0.04
514100  518450  0.04
515100  519516  0.04
516100  520404  0.04
517100  521471  0.04
518100  522359  0.04
519100  523426  0.04
520100  524492  0.04
521100  525380  0.04
522100  526447  0.04
523100  527513  0.04
524100  528401  0.04
525100  529468  0.04
526100  530356  0.04
527100  531423  0.04
528100  532489  0.04
529100  533377  0.04
530100  534444  0.04
531100  558152  0.04
532100  559041  0.04
533100  560107  0.04
534100  560996  0.04
535100  562062  0.04
536100  563128  0.04
537100  564017  0.04
538100  565083  0.04
539100  566149  0.04
540100  567038  0.04
541100  568104  0.04
542100  568993  0.04
543100  570059  0.04
544100  571125  0.04
545100  572014  0.04
546100  573080  0.04
547100  574146  0.04
548100  575035  0.04
549100  576101  0.04
550100  576990  0.04
551100  578056  0.04
552100  579122  0.04
553100  582637  0.04
554100  583703  0.04
555100  584769  0.04
556100  585658  0.04
557100  586724  0.04
558100  587613  0.04
559100  588679  0.04
560100  589745  0.04
561100  590634  0.04
562100  591700  0.04
563100  592766  0.04
564100  593655  0.04
565100  594721  0.04
566100  595610  0.04
567100  596676  0.04
568100  597742  0.04
569100  598631  0.04
570100  1.71115e+06  0.08
571100  1.71411e+06  0.08
572100  1.71686e+06  0.08
573100  1.71982e+06  0.08
574100  1.723e+06  0.08
575100  1.72579e+06  0.08
576100  1.72897e+06  0.08
577100  1.73175e+06  0.08
578100  1.73493e+06  0.08
579100  1.73811e+06  0.08
580100  1.7409e+06  0.08
581100  1.74408e+06  0.08
582100  1.74704e+06  0.08
583100  1.16861e+06  0.06
584100  1.17055e+06  0.06
585100  1.17255e+06  0.06
586100  1.17449e+06  0.06
587100  1.17666e+06  0.06
588100  1.17843e+06  0.06
589100  1.1806e+06  0.06
590100  1.18255e+06  0.06
591100  1.18454e+06  0.06
592100  1.18649e+06  0.06
593100  1.18848e+06  0.06
594100  1.19065e+06  0.06
595100  1.1926e+06  0.06
596100  1.19459e+06  0.06
597100  1.19654e+06  0.06
598100  1.19871e+06  0.06
599100  1.20048e+06  0.06
600100  1.20265e+06  0.06
601100  1.20442e+06  0.06
602100  1.20659e+06  0.06
603100  1.20854e+06  0.06
604100  1.21053e+06  0.06
605100  1.21248e+06  0.06
606100  1.21465e+06  0.06
607100  1.21642e+06  0.06
608100  1.21859e+06  0.06
609100  1.22058e+06  0.06
610100  1.22253e+06  0.06
611100  1.2247e+06  0.06
612100  1.22647e+06  0.06
613100  1.22864e+06  0.06
614100  1.23058e+06  0.06
615100  1.23258e+06  0.06
616100  1.23452e+06  0.06
617100  1.23652e+06  0.06
618100  1.23846e+06  0.06
619100  1.24063e+06  0.06
620100  1.2424e+06  0.06
621100  1.24457e+06  0.06
622100  1.24652e+06  0.06
623100  1.24851e+06  0.06
624100  1.25068e+06  0.06
625100  1.25245e+06  0.06
626100  1.25462e+06  0.06
627100  1.25657e+06  0.06
628100  1.25856e+06  0.06
629100  1.26051e+06  0.06
630100  1.26268e+06  0.06
631100  1.26445e+06  0.06
632100  1.26662e+06  0.06
633100  1.26857e+06  0.06
634100  1.27056e+06  0.06
635100  1.27251e+06  0.06
636100  1.29105e+06  0.06
637100  1.29328e+06  0.06
638100  1.29532e+06  0.06
639100  1.29718e+06  0.06
640100  1.29921e+06  0.06
641100  1.30125e+06  0.06
642100  1.30311e+06  0.06
643100  1.30515e+06  0.06
644100  1.3072e+06  0.06
645100  1.30924e+06  0.06
646100  1.31128e+06  0.06
647100  1.31314e+06  0.06
648100  1.31517e+06  0.06
649100  1.31721e+06  0.06
650100  1.31926e+06  0.06
651100  1.3213e+06  0.06
652100  1.32316e+06  0.06
653100  1.3252e+06  0.06
654100  1.32724e+06  0.06
655100  1.3291e+06  0.06
656100  1.33113e+06  0.06
657100  1.33336e+06  0.06
658100  1.33522e+06  0.06
659100  1.33726e+06  0.06
660100  1.33912e+06  0.06
661100  1.34116e+06  0.06
662100  1.3432e+06  0.06
663100  1.32807e+06  0.06
664100  1.3303e+06  0.06
665100  1.33234e+06  0.06
666100  1.33419e+06  0.06
667100  1.33623e+06  0.06
668100  1.33809e+06  0.06
669100  765323  0.04
670100  766390  0.04
671100  767278  0.04
672100  768344  0.04
673100  769411  0.04
674100  770299  0.04
675100  771366  0.04
676100  772254  0.04
677100  773320  0.04
678100  774387  0.04
679100  775275  0.04
680100  776342  0.04
681100  777408  0.04
682100  778296  0.04
683100  779363  0.04
684100  780251  0.04
685100  781317  0.04
686100  782384  0.04
687100  783272  0.04
688100  784339  0.04
689100  785405  0.04
690100  786293  0.04
691100  787360  0.04
692100  788248  0.04
693100  789315  0.04
694100  790381  0.04
695100  791269  0.04
696100  792336  0.04
697100  793402  0.04
698100  794290  0.04
699100  795357  0.04
700100  796423  0.04
701100  797312  0.04
702100  798378  0.04
703100  799266  0.04
704100  800333  0.04
705100  801399  0.04
706100  802287  0.04
707100  803354  0.04
708100  804420  0.04
709100  805309  0.04
710100  806375  0.04
711100  807263  0.04
712100  808330  0.04
713100  809396  0.04
714100  810285  0.04
715100  811351  0.04
716100  812417  0.04
717100  813306  0.04
718100  814372  0.04
719100  815260  0.04
720100  816327  0.04
721100  817393  0.04
722100  818282  0.04
723100  819348  0.04
724100  820414  0.04
725100  730108  0.04
726100  731175  0.04
727100  732063  0.04
728100  733130  0.04
729100  734196  0.04
730100  735084  0.04
731100  736151  0.04
732100  737217  0.04
733100  738106  0.04
734100  739172  0.04
735100  740060  0.04
736100  741127  0.04
737100  742193  0.04
738100  743081  0.04
739100  744148  0.04
740100  745214  0.04
741100  746103  0.04
742100  747169  0.04
743100  748057  0.04
744100  749124  0.04
745100  750190  0.04
746100  751079  0.04
747100  752145  0.04
748100  753211  0.04
749100  754100  0.04
750100  755166  0.04
751100  756054  0.04
752100  757121  0.04
753100  758187  0.04
754100  759076  0.04
755100  760142  0.04
756100  761208  0.04
757100  762097  0.04
758100  763163  0.04
759100  764229  0.04
760100  765118  0.04
761100  766184  0.04
762100  766783  0.04
763100  767849  0.04
764100  768916  0.04
765100  769804  0.04
766100  770870  0.04
767100  771937  0.04
768100  772825  0.04
769100  773892  0.04
770100  774780  0.04
771100  775846  0.04
772100  776913  0.04
773100  777801  0.04
774100  778867  0.04
775100  779934  0.04
776100  780822  0.04
777100  781889  0.04
778100  782777  0.04
779100  783843  0.04
780100  784910  0.04
781100  785798  0.04
782100  786865  0.04
783100  787931  0.04
784100  788819  0.04
785100  789886  0.04
786100  790774  0.04
787100  791840  0.04
788100  792907  0.04
789100  793795  0.04
790100  794862  0.04
791100  795928  0.04
792100  796816  0.04
793100  797883  0.04
794100  798771  0.04
795100  799837  0.04
796100  800904  0.04
797100  801792  0.04
798100  802859  0.04
799100  803925  0.04
800100  804813  0.04
801100  805880  0.04
802100  806382  0.04
803100  807448  0.04
804100  808514  0.04
805100  809403  0.04
806100  810469  0.04
807100  811535  0.04
808100  812424  0.04
809100  813490  0.04
810100  814379  0.04
811100  815445  0.04
812100  816563  0.04
813100  817452  0.04
814100  818518  0.04
815100  819584  0.04
816100  820473  0.04
817100  821539  0.04
818100  822605  0.04
819100  823494  0.04
820100  824560  0.04
821100  825449  0.04
822100  826515  0.04
823100  827581  0.04
824100  828470  0.04
825100  829536  0.04
826100  830602  0.04
827100  831491  0.04
828100  832557  0.04
829100  833446  0.04
830100  834512  0.04
831100  835578  0.04
832100  836467  0.04
833100  837533  0.04
834100  838599  0.04
835100  846684  0.04
836100  847751  0.04
837100  848639  0.04
838100  849705  0.04
839100  850772  0.04
840100  851660  0.04
841100  852726  0.04
842100  853793  0.04
843100  854681  0.04
844100  855748  0.04
845100  856636  0.04
846100  857702  0.04
847100  858769  0.04
848100  859657  0.04
849100  860723  0.04
850100  861790  0.04
851100  862678  0.04
852100  863745  0.04
853100  864633  0.04
854100  865699  0.04
855100  866766  0.04
856100  867654  0.04
857100  868721  0.04
858100  869787  0.04
859100  870675  0.04
860100  871742  0.04
861100  872630  0.04
862100  873696  0.04
863100  874763  0.04
864100  887080  0.04
865100  888146  0.04
866100  889213  0.04
867100  890101  0.04
868100  891168  0.04
869100  892056  0.04
870100  893122  0.04
871100  894189  0.04
872100  895077  0.04
873100  896143  0.04
874100  897210  0.04
875100  898098  0.04
876100  899165  0.04
877100  900231  0.04
878100  901119  0.04
879100  902186  0.04
880100  903074  0.04
881100  904141  0.04
882100  905207  0.04
883100  905686  0.04
884100  906752  0.04
885100  907819  0.04
886100  908707  0.04
887100  909773  0.04
888100  910662  0.04
889100  911728  0.04
890100  912795  0.04
891100  913683  0.04
892100  914749  0.04
893100  915816  0.04
894100  916704  0.04
895100  917770  0.04
896100  918659  0.04
897100  919725  0.04
898100  920792  0.04
899100  904689  0.04
900100  905755  0.04
901100  906822  0.04
902100  907710  0.04
903100  908776  0.04
904100  909665  0.04
905100  910731  0.04
906100  911798  0.04
907100  912686  0.04
908100  913752  0.04
909100  921399  0.04
910100  922287  0.04
911100  923354  0.04
912100  924242  0.04
913100  925309  0.04
914100  926375  0.04
915100  927263  0.04
916100  928330  0.04
917100  929396  0.04
918100  930285  0.04
919100  931351  0.04
920100  932239  0.04
921100  933306  0.04
922100  934372  0.04
923100  1.84618e+06  0.06
924100  1.84837e+06  0.06
925100  1.85034e+06  0.06
926100  1.85236e+06  0.06
927100  1.85433e+06  0.06
928100  1.85618e+06  0.04
929100  1.85826e+06  0.04
930100  1.86034e+06  0.04
931100  1.86224e+06  0.04
932100  1.86432e+06  0.04
933100  1.86614e+06  0.04
934100  1.86804e+06  0.04
935100  1.87012e+06  0.04
936100  1.8722e+06  0.04
937100  1.8741e+06  0.04
938100  1.87516e+06  0.04
939100  1.87605e+06  0.04
940100  1.87712e+06  0.04
941100  1.87819e+06  0.04
942100  1.87907e+06  0.04
943100  1.88014e+06  0.04
944100  1.88121e+06  0.04
945100  1.8821e+06  0.04
946100  1.88316e+06  0.04
947100  1.88405e+06  0.04
948100  1.88512e+06  0.04
949100  1.88618e+06  0.04
950100  1.88707e+06  0.04
951100  1.88814e+06  0.04
952100  1.8892e+06  0.04
953100  1.89009e+06  0.04
954100  1.89116e+06  0.04
955100  1.89205e+06  0.04
956100  1.89311e+06  0.04
957100  1.89418e+06  0.04
958100  1.89507e+06  0.04
959100  1.89613e+06  0.04
960100  1.8972e+06  0.04
961100  1.89809e+06  0.04
962100  1.89916e+06  0.04
963100  1.90004e+06  0.04
964100  1.90111e+06  0.04
965100  1.90218e+06  0.04
966100  1.90307e+06  0.04
967100  1.90413e+06  0.04
968100  1.9052e+06  0.04
969100  1.90609e+06  0.04
970100  1.90715e+06  0.04
971100  1.90804e+06  0.04
972100  1.90911e+06  0.04
973100  1.91017e+06  0.04
974100  1.91106e+06  0.04
975100  1.91213e+06  0.04
976100  1.9132e+06  0.04
977100  1.91408e+06  0.04
978100  1.91515e+06  0.04
979100  1.91604e+06  0.04
980100  1.9171e+06  0.04
981100  1.91817e+06  0.04
982100  1.91906e+06  0.04
983100  1.92013e+06  0.04
984100  1.92119e+06  0.04
985100  1.92208e+06  0.04
986100  1.92315e+06  0.04
987100  1.92404e+06  0.04
988100  1.9251e+06  0.04
989100  1.92617e+06  0.04
990100  1.92706e+06  0.04
991100  1.92812e+06  0.04
992100  1.92919e+06  0.04
993100  1.93008e+06  0.04
994100  1.93114e+06  0.04
995100  1.93221e+06  0.04
996100  1.9331e+06  0.04
997100  1.93417e+06  0.04
998100  1.93505e+06  0.04
999100  1.93612e+06  0.04
