100  4519.9  0.94
1100  24980  0.46
2100  23561.2  0.24
3100  21945.7  0.16
4100  32629.5  0.16
5100  13846.6  0.06
6100  27502.6  0.1
7100  39410.6  0.12
8100  55362.8  0.14
9100  40342.4  0.1
10100  34189.3  0.08
11100  28598.1  0.06
12100  27509.6  0.06
13100  85216.8  0.14
14100  91152.2  0.14
15100  82145.4  0.12
16100  71022.3  0.1
17100  120040  0.16
18100  40604  0.06
19100  52320.3  0.06
20100  54268.4  0.06
21100  48852.1  0.06
22100  51891.5  0.06
23100  46608.8  0.06
24100  48197.2  0.04
25100  49214.5  0.04
26100  50131.1  0.04
27100  51118.1  0.04
28100  52105.2  0.04
29100  119597  0.1
30100  180525  0.12
31100  155512  0.1
32100  135405  0.1
33100  146497  0.1
34100  150511  0.1
35100  154525  0.1
36100  158466  0.1
37100  155043  0.1
38100  158990  0.1
39100  43600.1  0.04
40100  44622.4  0.04
41100  45644.7  0.04
42100  46667  0.04
43100  52648.3  0.04
44100  53670.5  0.04
45100  54692.8  0.04
46100  55642.1  0.04
47100  56664.4  0.04
48100  173037  0.08
49100  176180  0.08
50100  179262  0.08
51100  182235  0.08
52100  185135  0.08
53100  188108  0.08
54100  191081  0.08
55100  194054  0.08
56100  197064  0.08
57100  200279  0.08
58100  203252  0.08
59100  206152  0.08
60100  209125  0.08
61100  151015  0.06
62100  153054  0.06
63100  155058  0.06
64100  157061  0.06
65100  159065  0.06
66100  160995  0.06
67100  162999  0.06
68100  165111  0.06
69100  167042  0.06
70100  169045  0.06
71100  171049  0.06
72100  172979  0.06
73100  174983  0.06
74100  177095  0.06
75100  179026  0.06
76100  181029  0.06
77100  183033  0.06
78100  185036  0.06
79100  187076  0.06
80100  189080  0.06
81100  191083  0.06
82100  193014  0.06
83100  195017  0.06
84100  197021  0.06
85100  199060  0.06
86100  132277  0.04
87100  133299  0.04
88100  134321  0.04
89100  135271  0.04
90100  136293  0.04
91100  163058  0.04
92100  164008  0.04
93100  165030  0.04
94100  166052  0.04
95100  167002  0.04
96100  168024  0.04
97100  169046  0.04
98100  169995  0.04
99100  171018  0.04
100100  172040  0.04
101100  173062  0.04
102100  174012  0.04
103100  175034  0.04
104100  176056  0.04
105100  177005  0.04
106100  178028  0.04
107100  179050  0.04
108100  179999  0.04
109100  181022  0.04
110100  182044  0.04
111100  182993  0.04
112100  184015  0.04
113100  185038  0.04
114100  186060  0.04
115100  187009  0.04
116100  144945  0.04
117100  145967  0.04
118100  146917  0.04
119100  147939  0.04
120100  148961  0.04
121100  149911  0.04
122100  150933  0.04
123100  151955  0.04
124100  152977  0.04
125100  153927  0.04
126100  154949  0.04
127100  155971  0.04
128100  156921  0.04
129100  157943  0.04
130100  158965  0.04
131100  159914  0.04
132100  160937  0.04
133100  161959  0.04
134100  162908  0.04
135100  163931  0.04
136100  164953  0.04
137100  165975  0.04
138100  166924  0.04
139100  167947  0.04
140100  168969  0.04
141100  169918  0.04
142100  170941  0.04
143100  171963  0.04
144100  172912  0.04
145100  173934  0.04
146100  174957  0.04
147100  175906  0.04
148100  176928  0.04
149100  177951  0.04
150100  178973  0.04
151100  179922  0.04
152100  180944  0.04
153100  181967  0.04
154100  182916  0.04
155100  158732  0.04
156100  159754  0.04
157100  160703  0.04
158100  161726  0.04
159100  162748  0.04
160100  163770  0.04
161100  164719  0.04
162100  165742  0.04
163100  166764  0.04
164100  167713  0.04
165100  168736  0.04
166100  169758  0.04
167100  170707  0.04
168100  171729  0.04
169100  172752  0.04
170100  173701  0.04
171100  174723  0.04
172100  175746  0.04
173100  176768  0.04
174100  177717  0.04
175100  178739  0.04
176100  179762  0.04
177100  180711  0.04
178100  181733  0.04
179100  182756  0.04
180100  183705  0.04
181100  184727  0.04
182100  185750  0.04
183100  186772  0.04
184100  187721  0.04
185100  188743  0.04
186100  189766  0.04
187100  190715  0.04
188100  191737  0.04
189100  192760  0.04
190100  193709  0.04
191100  194731  0.04
192100  195753  0.04
193100  196703  0.04
194100  197725  0.04
195100  393135  0.06
196100  395325  0.06
197100  397150  0.06
198100  399340  0.06
199100  401238  0.06
200100  403354  0.06
201100  405252  0.06
202100  407150  0.06
203100  409267  0.06
204100  411165  0.06
205100  413355  0.06
206100  415180  0.06
207100  417370  0.06
208100  419268  0.06
209100  421166  0.06
210100  423283  0.06
211100  425181  0.06
212100  427370  0.06
213100  429195  0.06
214100  431093  0.06
215100  433283  0.06
216100  435108  0.06
217100  437298  0.06
218100  286523  0.04
219100  287545  0.04
220100  288495  0.04
221100  289517  0.04
222100  290539  0.04
223100  291488  0.04
224100  292511  0.04
225100  293533  0.04
226100  294482  0.04
227100  295505  0.04
228100  260212  0.04
229100  261161  0.04
230100  262183  0.04
231100  263206  0.04
232100  264228  0.04
233100  265177  0.04
234100  271766  0.04
235100  272788  0.04
236100  273738  0.04
237100  274760  0.04
238100  275782  0.04
239100  276731  0.04
240100  277754  0.04
241100  278776  0.04
242100  279725  0.04
243100  280748  0.04
244100  281770  0.04
245100  282792  0.04
246100  283741  0.04
247100  284764  0.04
248100  285786  0.04
249100  286735  0.04
250100  287758  0.04
251100  288780  0.04
252100  289729  0.04
253100  290751  0.04
254100  291774  0.04
255100  292796  0.04
256100  293745  0.04
257100  294768  0.04
258100  295790  0.04
259100  296739  0.04
260100  297761  0.04
261100  264162  0.04
262100  265112  0.04
263100  266134  0.04
264100  267156  0.04
265100  268105  0.04
266100  269128  0.04
267100  270150  0.04
268100  271172  0.04
269100  272122  0.04
270100  273144  0.04
271100  274166  0.04
272100  275115  0.04
273100  276138  0.04
274100  277160  0.04
275100  430983  0.04
276100  432006  0.04
277100  433028  0.04
278100  433977  0.04
279100  434999  0.04
280100  436022  0.04
281100  437044  0.04
282100  437993  0.04
283100  439016  0.04
284100  440038  0.04
285100  440987  0.04
286100  442009  0.04
287100  443032  0.04
288100  443981  0.04
289100  445003  0.04
290100  446026  0.04
291100  447048  0.04
292100  447997  0.04
293100  449019  0.04
294100  450042  0.04
295100  450991  0.04
296100  452013  0.04
297100  453036  0.04
298100  926225  0.08
299100  929159  0.08
300100  932093  0.08
301100  935259  0.08
302100  938192  0.08
303100  941126  0.08
304100  944059  0.08
305100  947225  0.08
306100  950159  0.08
307100  953092  0.08
308100  956258  0.08
309100  959192  0.08
310100  962126  0.08
311100  964986  0.08
312100  968225  0.08
313100  317013  0.04
314100  318035  0.04
315100  318985  0.04
316100  320007  0.04
317100  321029  0.04
318100  321979  0.04
319100  323001  0.04
320100  324023  0.04
321100  324972  0.04
322100  325995  0.04
323100  327017  0.04
324100  327966  0.04
325100  328989  0.04
326100  330011  0.04
327100  331033  0.04
328100  331982  0.04
329100  333005  0.04
330100  335757  0.04
331100  336706  0.04
332100  337729  0.04
333100  338751  0.04
334100  340469  0.04
335100  341492  0.04
336100  342514  0.04
337100  343463  0.04
338100  344485  0.04
339100  345508  0.04
340100  346530  0.04
341100  347479  0.04
342100  348502  0.04
343100  351517  0.04
344100  352466  0.04
345100  353489  0.04
346100  354511  0.04
347100  355460  0.04
348100  356482  0.04
349100  357505  0.04
350100  358527  0.04
351100  359476  0.04
352100  360499  0.04
353100  361521  0.04
354100  362470  0.04
355100  372084  0.04
356100  373106  0.04
357100  374056  0.04
358100  375078  0.04
359100  376100  0.04
360100  377050  0.04
361100  378072  0.04
362100  379094  0.04
363100  729414  0.06
364100  731348  0.06
365100  733355  0.06
366100  735362  0.06
367100  737296  0.06
368100  739303  0.06
369100  372410  0.04
370100  373359  0.04
371100  374381  0.04
372100  375404  0.04
373100  376353  0.04
374100  825044  0.06
375100  827085  0.06
376100  829127  0.06
377100  831096  0.06
378100  832883  0.06
379100  423555  0.04
380100  424505  0.04
381100  766735  0.06
382100  768674  0.06
383100  770539  0.06
384100  772478  0.06
385100  774722  0.06
386100  776661  0.06
387100  778527  0.06
388100  783116  0.06
389100  785360  0.06
390100  787226  0.06
391100  789165  0.06
392100  791409  0.06
393100  793275  0.06
394100  795214  0.06
395100  797152  0.06
396100  799324  0.06
397100  801262  0.06
398100  803201  0.06
399100  805140  0.06
400100  807311  0.06
401100  809250  0.06
402100  811188  0.06
403100  813360  0.06
404100  815298  0.06
405100  811661  0.06
406100  813527  0.06
407100  815771  0.06
408100  817710  0.06
409100  819648  0.06
410100  821514  0.06
411100  823758  0.06
412100  825697  0.06
413100  827563  0.06
414100  829807  0.06
415100  831746  0.06
416100  833612  0.06
417100  835550  0.06
418100  837795  0.06
419100  839660  0.06
420100  841599  0.06
421100  843538  0.06
422100  845782  0.06
423100  847648  0.06
424100  849586  0.06
425100  851831  0.06
426100  853696  0.06
427100  855635  0.06
428100  857574  0.06
429100  859745  0.06
430100  874302  0.06
431100  876241  0.06
432100  878106  0.06
433100  880351  0.06
434100  882289  0.06
435100  884228  0.06
436100  886399  0.06
437100  888338  0.06
438100  890277  0.06
439100  892143  0.06
440100  894387  0.06
441100  896325  0.06
442100  898191  0.06
443100  900130  0.06
444100  902374  0.06
445100  904313  0.06
446100  906179  0.06
447100  908423  0.06
448100  910362  0.06
449100  912227  0.06
450100  914166  0.06
451100  916410  0.06
452100  918276  0.06
453100  920215  0.06
454100  846558  0.04
455100  847508  0.04
456100  848530  0.04
457100  849552  0.04
458100  850574  0.04
459100  851524  0.04
460100  852546  0.04
461100  853568  0.04
462100  854518  0.04
463100  855540  0.04
464100  856562  0.04
465100  857511  0.04
466100  858534  0.04
467100  859556  0.04
468100  860505  0.04
469100  861528  0.04
470100  862550  0.04
471100  863572  0.04
472100  548880  0.04
473100  549902  0.04
474100  550924  0.04
475100  551873  0.04
476100  552896  0.04
477100  553918  0.04
478100  554867  0.04
479100  555890  0.04
480100  556912  0.04
481100  557934  0.04
482100  558883  0.04
483100  559906  0.04
484100  560928  0.04
485100  561877  0.04
486100  562900  0.04
487100  563922  0.04
488100  564871  0.04
489100  565893  0.04
490100  495649  0.04
491100  496598  0.04
492100  497620  0.04
493100  498643  0.04
494100  499665  0.04
495100  500614  0.04
496100  992185  0.04
497100  500267  0.04
498100  501216  0.04
499100  502238  0.04
500100  503260  0.04
501100  504210  0.04
502100  505232  0.04
503100  506254  0.04
504100  507277  0.04
505100  508226  0.04
506100  509248  0.04
507100  1.01274e+06  0.04
508100  1.01369e+06  0.04
509100  1.01471e+06  0.04
510100  1.01573e+06  0.04
511100  1.01668e+06  0.04
512100  1.0177e+06  0.04
513100  1.01873e+06  0.04
514100  1.01967e+06  0.04
515100  1.0207e+06  0.04
516100  1.02172e+06  0.04
517100  1.02274e+06  0.04
518100  1.02369e+06  0.04
519100  1.02471e+06  0.04
520100  1.02574e+06  0.04
521100  1.02668e+06  0.04
522100  1.02771e+06  0.04
523100  1.02873e+06  0.04
524100  555960  0.04
525100  556983  0.04
526100  558005  0.04
527100  558954  0.04
528100  559977  0.04
529100  560999  0.04
530100  562021  0.04
531100  562970  0.04
532100  563993  0.04
533100  565015  0.04
534100  565964  0.04
535100  566987  0.04
536100  568009  0.04
537100  568958  0.04
538100  569980  0.04
539100  571003  0.04
540100  572025  0.04
541100  572974  0.04
542100  573997  0.04
543100  575019  0.04
544100  575968  0.04
545100  549496  0.04
546100  550519  0.04
547100  554119  0.04
548100  555141  0.04
549100  556163  0.04
550100  557112  0.04
551100  552559  0.04
552100  553581  0.04
553100  554603  0.04
554100  555552  0.04
555100  556575  0.04
556100  557597  0.04
557100  571164  0.04
558100  572187  0.04
559100  573209  0.04
560100  574158  0.04
561100  575181  0.04
562100  576203  0.04
563100  577152  0.04
564100  578174  0.04
565100  579197  0.04
566100  580219  0.04
567100  581168  0.04
568100  582191  0.04
569100  583213  0.04
570100  584162  0.04
571100  585184  0.04
572100  586207  0.04
573100  587156  0.04
574100  588178  0.04
575100  589201  0.04
576100  590223  0.04
577100  591172  0.04
578100  592194  0.04
579100  593217  0.04
580100  594166  0.04
581100  595188  0.04
582100  596211  0.04
583100  597160  0.04
584100  598182  0.04
585100  599204  0.04
586100  600154  0.04
587100  601176  0.04
588100  602198  0.04
589100  603221  0.04
590100  604170  0.04
591100  605192  0.04
592100  606214  0.04
593100  607164  0.04
594100  608186  0.04
595100  609208  0.04
596100  610158  0.04
597100  611180  0.04
598100  612202  0.04
599100  613151  0.04
600100  614174  0.04
601100  615196  0.04
602100  616218  0.04
603100  617168  0.04
604100  618190  0.04
605100  619212  0.04
606100  620161  0.04
607100  621184  0.04
608100  622206  0.04
609100  613317  0.04
610100  614339  0.04
611100  615361  0.04
612100  618785  0.04
613100  619734  0.04
614100  620756  0.04
615100  621779  0.04
616100  622728  0.04
617100  623750  0.04
618100  624772  0.04
619100  625722  0.04
620100  626744  0.04
621100  627766  0.04
622100  628716  0.04
623100  629738  0.04
624100  630760  0.04
625100  631782  0.04
626100  632732  0.04
627100  633754  0.04
628100  634776  0.04
629100  635726  0.04
630100  636748  0.04
631100  637770  0.04
632100  638719  0.04
633100  639742  0.04
634100  640764  0.04
635100  641786  0.04
636100  642736  0.04
637100  643758  0.04
638100  644780  0.04
639100  645729  0.04
640100  646752  0.04
641100  978072  0.04
642100  979021  0.04
643100  980043  0.04
644100  728320  0.04
645100  729269  0.04
646100  730292  0.04
647100  731314  0.04
648100  732336  0.04
649100  733285  0.04
650100  718245  0.04
651100  719267  0.04
652100  720216  0.04
653100  721239  0.04
654100  722261  0.04
655100  723210  0.04
656100  724233  0.04
657100  725255  0.04
658100  726204  0.04
659100  727226  0.04
660100  728249  0.04
661100  729271  0.04
662100  669747  0.04
663100  670769  0.04
664100  671791  0.04
665100  672741  0.04
666100  673763  0.04
667100  674785  0.04
668100  675735  0.04
669100  676757  0.04
670100  677779  0.04
671100  678801  0.04
672100  679751  0.04
673100  680773  0.04
674100  680886  0.04
675100  681835  0.04
676100  682857  0.04
677100  677558  0.04
678100  678508  0.04
679100  679530  0.04
680100  680552  0.04
681100  681501  0.04
682100  682524  0.04
683100  683546  0.04
684100  684568  0.04
685100  685518  0.04
686100  686540  0.04
687100  687562  0.04
688100  688511  0.04
689100  689534  0.04
690100  690556  0.04
691100  691505  0.04
692100  692528  0.04
693100  693550  0.04
694100  694499  0.04
695100  695521  0.04
696100  696544  0.04
697100  697566  0.04
698100  698515  0.04
699100  699538  0.04
700100  700560  0.04
701100  701509  0.04
702100  702532  0.04
703100  703554  0.04
704100  704503  0.04
705100  705525  0.04
706100  706548  0.04
707100  707570  0.04
708100  708519  0.04
709100  709542  0.04
710100  710564  0.04
711100  711513  0.04
712100  712100  0.02
713100  713122  0.02
714100  714072  0.02
715100  715094  0.02
716100  716116  0.02
717100  717066  0.02
718100  718088  0.02
719100  719110  0.02
720100  720132  0.02
721100  721082  0.02
722100  722104  0.02
723100  723126  0.02
724100  724076  0.02
725100  724514  0.02
726100  724514  0.02
727100  724514  0.02
728100  724514  0.02
729100  724514  0.02
730100  724514  0.02
731100  724514  0.02
732100  724514  0.02
733100  724514  0.02
734100  724514  0.02
735100  724514  0.02
736100  724514  0.02
737100  724514  0.02
738100  724514  0.02
739100  724514  0.02
740100  724514  0.02
741100  724514  0.02
742100  724514  0.02
743100  724514  0.02
744100  724514  0.02
745100  724514  0.02
746100  724514  0.02
747100  724514  0.02
748100  724514  0.02
749100  724514  0.02
750100  724514  0.02
751100  724514  0.02
752100  724514  0.02
753100  724514  0.02
754100  724514  0.02
755100  724514  0.02
756100  724514  0.02
757100  724514  0.02
758100  724514  0.02
759100  724514  0.02
760100  724514  0.02
761100  724514  0.02
762100  724514  0.02
763100  724514  0.02
764100  724514  0.02
765100  724514  0.02
766100  724514  0.02
767100  724514  0.02
768100  724514  0.02
769100  724514  0.02
770100  724514  0.02
771100  724514  0.02
772100  724514  0.02
773100  724514  0.02
774100  724514  0.02
775100  724514  0.02
776100  724514  0.02
777100  724514  0.02
778100  724514  0.02
779100  724514  0.02
780100  724514  0.02
781100  724514  0.02
782100  724514  0.02
783100  724514  0.02
784100  724514  0.02
785100  724514  0.02
786100  724514  0.02
787100  724514  0.02
788100  724514  0.02
789100  724514  0.02
790100  724514  0.02
791100  724514  0.02
792100  724514  0.02
793100  724514  0.02
794100  724514  0.02
795100  724514  0.02
796100  724514  0.02
797100  724514  0.02
798100  724514  0.02
799100  724514  0.02
800100  724514  0.02
801100  724514  0.02
802100  724514  0.02
803100  724514  0.02
804100  724514  0.02
805100  724514  0.02
806100  724514  0.02
807100  724514  0.02
808100  724514  0.02
809100  724514  0.02
810100  724514  0.02
811100  724514  0.02
812100  724514  0.02
813100  724514  0.02
814100  724514  0.02
815100  724514  0.02
816100  724514  0.02
817100  724514  0.02
818100  724514  0.02
819100  724514  0.02
820100  724514  0.02
821100  724514  0.02
822100  724514  0.02
823100  724514  0.02
824100  724514  0.02
825100  724514  0.02
826100  724514  0.02
827100  724514  0.02
828100  724514  0.02
829100  724514  0.02
830100  724514  0.02
831100  724514  0.02
832100  724514  0.02
833100  724514  0.02
834100  724514  0.02
835100  724514  0.02
836100  724514  0.02
837100  724514  0.02
838100  724514  0.02
839100  724514  0.02
840100  724514  0.02
841100  724514  0.02
842100  724514  0.02
843100  724514  0.02
844100  724514  0.02
845100  724514  0.02
846100  724514  0.02
847100  724514  0.02
848100  724514  0.02
849100  724514  0.02
850100  724514  0.02
851100  724514  0.02
852100  724514  0.02
853100  724514  0.02
854100  724514  0.02
855100  724514  0.02
856100  724514  0.02
857100  724514  0.02
858100  724514  0.02
859100  724514  0.02
860100  724514  0.02
861100  724514  0.02
862100  724514  0.02
863100  724514  0.02
864100  724514  0.02
865100  724514  0.02
866100  724514  0.02
867100  724514  0.02
868100  724514  0.02
869100  724514  0.02
870100  724514  0.02
871100  724514  0.02
872100  724514  0.02
873100  724514  0.02
874100  724514  0.02
875100  724514  0.02
876100  724514  0.02
877100  724514  0.02
878100  724514  0.02
879100  724514  0.02
880100  724514  0.02
881100  724514  0.02
882100  724514  0.02
883100  724514  0.02
884100  724514  0.02
885100  724514  0.02
886100  724514  0.02
887100  724514  0.02
888100  724514  0.02
889100  724514  0.02
890100  724514  0.02
891100  724514  0.02
892100  724514  0.02
893100  724514  0.02
894100  724514  0.02
895100  724514  0.02
896100  724514  0.02
897100  724514  0.02
898100  724514  0.02
899100  724514  0.02
900100  724514  0.02
901100  724514  0.02
902100  724514  0.02
903100  724514  0.02
904100  724514  0.02
905100  724514  0.02
906100  724514  0.02
907100  724514  0.02
908100  724514  0.02
909100  724514  0.02
910100  724514  0.02
911100  724514  0.02
912100  724514  0.02
913100  724514  0.02
914100  724514  0.02
915100  724514  0.02
916100  724514  0.02
917100  724514  0.02
918100  724514  0.02
919100  724514  0.02
920100  724514  0.02
921100  724514  0.02
922100  724514  0.02
923100  724514  0.02
924100  724514  0.02
925100  724514  0.02
926100  724514  0.02
927100  724514  0.02
928100  724514  0.02
929100  724514  0.02
930100  724514  0.02
931100  724514  0.02
932100  724514  0.02
933100  724514  0.02
934100  724514  0.02
935100  724514  0.02
936100  724514  0.02
937100  724514  0.02
938100  724514  0.02
939100  724514  0.02
940100  724514  0.02
941100  724514  0.02
942100  724514  0.02
943100  724514  0.02
944100  724514  0.02
945100  724514  0.02
946100  724514  0.02
947100  724514  0.02
948100  724514  0.02
949100  724514  0.02
950100  724514  0.02
951100  724514  0.02
952100  724514  0.02
953100  724514  0.02
954100  724514  0.02
955100  724514  0.02
956100  724514  0.02
957100  724514  0.02
958100  724514  0.02
959100  724514  0.02
960100  724514  0.02
961100  724514  0.02
962100  724514  0.02
963100  724514  0.02
964100  724514  0.02
965100  724514  0.02
966100  724514  0.02
967100  724514  0.02
968100  724514  0.02
969100  724514  0.02
970100  724514  0.02
971100  724514  0.02
972100  724514  0.02
973100  724514  0.02
974100  724514  0.02
975100  724514  0.02
976100  724514  0.02
977100  724514  0.02
978100  724514  0.02
979100  724514  0.02
980100  724514  0.02
981100  724514  0.02
982100  724514  0.02
983100  724514  0.02
984100  724514  0.02
985100  724514  0.02
986100  724514  0.02
987100  724514  0.02
988100  724514  0.02
989100  724514  0.02
990100  724514  0.02
991100  724514  0.02
992100  724514  0.02
993100  724514  0.02
994100  724514  0.02
995100  724514  0.02
996100  724514  0.02
997100  724514  0.02
998100  724514  0.02
999100  724514  0.02
