100  4316.62  1
1100  14970.9  0.28
2100  21134.6  0.2
3100  23643.1  0.16
4100  30526.5  0.16
5100  40022.5  0.16
6100  93749  0.32
7100  51959.4  0.16
8100  53816.1  0.14
9100  111510  0.26
10100  72631.9  0.16
11100  68971.3  0.14
12100  66010.4  0.12
13100  105241  0.16
14100  100746  0.16
15100  108114  0.16
16100  82989.1  0.12
17100  72741.5  0.1
18100  76753.3  0.1
19100  81164.5  0.1
20100  84438.5  0.1
21100  88849.6  0.1
22100  115699  0.12
23100  121041  0.12
24100  125557  0.12
25100  130881  0.12
26100  83582  0.08
27100  96206.3  0.08
28100  147436  0.12
29100  152763  0.12
30100  157691  0.12
31100  129827  0.1
32100  133726  0.1
33100  167780  0.12
34100  172109  0.12
35100  142471  0.1
36100  182287  0.12
37100  187773  0.12
38100  119510  0.08
39100  122815  0.08
40100  202837  0.12
41100  166629  0.1
42100  170529  0.1
43100  174855  0.1
44100  197991  0.1
45100  227753  0.12
46100  279884  0.14
47100  143787  0.08
48100  146323  0.08
49100  149628  0.08
50100  152533  0.08
51100  155837  0.08
52100  158373  0.08
53100  161678  0.08
54100  164583  0.08
55100  167519  0.08
56100  170424  0.08
57100  233089  0.1
58100  236369  0.1
59100  240786  0.1
60100  245171  0.1
61100  249189  0.1
62100  252866  0.1
63100  256862  0.1
64100  261257  0.1
65100  264516  0.1
66100  268880  0.1
67100  272876  0.1
68100  482876  0.16
69100  494938  0.16
70100  502316  0.16
71100  501311  0.16
72100  578908  0.18
73100  587138  0.18
74100  595452  0.18
75100  390446  0.12
76100  394973  0.12
77100  399808  0.12
78100  239897  0.08
79100  242440  0.08
80100  245750  0.08
81100  248661  0.08
82100  261660  0.08
83100  264170  0.08
84100  338891  0.1
85100  342825  0.1
86100  346738  0.1
87100  350671  0.1
88100  354973  0.1
89100  358856  0.1
90100  362820  0.1
91100  366703  0.1
92100  371036  0.1
93100  374550  0.1
94100  378851  0.1
95100  382734  0.1
96100  217329  0.06
97100  218866  0.06
98100  221171  0.06
99100  223076  0.06
100100  225012  0.06
101100  226917  0.06
102100  229222  0.06
103100  230758  0.06
104100  233063  0.06
105100  234968  0.06
106100  237273  0.06
107100  238809  0.06
108100  241114  0.06
109100  243019  0.06
110100  244955  0.06
111100  246860  0.06
112100  249165  0.06
113100  330660  0.06
114100  332595  0.06
115100  334501  0.06
116100  336805  0.06
117100  338342  0.06
118100  340646  0.06
119100  342552  0.06
120100  344856  0.06
121100  346393  0.06
122100  348697  0.06
123100  350603  0.06
124100  352539  0.06
125100  299203  0.06
126100  401763  0.08
127100  404775  0.08
128100  407446  0.08
129100  410450  0.08
130100  413853  0.08
131100  416122  0.08
132100  419525  0.08
133100  422529  0.08
134100  425933  0.08
135100  428202  0.08
136100  431605  0.08
137100  434609  0.08
138100  437277  0.08
139100  440281  0.08
140100  443684  0.08
141100  445953  0.08
142100  449357  0.08
143100  452361  0.08
144100  455764  0.08
145100  458033  0.08
146100  461436  0.08
147100  464440  0.08
148100  467109  0.08
149100  470113  0.08
150100  489385  0.08
151100  492397  0.08
152100  495070  0.08
153100  498082  0.08
154100  501494  0.08
155100  503768  0.08
156100  507179  0.08
157100  510191  0.08
158100  513602  0.08
159100  515877  0.08
160100  519288  0.08
161100  522300  0.08
162100  524974  0.08
163100  527986  0.08
164100  531397  0.08
165100  534409  0.08
166100  537082  0.08
167100  540094  0.08
168100  543506  0.08
169100  545780  0.08
170100  549191  0.08
171100  552203  0.08
172100  555615  0.08
173100  557889  0.08
174100  561300  0.08
175100  564312  0.08
176100  566986  0.08
177100  570397  0.08
178100  573409  0.08
179100  576820  0.08
180100  579095  0.08
181100  582506  0.08
182100  585518  0.08
183100  588191  0.08
184100  591203  0.08
185100  594615  0.08
186100  596889  0.08
187100  600300  0.08
188100  603312  0.08
189100  606724  0.08
190100  608998  0.08
191100  612409  0.08
192100  615421  0.08
193100  618095  0.08
194100  621107  0.08
195100  624518  0.08
196100  627530  0.08
197100  630204  0.08
198100  633216  0.08
199100  636627  0.08
200100  640339  0.08
201100  643750  0.08
202100  646762  0.08
203100  650173  0.08
204100  652447  0.08
205100  655859  0.08
206100  658871  0.08
207100  661544  0.08
208100  664556  0.08
209100  667968  0.08
210100  670980  0.08
211100  673653  0.08
212100  676665  0.08
213100  680076  0.08
214100  682351  0.08
215100  685762  0.08
216100  688774  0.08
217100  692185  0.08
218100  694460  0.08
219100  697871  0.08
220100  700883  0.08
221100  703556  0.08
222100  706568  0.08
223100  709980  0.08
224100  712254  0.08
225100  715665  0.08
226100  718677  0.08
227100  722089  0.08
228100  724363  0.08
229100  727774  0.08
230100  730786  0.08
231100  733460  0.08
232100  736472  0.08
233100  739883  0.08
234100  742895  0.08
235100  745569  0.08
236100  748581  0.08
237100  749175  0.08
238100  751422  0.08
239100  754791  0.08
240100  757765  0.08
241100  761135  0.08
242100  763381  0.08
243100  766750  0.08
244100  769725  0.08
245100  772365  0.08
246100  775340  0.08
247100  778709  0.08
248100  781684  0.08
249100  784325  0.08
250100  787299  0.08
251100  790669  0.08
252100  792915  0.08
253100  796284  0.08
254100  799259  0.08
255100  802628  0.08
256100  804874  0.08
257100  808243  0.08
258100  811218  0.08
259100  813859  0.08
260100  816833  0.08
261100  820203  0.08
262100  822449  0.08
263100  825818  0.08
264100  828793  0.08
265100  832162  0.08
266100  834408  0.08
267100  805832  0.08
268100  808844  0.08
269100  811518  0.08
270100  814530  0.08
271100  817941  0.08
272100  820953  0.08
273100  823627  0.08
274100  826639  0.08
275100  830050  0.08
276100  832324  0.08
277100  835736  0.08
278100  838748  0.08
279100  842159  0.08
280100  844433  0.08
281100  847845  0.08
282100  850857  0.08
283100  853530  0.08
284100  856542  0.08
285100  859953  0.08
286100  862965  0.08
287100  865639  0.08
288100  868651  0.08
289100  872062  0.08
290100  874337  0.08
291100  877748  0.08
292100  880760  0.08
293100  884171  0.08
294100  886845  0.08
295100  889857  0.08
296100  893268  0.08
297100  895542  0.08
298100  898954  0.08
299100  901966  0.08
300100  905377  0.08
301100  907651  0.08
302100  911063  0.08
303100  914075  0.08
304100  951065  0.08
305100  954036  0.08
306100  957401  0.08
307100  959644  0.08
308100  963009  0.08
309100  965979  0.08
310100  969344  0.08
311100  971587  0.08
312100  974952  0.08
313100  977923  0.08
314100  980560  0.08
315100  983531  0.08
316100  986895  0.08
317100  989866  0.08
318100  992503  0.08
319100  995474  0.08
320100  998839  0.08
321100  1.00108e+06  0.08
322100  1.00445e+06  0.08
323100  1.00742e+06  0.08
324100  1.01078e+06  0.08
325100  1.01303e+06  0.08
326100  1.01639e+06  0.08
327100  1.01936e+06  0.08
328100  1.022e+06  0.08
329100  1.02497e+06  0.08
330100  1.02833e+06  0.08
331100  354288  0.04
332100  355486  0.04
333100  356285  0.04
334100  357483  0.04
335100  358281  0.04
336100  359479  0.04
337100  360278  0.04
338100  361476  0.04
339100  362275  0.04
340100  363473  0.04
341100  364271  0.04
342100  365469  0.04
343100  366268  0.04
344100  367466  0.04
345100  368264  0.04
346100  369462  0.04
347100  370261  0.04
348100  371459  0.04
349100  372258  0.04
350100  373456  0.04
351100  374254  0.04
352100  375452  0.04
353100  376251  0.04
354100  377449  0.04
355100  378247  0.04
356100  379445  0.04
357100  380244  0.04
358100  381442  0.04
359100  382241  0.04
360100  383438  0.04
361100  384237  0.04
362100  385435  0.04
363100  386234  0.04
364100  387432  0.04
365100  388230  0.04
366100  389428  0.04
367100  390227  0.04
368100  391425  0.04
369100  392223  0.04
370100  393421  0.04
371100  394220  0.04
372100  395418  0.04
373100  396217  0.04
374100  397415  0.04
375100  398213  0.04
376100  399411  0.04
377100  400210  0.04
378100  401408  0.04
379100  402206  0.04
380100  403404  0.04
381100  404203  0.04
382100  405401  0.04
383100  406200  0.04
384100  407398  0.04
385100  408196  0.04
386100  409394  0.04
387100  410193  0.04
388100  411391  0.04
389100  412189  0.04
390100  413387  0.04
391100  414186  0.04
392100  415384  0.04
393100  416182  0.04
394100  417380  0.04
395100  418179  0.04
396100  419377  0.04
397100  420176  0.04
398100  421374  0.04
399100  422172  0.04
400100  423370  0.04
401100  424169  0.04
402100  425367  0.04
403100  426165  0.04
404100  427363  0.04
405100  428162  0.04
406100  429360  0.04
407100  430159  0.04
408100  431357  0.04
409100  432155  0.04
410100  433353  0.04
411100  434551  0.04
412100  435350  0.04
413100  436548  0.04
414100  437346  0.04
415100  438544  0.04
416100  439343  0.04
417100  440541  0.04
418100  441340  0.04
419100  442537  0.04
420100  443336  0.04
421100  444534  0.04
422100  445333  0.04
423100  446531  0.04
424100  447329  0.04
425100  448527  0.04
426100  449326  0.04
427100  450524  0.04
428100  451322  0.04
429100  452520  0.04
430100  453319  0.04
431100  454517  0.04
432100  455316  0.04
433100  456514  0.04
434100  457312  0.04
435100  458510  0.04
436100  459309  0.04
437100  460507  0.04
438100  461305  0.04
439100  462503  0.04
440100  463302  0.04
441100  464500  0.04
442100  465299  0.04
443100  466497  0.04
444100  467295  0.04
445100  468493  0.04
446100  469292  0.04
447100  470490  0.04
448100  471288  0.04
449100  472486  0.04
450100  473285  0.04
451100  474483  0.04
452100  475281  0.04
453100  476479  0.04
454100  477278  0.04
455100  478476  0.04
456100  479275  0.04
457100  480473  0.04
458100  481271  0.04
459100  482469  0.04
460100  483268  0.04
461100  484466  0.04
462100  485264  0.04
463100  486462  0.04
464100  487261  0.04
465100  488459  0.04
466100  489258  0.04
467100  490456  0.04
468100  491254  0.04
469100  492452  0.04
470100  514921  0.04
471100  516119  0.04
472100  516918  0.04
473100  518116  0.04
474100  518915  0.04
475100  520113  0.04
476100  520911  0.04
477100  522109  0.04
478100  522908  0.04
479100  524106  0.04
480100  524904  0.04
481100  526102  0.04
482100  526901  0.04
483100  528099  0.04
484100  528897  0.04
485100  530095  0.04
486100  530894  0.04
487100  532092  0.04
488100  532891  0.04
489100  534089  0.04
490100  534887  0.04
491100  536085  0.04
492100  536884  0.04
493100  538082  0.04
494100  532916  0.04
495100  534114  0.04
496100  534913  0.04
497100  536111  0.04
498100  536910  0.04
499100  538108  0.04
500100  538906  0.04
501100  540104  0.04
502100  540903  0.04
503100  542101  0.04
504100  542899  0.04
505100  544097  0.04
506100  544896  0.04
507100  546094  0.04
508100  546892  0.04
509100  548090  0.04
510100  548889  0.04
511100  550087  0.04
512100  550886  0.04
513100  552084  0.04
514100  552882  0.04
515100  554080  0.04
516100  554879  0.04
517100  556077  0.04
518100  556875  0.04
519100  558073  0.04
520100  558872  0.04
521100  560070  0.04
522100  560869  0.04
523100  562067  0.04
524100  562865  0.04
525100  564063  0.04
526100  564862  0.04
527100  566060  0.04
528100  567258  0.04
529100  568056  0.04
530100  569254  0.04
531100  570053  0.04
532100  571251  0.04
533100  572050  0.04
534100  573247  0.04
535100  574046  0.04
536100  575244  0.04
537100  576043  0.04
538100  577241  0.04
539100  578039  0.04
540100  579237  0.04
541100  580036  0.04
542100  581234  0.04
543100  582032  0.04
544100  583230  0.04
545100  584029  0.04
546100  585227  0.04
547100  586026  0.04
548100  587224  0.04
549100  588022  0.04
550100  589220  0.04
551100  590019  0.04
552100  591217  0.04
553100  592015  0.04
554100  593213  0.04
555100  594012  0.04
556100  595210  0.04
557100  596009  0.04
558100  597207  0.04
559100  598005  0.04
560100  599203  0.04
561100  600002  0.04
562100  601200  0.04
563100  601998  0.04
564100  603196  0.04
565100  603995  0.04
566100  605193  0.04
567100  605991  0.04
568100  607189  0.04
569100  607988  0.04
570100  609186  0.04
571100  609985  0.04
572100  611183  0.04
573100  611981  0.04
574100  613179  0.04
575100  613978  0.04
576100  615176  0.04
577100  615974  0.04
578100  617172  0.04
579100  617971  0.04
580100  619169  0.04
581100  619968  0.04
582100  621166  0.04
583100  621964  0.04
584100  623162  0.04
585100  623961  0.04
586100  625159  0.04
587100  625957  0.04
588100  627155  0.04
589100  627954  0.04
590100  629152  0.04
591100  629951  0.04
592100  631148  0.04
593100  631947  0.04
594100  633145  0.04
595100  633944  0.04
596100  635142  0.04
597100  635940  0.04
598100  637138  0.04
599100  637937  0.04
600100  639135  0.04
601100  639933  0.04
602100  641131  0.04
603100  641930  0.04
604100  643128  0.04
605100  643927  0.04
606100  645125  0.04
607100  645923  0.04
608100  647121  0.04
609100  647920  0.04
610100  649118  0.04
611100  649916  0.04
612100  651114  0.04
613100  651913  0.04
614100  653111  0.04
615100  653910  0.04
616100  655108  0.04
617100  655906  0.04
618100  657104  0.04
619100  657903  0.04
620100  659101  0.04
621100  659899  0.04
622100  661097  0.04
623100  661896  0.04
624100  663094  0.04
625100  663893  0.04
626100  665090  0.04
627100  665889  0.04
628100  667087  0.04
629100  667886  0.04
630100  669084  0.04
631100  669882  0.04
632100  671080  0.04
633100  671879  0.04
634100  674514  0.04
635100  675313  0.04
636100  676511  0.04
637100  677309  0.04
638100  678507  0.04
639100  679306  0.04
640100  680504  0.04
641100  681303  0.04
642100  682501  0.04
643100  683299  0.04
644100  684497  0.04
645100  685695  0.04
646100  686494  0.04
647100  687692  0.04
648100  688490  0.04
649100  689688  0.04
650100  690487  0.04
651100  691685  0.04
652100  692484  0.04
653100  693682  0.04
654100  694480  0.04
655100  695678  0.04
656100  696477  0.04
657100  697675  0.04
658100  698473  0.04
659100  699671  0.04
660100  700470  0.04
661100  701668  0.04
662100  702466  0.04
663100  703664  0.04
664100  704463  0.04
665100  705661  0.04
666100  706460  0.04
667100  707658  0.04
668100  708456  0.04
669100  709654  0.04
670100  710453  0.04
671100  711651  0.04
672100  712449  0.04
673100  713647  0.04
674100  714446  0.04
675100  715644  0.04
676100  716443  0.04
677100  717641  0.04
678100  718439  0.04
679100  719637  0.04
680100  720436  0.04
681100  721634  0.04
682100  722432  0.04
683100  723630  0.04
684100  724429  0.04
685100  725627  0.04
686100  726426  0.04
687100  727623  0.04
688100  728422  0.04
689100  729620  0.04
690100  730419  0.04
691100  731617  0.04
692100  732415  0.04
693100  733613  0.04
694100  734412  0.04
695100  735610  0.04
696100  736408  0.04
697100  737606  0.04
698100  738405  0.04
699100  739603  0.04
700100  740402  0.04
701100  741600  0.04
702100  742398  0.04
703100  743596  0.04
704100  744395  0.04
705100  745593  0.04
706100  746391  0.04
707100  747589  0.04
708100  748388  0.04
709100  749586  0.04
710100  750385  0.04
711100  751583  0.04
712100  752381  0.04
713100  753579  0.04
714100  754378  0.04
715100  755576  0.04
716100  756374  0.04
717100  757572  0.04
718100  758371  0.04
719100  759569  0.04
720100  760368  0.04
721100  761565  0.04
722100  762364  0.04
723100  763562  0.04
724100  764361  0.04
725100  765559  0.04
726100  766357  0.04
727100  767555  0.04
728100  768354  0.04
729100  769552  0.04
730100  770350  0.04
731100  771548  0.04
732100  772347  0.04
733100  773545  0.04
734100  774344  0.04
735100  775542  0.04
736100  776340  0.04
737100  777538  0.04
738100  778337  0.04
739100  779535  0.04
740100  780333  0.04
741100  781531  0.04
742100  782330  0.04
743100  783528  0.04
744100  784327  0.04
745100  785525  0.04
746100  786323  0.04
747100  787521  0.04
748100  788320  0.04
749100  789518  0.04
750100  790316  0.04
751100  791514  0.04
752100  792313  0.04
753100  793511  0.04
754100  794310  0.04
755100  795507  0.04
756100  796306  0.04
757100  797504  0.04
758100  798303  0.04
759100  799501  0.04
760100  800299  0.04
761100  801497  0.04
762100  802695  0.04
763100  803494  0.04
764100  804692  0.04
765100  805490  0.04
766100  806688  0.04
767100  807487  0.04
768100  808685  0.04
769100  809484  0.04
770100  810682  0.04
771100  811480  0.04
772100  812678  0.04
773100  813477  0.04
774100  814675  0.04
775100  815473  0.04
776100  816671  0.04
777100  817470  0.04
778100  818668  0.04
779100  819467  0.04
780100  820664  0.04
781100  821463  0.04
782100  822661  0.04
783100  823460  0.04
784100  824658  0.04
785100  825456  0.04
786100  826654  0.04
787100  827453  0.04
788100  828651  0.04
789100  829449  0.04
790100  830647  0.04
791100  831446  0.04
792100  832644  0.04
793100  833443  0.04
794100  834641  0.04
795100  835439  0.04
796100  836637  0.04
797100  837436  0.04
798100  838634  0.04
799100  839432  0.04
800100  840630  0.04
801100  841429  0.04
802100  842627  0.04
803100  843426  0.04
804100  844624  0.04
805100  845422  0.04
806100  846620  0.04
807100  847419  0.04
808100  848617  0.04
809100  849415  0.04
810100  850613  0.04
811100  851412  0.04
812100  852610  0.04
813100  853409  0.04
814100  854606  0.04
815100  855405  0.04
816100  856603  0.04
817100  857402  0.04
818100  858600  0.04
819100  859398  0.04
820100  860596  0.04
821100  861395  0.04
822100  862593  0.04
823100  863391  0.04
824100  864589  0.04
825100  865388  0.04
826100  866586  0.04
827100  867385  0.04
828100  868583  0.04
829100  869381  0.04
830100  870579  0.04
831100  871378  0.04
832100  872576  0.04
833100  873374  0.04
834100  874572  0.04
835100  875371  0.04
836100  876569  0.04
837100  877368  0.04
838100  878566  0.04
839100  879364  0.04
840100  880562  0.04
841100  881361  0.04
842100  882559  0.04
843100  883357  0.04
844100  848686  0.04
845100  849485  0.04
846100  850683  0.04
847100  851481  0.04
848100  852679  0.04
849100  853478  0.04
850100  854676  0.04
851100  855474  0.04
852100  856672  0.04
853100  857471  0.04
854100  858669  0.04
855100  859468  0.04
856100  860666  0.04
857100  861464  0.04
858100  862662  0.04
859100  863461  0.04
860100  864659  0.04
861100  865457  0.04
862100  866655  0.04
863100  867454  0.04
864100  868652  0.04
865100  869451  0.04
866100  870648  0.04
867100  871447  0.04
868100  872645  0.04
869100  873444  0.04
870100  874642  0.04
871100  875440  0.04
872100  876638  0.04
873100  877437  0.04
874100  878635  0.04
875100  879433  0.04
876100  880631  0.04
877100  881430  0.04
878100  882628  0.04
879100  883826  0.04
880100  884625  0.04
881100  885823  0.04
882100  886621  0.04
883100  887819  0.04
884100  888618  0.04
885100  889816  0.04
886100  890614  0.04
887100  891812  0.04
888100  892611  0.04
889100  893809  0.04
890100  894608  0.04
891100  895805  0.04
892100  896604  0.04
893100  897802  0.04
894100  898601  0.04
895100  899799  0.04
896100  900597  0.04
897100  901795  0.04
898100  902594  0.04
899100  903792  0.04
900100  904590  0.04
901100  905788  0.04
902100  906587  0.04
903100  907785  0.04
904100  908584  0.04
905100  909782  0.04
906100  910580  0.04
907100  911778  0.04
908100  912577  0.04
909100  913775  0.04
910100  914573  0.04
911100  915771  0.04
912100  916570  0.04
913100  917768  0.04
914100  918567  0.04
915100  919765  0.04
916100  920563  0.04
917100  921761  0.04
918100  922560  0.04
919100  923758  0.04
920100  924556  0.04
921100  925754  0.04
922100  926553  0.04
923100  927751  0.04
924100  928549  0.04
925100  929747  0.04
926100  930546  0.04
927100  931744  0.04
928100  932543  0.04
929100  933741  0.04
930100  934539  0.04
931100  935737  0.04
932100  936536  0.04
933100  937734  0.04
934100  938532  0.04
935100  939730  0.04
936100  940529  0.04
937100  941727  0.04
938100  942526  0.04
939100  943724  0.04
940100  944522  0.04
941100  945720  0.04
942100  946519  0.04
943100  947717  0.04
944100  948515  0.04
945100  949713  0.04
946100  950512  0.04
947100  951710  0.04
948100  952509  0.04
949100  953707  0.04
950100  954505  0.04
951100  955703  0.04
952100  956502  0.04
953100  957700  0.04
954100  958498  0.04
955100  959696  0.04
956100  960495  0.04
957100  961693  0.04
958100  962491  0.04
959100  963689  0.04
960100  964488  0.04
961100  965686  0.04
962100  966485  0.04
963100  967683  0.04
964100  968481  0.04
965100  969679  0.04
966100  970478  0.04
967100  971676  0.04
968100  972474  0.04
969100  973672  0.04
970100  974471  0.04
971100  975669  0.04
972100  976468  0.04
973100  977666  0.04
974100  978464  0.04
975100  979662  0.04
976100  980461  0.04
977100  981659  0.04
978100  982457  0.04
979100  983655  0.04
980100  984454  0.04
981100  985652  0.04
982100  986451  0.04
983100  987648  0.04
984100  988447  0.04
985100  989645  0.04
986100  990444  0.04
987100  991642  0.04
988100  992440  0.04
989100  993638  0.04
990100  994437  0.04
991100  995635  0.04
992100  996433  0.04
993100  997631  0.04
994100  998430  0.04
995100  999628  0.04
996100  1.00083e+06  0.04
997100  1.00162e+06  0.04
998100  1.00282e+06  0.04
999100  1.00362e+06  0.04
