100  4181.08  0.92
1100  16714.8  0.32
2100  14219.3  0.14
3100  15486.4  0.1
4100  19658.1  0.1
5100  25590  0.1
6100  30889.2  0.12
7100  20862.3  0.06
8100  22990.7  0.06
9100  24919.1  0.06
10100  26965.4  0.06
11100  28888.8  0.06
12100  30926.7  0.06
13100  61516  0.1
14100  65562.1  0.1
15100  50112.8  0.08
16100  65998.6  0.1
17100  99322.6  0.12
18100  63407  0.08
19100  116823  0.14
20100  73427  0.08
21100  81025.3  0.08
22100  108744  0.1
23100  112856  0.1
24100  105345  0.1
25100  109457  0.1
26100  185264  0.16
27100  120304  0.1
28100  123164  0.1
29100  134028  0.1
30100  126824  0.1
31100  127574  0.1
32100  101847  0.08
33100  104692  0.08
34100  107683  0.08
35100  110861  0.08
36100  113840  0.08
37100  116671  0.08
38100  119650  0.08
39100  122747  0.08
40100  165732  0.1
41100  169659  0.1
42100  169941  0.1
43100  174052  0.1
44100  178045  0.1
45100  220899  0.1
46100  203692  0.1
47100  188734  0.1
48100  192728  0.1
49100  196455  0.1
50100  200354  0.08
51100  246779  0.1
52100  251031  0.1
53100  254815  0.1
54100  258632  0.1
55100  262683  0.1
56100  266852  0.1
57100  270637  0.1
58100  274889  0.1
59100  278802  0.1
60100  162641  0.06
61100  164569  0.06
62100  166615  0.06
63100  168626  0.06
64100  170672  0.06
65100  172601  0.06
66100  174647  0.06
67100  176575  0.06
68100  178622  0.06
69100  180632  0.06
70100  135472  0.04
71100  136415  0.04
72100  137477  0.04
73100  138420  0.04
74100  139481  0.04
75100  140424  0.04
76100  141367  0.04
77100  81925.4  0.04
78100  83501.2  0.04
79100  84562.2  0.04
80100  85505.4  0.04
81100  86566.5  0.04
82100  87509.6  0.04
83100  88570.7  0.04
84100  89513.8  0.04
85100  90574.9  0.04
86100  91518.1  0.04
87100  92579.1  0.04
88100  93522.3  0.04
89100  94583.4  0.04
90100  95526.5  0.04
91100  96587.6  0.04
92100  97530.8  0.04
93100  98591.8  0.04
94100  99535  0.04
95100  100596  0.04
96100  101539  0.04
97100  102600  0.04
98100  148916  0.04
99100  149977  0.04
100100  150920  0.04
101100  151981  0.04
102100  152924  0.04
103100  153985  0.04
104100  154928  0.04
105100  155872  0.04
106100  156933  0.04
107100  157876  0.04
108100  158937  0.04
109100  159880  0.04
110100  160941  0.04
111100  161884  0.04
112100  162945  0.04
113100  163889  0.04
114100  164950  0.04
115100  165893  0.04
116100  166954  0.04
117100  167897  0.04
118100  168958  0.04
119100  169901  0.04
120100  170962  0.04
121100  171905  0.04
122100  172966  0.04
123100  173910  0.04
124100  174971  0.04
125100  175914  0.04
126100  176975  0.04
127100  177918  0.04
128100  178979  0.04
129100  179922  0.04
130100  180983  0.04
131100  181927  0.04
132100  182870  0.04
133100  183931  0.04
134100  184874  0.04
135100  185935  0.04
136100  186878  0.04
137100  187939  0.04
138100  188882  0.04
139100  320548  0.06
140100  322186  0.06
141100  324290  0.06
142100  326275  0.06
143100  328379  0.06
144100  330364  0.06
145100  332468  0.06
146100  188487  0.04
147100  189548  0.04
148100  190491  0.04
149100  191553  0.04
150100  192496  0.04
151100  193557  0.04
152100  194500  0.04
153100  195561  0.04
154100  196504  0.04
155100  197565  0.04
156100  198508  0.04
157100  199569  0.04
158100  200513  0.04
159100  201456  0.04
160100  202517  0.04
161100  203460  0.04
162100  204521  0.04
163100  205464  0.04
164100  206525  0.04
165100  207468  0.04
166100  208529  0.04
167100  209473  0.04
168100  210534  0.04
169100  211477  0.04
170100  212538  0.04
171100  213481  0.04
172100  214542  0.04
173100  215485  0.04
174100  216546  0.04
175100  217490  0.04
176100  218551  0.04
177100  219494  0.04
178100  220555  0.04
179100  221498  0.04
180100  222559  0.04
181100  223502  0.04
182100  224563  0.04
183100  225506  0.04
184100  226568  0.04
185100  227511  0.04
186100  228572  0.04
187100  351029  0.04
188100  351972  0.04
189100  353033  0.04
190100  353976  0.04
191100  355037  0.04
192100  355980  0.04
193100  357041  0.04
194100  357985  0.04
195100  359046  0.04
196100  359989  0.04
197100  361050  0.04
198100  361993  0.04
199100  363054  0.04
200100  363997  0.04
201100  365058  0.04
202100  366002  0.04
203100  367063  0.04
204100  368006  0.04
205100  369067  0.04
206100  370010  0.04
207100  371071  0.04
208100  372014  0.04
209100  373075  0.04
210100  374018  0.04
211100  375080  0.04
212100  376023  0.04
213100  377084  0.04
214100  378027  0.04
215100  378970  0.04
216100  380031  0.04
217100  380974  0.04
218100  382035  0.04
219100  382979  0.04
220100  384040  0.04
221100  384983  0.04
222100  386044  0.04
223100  386987  0.04
224100  388048  0.04
225100  388991  0.04
226100  390052  0.04
227100  390995  0.04
228100  392057  0.04
229100  393000  0.04
230100  394061  0.04
231100  395004  0.04
232100  396065  0.04
233100  397008  0.04
234100  398069  0.04
235100  399012  0.04
236100  400073  0.04
237100  401017  0.04
238100  402078  0.04
239100  403021  0.04
240100  404082  0.04
241100  405025  0.04
242100  406086  0.04
243100  407029  0.04
244100  407972  0.04
245100  409033  0.04
246100  409977  0.04
247100  411038  0.04
248100  411981  0.04
249100  309737  0.04
250100  310680  0.04
251100  311742  0.04
252100  312685  0.04
253100  313746  0.04
254100  314689  0.04
255100  315750  0.04
256100  316693  0.04
257100  317754  0.04
258100  318697  0.04
259100  319758  0.04
260100  320702  0.04
261100  321763  0.04
262100  322706  0.04
263100  323767  0.04
264100  324710  0.04
265100  325771  0.04
266100  326714  0.04
267100  327775  0.04
268100  328719  0.04
269100  329780  0.04
270100  330723  0.04
271100  331666  0.04
272100  332727  0.04
273100  333670  0.04
274100  334731  0.04
275100  335674  0.04
276100  336735  0.04
277100  337679  0.04
278100  338740  0.04
279100  339683  0.04
280100  340744  0.04
281100  341687  0.04
282100  342748  0.04
283100  343691  0.04
284100  344752  0.04
285100  345695  0.04
286100  346757  0.04
287100  347700  0.04
288100  348761  0.04
289100  349704  0.04
290100  350765  0.04
291100  351708  0.04
292100  352769  0.04
293100  353712  0.04
294100  354773  0.04
295100  355717  0.04
296100  356778  0.04
297100  357721  0.04
298100  358782  0.04
299100  359725  0.04
300100  360668  0.04
301100  361729  0.04
302100  362672  0.04
303100  363734  0.04
304100  364677  0.04
305100  365738  0.04
306100  366681  0.04
307100  367742  0.04
308100  368685  0.04
309100  369746  0.04
310100  370689  0.04
311100  371750  0.04
312100  372694  0.04
313100  373755  0.04
314100  374698  0.04
315100  710769  0.06
316100  712655  0.06
317100  714777  0.06
318100  716664  0.06
319100  718786  0.06
320100  720672  0.06
321100  722794  0.06
322100  724681  0.06
323100  726803  0.06
324100  728689  0.06
325100  730811  0.06
326100  732698  0.06
327100  734584  0.06
328100  736706  0.06
329100  738592  0.06
330100  740714  0.06
331100  742601  0.06
332100  744723  0.06
333100  746609  0.06
334100  748731  0.06
335100  750618  0.06
336100  752740  0.06
337100  754626  0.06
338100  756748  0.06
339100  758635  0.06
340100  760757  0.06
341100  762643  0.06
342100  764765  0.06
343100  766652  0.06
344100  768774  0.06
345100  770660  0.06
346100  772782  0.06
347100  774668  0.06
348100  776791  0.06
349100  778677  0.06
350100  780799  0.06
351100  782685  0.06
352100  361706  0.04
353100  362649  0.04
354100  363710  0.04
355100  364653  0.04
356100  365596  0.04
357100  366657  0.04
358100  367601  0.04
359100  368662  0.04
360100  369605  0.04
361100  370666  0.04
362100  371609  0.04
363100  372670  0.04
364100  373613  0.04
365100  374674  0.04
366100  375617  0.04
367100  864949  0.06
368100  866755  0.06
369100  868967  0.06
370100  870774  0.06
371100  872986  0.06
372100  874792  0.06
373100  877004  0.06
374100  878810  0.06
375100  762180  0.06
376100  763987  0.06
377100  766199  0.06
378100  516008  0.04
379100  517069  0.04
380100  518012  0.04
381100  519073  0.04
382100  520017  0.04
383100  520960  0.04
384100  522021  0.04
385100  522964  0.04
386100  524025  0.04
387100  524968  0.04
388100  526029  0.04
389100  526972  0.04
390100  528033  0.04
391100  528977  0.04
392100  530038  0.04
393100  530981  0.04
394100  532042  0.04
395100  532985  0.04
396100  534046  0.04
397100  534989  0.04
398100  536050  0.04
399100  536994  0.04
400100  538055  0.04
401100  538998  0.04
402100  540059  0.04
403100  541002  0.04
404100  542063  0.04
405100  543006  0.04
406100  544067  0.04
407100  545010  0.04
408100  546071  0.04
409100  547015  0.04
410100  547958  0.04
411100  549019  0.04
412100  549962  0.04
413100  551023  0.04
414100  551966  0.04
415100  553027  0.04
416100  553970  0.04
417100  555032  0.04
418100  555975  0.04
419100  557036  0.04
420100  557979  0.04
421100  559040  0.04
422100  426880  0.04
423100  427941  0.04
424100  428884  0.04
425100  429945  0.04
426100  430888  0.04
427100  431949  0.04
428100  432893  0.04
429100  433954  0.04
430100  434897  0.04
431100  435958  0.04
432100  436901  0.04
433100  437962  0.04
434100  438905  0.04
435100  439966  0.04
436100  440910  0.04
437100  441971  0.04
438100  442914  0.04
439100  443857  0.04
440100  444918  0.04
441100  445861  0.04
442100  446922  0.04
443100  447865  0.04
444100  464520  0.04
445100  465463  0.04
446100  466524  0.04
447100  467467  0.04
448100  468529  0.04
449100  469472  0.04
450100  470533  0.04
451100  471476  0.04
452100  472537  0.04
453100  473480  0.04
454100  474541  0.04
455100  475484  0.04
456100  476545  0.04
457100  477489  0.04
458100  478550  0.04
459100  479493  0.04
460100  480554  0.04
461100  481497  0.04
462100  482558  0.04
463100  483501  0.04
464100  484562  0.04
465100  485506  0.04
466100  486449  0.04
467100  487510  0.04
468100  488453  0.04
469100  489514  0.04
470100  490457  0.04
471100  491518  0.04
472100  492461  0.04
473100  493522  0.04
474100  494466  0.04
475100  495527  0.04
476100  496470  0.04
477100  497531  0.04
478100  498474  0.04
479100  499535  0.04
480100  500478  0.04
481100  490219  0.04
482100  491162  0.04
483100  492223  0.04
484100  493166  0.04
485100  494227  0.04
486100  495170  0.04
487100  496231  0.04
488100  497175  0.04
489100  498236  0.04
490100  499179  0.04
491100  500240  0.04
492100  501183  0.04
493100  502244  0.04
494100  503187  0.04
495100  504130  0.04
496100  505192  0.04
497100  506135  0.04
498100  507196  0.04
499100  508139  0.04
500100  509200  0.04
501100  510143  0.04
502100  511204  0.04
503100  512147  0.04
504100  513208  0.04
505100  514152  0.04
506100  636796  0.04
507100  637739  0.04
508100  638800  0.04
509100  639743  0.04
510100  640804  0.04
511100  641747  0.04
512100  642808  0.04
513100  643752  0.04
514100  644813  0.04
515100  645756  0.04
516100  646817  0.04
517100  647760  0.04
518100  648821  0.04
519100  649764  0.04
520100  650825  0.04
521100  651769  0.04
522100  652712  0.04
523100  653773  0.04
524100  654716  0.04
525100  655777  0.04
526100  656720  0.04
527100  657781  0.04
528100  658724  0.04
529100  659785  0.04
530100  660729  0.04
531100  661790  0.04
532100  543891  0.04
533100  544952  0.04
534100  545895  0.04
535100  546956  0.04
536100  547899  0.04
537100  548960  0.04
538100  549903  0.04
539100  552304  0.04
540100  553248  0.04
541100  554309  0.04
542100  555252  0.04
543100  556313  0.04
544100  557256  0.04
545100  558317  0.04
546100  559260  0.04
547100  560321  0.04
548100  561265  0.04
549100  562326  0.04
550100  563269  0.04
551100  564212  0.04
552100  565273  0.04
553100  566216  0.04
554100  564810  0.04
555100  565753  0.04
556100  566814  0.04
557100  567758  0.04
558100  568819  0.04
559100  569762  0.04
560100  570823  0.04
561100  571766  0.04
562100  572827  0.04
563100  573770  0.04
564100  574831  0.04
565100  575774  0.04
566100  576836  0.04
567100  577779  0.04
568100  578840  0.04
569100  579783  0.04
570100  580844  0.04
571100  581787  0.04
572100  582848  0.04
573100  583791  0.04
574100  591872  0.04
575100  592815  0.04
576100  593876  0.04
577100  594819  0.04
578100  595762  0.04
579100  596823  0.04
580100  597766  0.04
581100  598827  0.04
582100  599771  0.04
583100  600832  0.04
584100  601775  0.04
585100  602836  0.04
586100  592498  0.04
587100  593559  0.04
588100  594503  0.04
589100  595564  0.04
590100  596507  0.04
591100  597568  0.04
592100  598511  0.04
593100  599572  0.04
594100  600515  0.04
595100  601576  0.04
596100  1.19366e+06  0.06
597100  1.19573e+06  0.06
598100  1.19767e+06  0.06
599100  1.19974e+06  0.06
600100  1.20169e+06  0.06
601100  1.20375e+06  0.06
602100  1.2057e+06  0.06
603100  606231  0.04
604100  607174  0.04
605100  608235  0.04
606100  609179  0.04
607100  610122  0.04
608100  611183  0.04
609100  612126  0.04
610100  613187  0.04
611100  614130  0.04
612100  623709  0.04
613100  624652  0.04
614100  625713  0.04
615100  626656  0.04
616100  696621  0.04
617100  697565  0.04
618100  698626  0.04
619100  699569  0.04
620100  700630  0.04
621100  701573  0.04
622100  702634  0.04
623100  703577  0.04
624100  704638  0.04
625100  705582  0.04
626100  706643  0.04
627100  707586  0.04
628100  708647  0.04
629100  709590  0.04
630100  710651  0.04
631100  711594  0.04
632100  712655  0.04
633100  713598  0.04
634100  714542  0.04
635100  715603  0.04
636100  716546  0.04
637100  717607  0.04
638100  718550  0.04
639100  719611  0.04
640100  720554  0.04
641100  721615  0.04
642100  722559  0.04
643100  723620  0.04
644100  724563  0.04
645100  725624  0.04
646100  726567  0.04
647100  727628  0.04
648100  728571  0.04
649100  729632  0.04
650100  730575  0.04
651100  731636  0.04
652100  732580  0.04
653100  733641  0.04
654100  734584  0.04
655100  735645  0.04
656100  736588  0.04
657100  737649  0.04
658100  738592  0.04
659100  739653  0.04
660100  740597  0.04
661100  741540  0.04
662100  742601  0.04
663100  743544  0.04
664100  744605  0.04
665100  745548  0.04
666100  746609  0.04
667100  747552  0.04
668100  748613  0.04
669100  749557  0.04
670100  750618  0.04
671100  751561  0.04
672100  752622  0.04
673100  753565  0.04
674100  754626  0.04
675100  755569  0.04
676100  756630  0.04
677100  757574  0.04
678100  758635  0.04
679100  759578  0.04
680100  760639  0.04
681100  761582  0.04
682100  762643  0.04
683100  763586  0.04
684100  764647  0.04
685100  765590  0.04
686100  766652  0.04
687100  767595  0.04
688100  768656  0.04
689100  769599  0.04
690100  770542  0.04
691100  771603  0.04
692100  772546  0.04
693100  773607  0.04
694100  774551  0.04
695100  775612  0.04
696100  776555  0.04
697100  777616  0.04
698100  778559  0.04
699100  779620  0.04
700100  780563  0.04
701100  781624  0.04
702100  782567  0.04
703100  783628  0.04
704100  784572  0.04
705100  785633  0.04
706100  786576  0.04
707100  787637  0.04
708100  788580  0.04
709100  789641  0.04
710100  790584  0.04
711100  791645  0.04
712100  792589  0.04
713100  793650  0.04
714100  794593  0.04
715100  795654  0.04
716100  796597  0.04
717100  797540  0.04
718100  798601  0.04
719100  799544  0.04
720100  800605  0.04
721100  801549  0.04
722100  802610  0.04
723100  803553  0.04
724100  804614  0.04
725100  805557  0.04
726100  806618  0.04
727100  807561  0.04
728100  808622  0.04
729100  809566  0.04
730100  810627  0.04
731100  811570  0.04
732100  812631  0.04
733100  736295  0.04
734100  737356  0.04
735100  738299  0.04
736100  739360  0.04
737100  740303  0.04
738100  741364  0.04
739100  742308  0.04
740100  743369  0.04
741100  744312  0.04
742100  745373  0.04
743100  746316  0.04
744100  747377  0.04
745100  748320  0.04
746100  749263  0.04
747100  750324  0.04
748100  751268  0.04
749100  752329  0.04
750100  753272  0.04
751100  754333  0.04
752100  755276  0.04
753100  756337  0.04
754100  757280  0.04
755100  758341  0.04
756100  759285  0.04
757100  760346  0.04
758100  761289  0.04
759100  762350  0.04
760100  763293  0.04
761100  764354  0.04
762100  772028  0.04
763100  773089  0.04
764100  774032  0.04
765100  775093  0.04
766100  776037  0.04
767100  777098  0.04
768100  778041  0.04
769100  779102  0.04
770100  780045  0.04
771100  781106  0.04
772100  782049  0.04
773100  782992  0.04
774100  784054  0.04
775100  784997  0.04
776100  786058  0.04
777100  787001  0.04
778100  788062  0.04
779100  789005  0.04
780100  790066  0.04
781100  791009  0.04
782100  792070  0.04
783100  793014  0.04
784100  794075  0.04
785100  795018  0.04
786100  796079  0.04
787100  797022  0.04
788100  798083  0.04
789100  799026  0.04
790100  800087  0.04
791100  801031  0.04
792100  1.03906e+06  0.04
793100  1.04001e+06  0.04
794100  1.04107e+06  0.04
795100  1.04201e+06  0.04
796100  1.04307e+06  0.04
797100  1.04401e+06  0.04
798100  1.04507e+06  0.04
799100  1.04602e+06  0.04
800100  1.04708e+06  0.04
801100  1.60234e+06  0.06
802100  1.60423e+06  0.06
803100  861644  0.04
804100  862587  0.04
805100  863648  0.04
806100  864592  0.04
807100  865653  0.04
808100  866596  0.04
809100  867657  0.04
810100  868600  0.04
811100  869661  0.04
812100  870604  0.04
813100  871665  0.04
814100  872609  0.04
815100  873670  0.04
816100  874613  0.04
817100  875674  0.04
818100  820299  0.04
819100  821360  0.04
820100  822303  0.04
821100  823364  0.04
822100  824307  0.04
823100  825368  0.04
824100  826312  0.04
825100  827373  0.04
826100  828316  0.04
827100  829377  0.04
828100  830320  0.04
829100  831263  0.04
830100  832324  0.04
831100  833267  0.04
832100  834328  0.04
833100  835272  0.04
834100  836333  0.04
835100  837276  0.04
836100  838337  0.04
837100  839280  0.04
838100  840341  0.04
839100  841284  0.04
840100  842345  0.04
841100  843289  0.04
842100  844350  0.04
843100  845293  0.04
844100  846354  0.04
845100  847297  0.04
846100  848740  0.04
847100  849683  0.04
848100  850744  0.04
849100  851687  0.04
850100  852749  0.04
851100  853692  0.04
852100  854753  0.04
853100  855696  0.04
854100  856757  0.04
855100  857700  0.04
856100  858761  0.04
857100  859704  0.04
858100  860648  0.04
859100  861709  0.04
860100  862652  0.04
861100  863713  0.04
862100  864656  0.04
863100  865717  0.04
864100  866660  0.04
865100  867721  0.04
866100  868664  0.04
867100  869726  0.04
868100  870669  0.04
869100  871730  0.04
870100  872673  0.04
871100  873734  0.04
872100  874677  0.04
873100  875738  0.04
874100  876681  0.04
875100  877742  0.04
876100  878686  0.04
877100  879747  0.04
878100  880690  0.04
879100  907482  0.04
880100  908425  0.04
881100  909486  0.04
882100  910429  0.04
883100  891067  0.04
884100  892010  0.04
885100  892953  0.04
886100  894015  0.04
887100  894958  0.04
888100  896019  0.04
889100  896962  0.04
890100  1.59657e+06  0.04
891100  1.59751e+06  0.04
892100  1.59857e+06  0.04
893100  1.59952e+06  0.04
894100  1.60058e+06  0.04
895100  1.60152e+06  0.04
896100  1.60258e+06  0.04
897100  1.60352e+06  0.04
898100  1.60458e+06  0.04
899100  904344  0.04
900100  905405  0.04
901100  906348  0.04
902100  907409  0.04
903100  908353  0.04
904100  909414  0.04
905100  910357  0.04
906100  911418  0.04
907100  912361  0.04
908100  913422  0.04
909100  914365  0.04
910100  915426  0.04
911100  916369  0.04
912100  917313  0.04
913100  918374  0.04
914100  919317  0.04
915100  920378  0.04
916100  921321  0.04
917100  922382  0.04
918100  923325  0.04
919100  924386  0.04
920100  925330  0.04
921100  926391  0.04
922100  927334  0.04
923100  928395  0.04
924100  929338  0.04
925100  930399  0.04
926100  931342  0.04
927100  932403  0.04
928100  933346  0.04
929100  934408  0.04
930100  935351  0.04
931100  936412  0.04
932100  937355  0.04
933100  938416  0.04
934100  939359  0.04
935100  940420  0.04
936100  941363  0.04
937100  942424  0.04
938100  943368  0.04
939100  944429  0.04
940100  945372  0.04
941100  946315  0.04
942100  947376  0.04
943100  948319  0.04
944100  949380  0.04
945100  950323  0.04
946100  951385  0.04
947100  952328  0.04
948100  953389  0.04
949100  954332  0.04
950100  955393  0.04
951100  956336  0.04
952100  957397  0.04
953100  958340  0.04
954100  959401  0.04
955100  960345  0.04
956100  961406  0.04
957100  962349  0.04
958100  963410  0.04
959100  964353  0.04
960100  965414  0.04
961100  966357  0.04
962100  967418  0.04
963100  968362  0.04
964100  969423  0.04
965100  970366  0.04
966100  971427  0.04
967100  972370  0.04
968100  973313  0.04
969100  974374  0.04
970100  975317  0.04
971100  976378  0.04
972100  977322  0.04
973100  978383  0.04
974100  979326  0.04
975100  980387  0.04
976100  981330  0.04
977100  982391  0.04
978100  983334  0.04
979100  984395  0.04
980100  985338  0.04
981100  986400  0.04
982100  987343  0.04
983100  1.21282e+06  0.04
984100  1.21376e+06  0.04
985100  1.21482e+06  0.04
986100  1.21576e+06  0.04
987100  1.21683e+06  0.04
988100  1.21777e+06  0.04
989100  990699  0.04
990100  991643  0.04
991100  992704  0.04
992100  993647  0.04
993100  994708  0.04
994100  995651  0.04
995100  996712  0.04
996100  997655  0.04
997100  998598  0.04
998100  999659  0.04
999100  1.0006e+06  0.04
