100  4632.41  1
1100  18400.4  0.34
2100  32501.3  0.32
3100  27694.4  0.18
4100  24533.5  0.12
5100  27813  0.12
6100  36399.8  0.12
7100  32357.2  0.1
8100  23129.3  0.06
9100  29566.4  0.08
10100  32273.8  0.08
11100  26382.5  0.06
12100  60915.6  0.12
13100  43290.9  0.08
14100  45991.2  0.08
15100  45312.2  0.06
16100  48571.8  0.06
17100  34001.9  0.04
18100  35107.2  0.04
19100  36212.6  0.04
20100  37318  0.04
21100  38054.9  0.04
22100  39160.3  0.04
23100  40265.6  0.04
24100  41002.5  0.04
25100  42107.9  0.04
26100  43213.3  0.04
27100  44318.7  0.04
28100  45055.6  0.04
29100  46161  0.04
30100  47266.3  0.04
31100  48003.2  0.04
32100  49108.6  0.04
33100  50214  0.04
34100  51319.4  0.04
35100  52056.3  0.04
36100  53161.6  0.04
37100  54267  0.04
38100  55003.9  0.04
39100  56109.3  0.04
40100  57214.7  0.04
41100  58320  0.04
42100  59057  0.04
43100  60162.3  0.04
44100  61267.7  0.04
45100  62004.6  0.04
46100  63110  0.04
47100  64215.4  0.04
48100  65320.7  0.04
49100  66057.7  0.04
50100  67163  0.04
51100  68268.4  0.04
52100  69005.3  0.04
53100  70110.7  0.04
54100  71216.1  0.04
55100  72321.4  0.04
56100  73058.3  0.04
57100  74163.7  0.04
58100  75269.1  0.04
59100  76006  0.04
60100  77111.4  0.04
61100  78216.8  0.04
62100  79322.1  0.04
63100  80059  0.04
64100  81164.4  0.04
65100  82269.8  0.04
66100  83006.7  0.04
67100  84112.1  0.04
68100  85217.4  0.04
69100  86322.8  0.04
70100  87059.7  0.04
71100  88165.1  0.04
72100  89270.5  0.04
73100  90007.4  0.04
74100  91112.8  0.04
75100  92218.1  0.04
76100  93323.5  0.04
77100  94060.4  0.04
78100  95165.8  0.04
79100  96271.2  0.04
80100  97008.1  0.04
81100  98113.5  0.04
82100  99218.8  0.04
83100  100324  0.04
84100  101061  0.04
85100  102166  0.04
86100  103272  0.04
87100  104009  0.04
88100  105114  0.04
89100  106220  0.04
90100  107325  0.04
91100  108062  0.04
92100  109167  0.04
93100  110273  0.04
94100  111009  0.04
95100  112115  0.04
96100  113220  0.04
97100  114326  0.04
98100  115063  0.04
99100  116166  0.04
100100  117266  0.04
101100  118000  0.04
102100  119100  0.04
103100  120200  0.04
104100  121300  0.04
105100  122033  0.04
106100  123133  0.04
107100  124233  0.04
108100  124967  0.04
109100  126067  0.04
110100  127167  0.04
111100  128267  0.04
112100  129000  0.04
113100  130100  0.04
114100  131200  0.04
115100  131934  0.04
116100  133034  0.04
117100  134134  0.04
118100  135234  0.04
119100  135967  0.04
120100  137067  0.04
121100  138168  0.04
122100  138901  0.04
123100  140001  0.04
124100  141101  0.04
125100  142201  0.04
126100  142935  0.04
127100  144035  0.04
128100  145135  0.04
129100  145868  0.04
130100  146968  0.04
131100  148068  0.04
132100  149168  0.04
133100  149902  0.04
134100  151002  0.04
135100  152102  0.04
136100  152835  0.04
137100  153935  0.04
138100  155035  0.04
139100  156135  0.04
140100  156869  0.04
141100  157969  0.04
142100  159069  0.04
143100  159802  0.04
144100  160902  0.04
145100  162002  0.04
146100  194028  0.04
147100  194765  0.04
148100  195870  0.04
149100  196976  0.04
150100  197712  0.04
151100  198818  0.04
152100  199923  0.04
153100  201029  0.04
154100  201765  0.04
155100  202871  0.04
156100  550772  0.08
157100  364199  0.06
158100  366323  0.06
159100  368447  0.06
160100  370527  0.06
161100  372282  0.06
162100  374362  0.06
163100  376486  0.06
164100  378197  0.06
165100  380321  0.06
166100  382445  0.06
167100  344962  0.06
168100  346718  0.06
169100  348797  0.06
170100  350921  0.06
171100  352677  0.06
172100  354757  0.06
173100  356880  0.06
174100  358960  0.06
175100  360716  0.06
176100  362795  0.06
177100  377474  0.06
178100  379229  0.06
179100  619614  0.08
180100  622681  0.08
181100  625838  0.08
182100  628536  0.08
183100  631694  0.08
184100  634760  0.08
185100  377005  0.06
186100  379085  0.06
187100  381208  0.06
188100  383288  0.06
189100  385044  0.06
190100  387168  0.06
191100  389247  0.06
192100  602640  0.08
193100  605732  0.08
194100  608868  0.08
195100  242193  0.04
196100  242930  0.04
197100  244035  0.04
198100  245141  0.04
199100  245878  0.04
200100  246983  0.04
201100  248088  0.04
202100  249194  0.04
203100  249931  0.04
204100  251036  0.04
205100  252141  0.04
206100  252878  0.04
207100  253984  0.04
208100  255089  0.04
209100  256195  0.04
210100  256931  0.04
211100  258037  0.04
212100  259142  0.04
213100  259879  0.04
214100  260984  0.04
215100  262090  0.04
216100  262827  0.04
217100  263932  0.04
218100  250365  0.04
219100  251471  0.04
220100  252208  0.04
221100  253313  0.04
222100  254418  0.04
223100  255155  0.04
224100  256261  0.04
225100  257366  0.04
226100  258471  0.04
227100  259208  0.04
228100  260314  0.04
229100  261419  0.04
230100  262156  0.04
231100  263261  0.04
232100  264367  0.04
233100  265472  0.04
234100  266209  0.04
235100  267314  0.04
236100  268420  0.04
237100  269157  0.04
238100  270262  0.04
239100  245729  0.04
240100  246834  0.04
241100  247571  0.04
242100  248677  0.04
243100  976785  0.1
244100  980512  0.1
245100  984655  0.1
246100  988750  0.1
247100  992894  0.1
248100  996621  0.1
249100  1.00051e+06  0.1
250100  757199  0.08
251100  759896  0.08
252100  763049  0.08
253100  766202  0.08
254100  769268  0.08
255100  772052  0.08
256100  775118  0.08
257100  778270  0.08
258100  780968  0.08
259100  784120  0.08
260100  1.00829e+06  0.08
261100  1.01135e+06  0.08
262100  1.01414e+06  0.08
263100  1.0172e+06  0.08
264100  1.02036e+06  0.08
265100  1.02305e+06  0.08
266100  1.02621e+06  0.08
267100  807067  0.08
268100  810219  0.08
269100  813003  0.08
270100  816069  0.08
271100  819222  0.08
272100  930632  0.08
273100  933784  0.08
274100  936850  0.08
275100  940003  0.08
276100  860054  0.08
277100  862954  0.08
278100  866106  0.08
279100  868804  0.08
280100  871957  0.08
281100  1.14234e+06  0.1
282100  1.14647e+06  0.1
283100  931400  0.08
284100  934553  0.08
285100  937619  0.08
286100  940403  0.08
287100  943556  0.08
288100  946622  0.08
289100  949774  0.08
290100  952472  0.08
291100  955624  0.08
292100  958690  0.08
293100  961474  0.08
294100  964627  0.08
295100  967693  0.08
296100  970846  0.08
297100  973543  0.08
298100  976696  0.08
299100  979762  0.08
300100  982546  0.08
301100  985612  0.08
302100  988764  0.08
303100  991917  0.08
304100  994614  0.08
305100  997515  0.08
306100  313070  0.04
307100  313807  0.04
308100  314912  0.04
309100  316017  0.04
310100  317123  0.04
311100  317860  0.04
312100  318965  0.04
313100  320070  0.04
314100  320807  0.04
315100  321913  0.04
316100  323018  0.04
317100  324124  0.04
318100  324860  0.04
319100  325966  0.04
320100  327071  0.04
321100  327808  0.04
322100  328913  0.04
323100  330019  0.04
324100  331124  0.04
325100  331861  0.04
326100  332966  0.04
327100  334072  0.04
328100  334809  0.04
329100  335914  0.04
330100  337020  0.04
331100  338125  0.04
332100  338862  0.04
333100  339967  0.04
334100  341073  0.04
335100  341809  0.04
336100  342915  0.04
337100  344020  0.04
338100  345126  0.04
339100  345862  0.04
340100  346968  0.04
341100  348073  0.04
342100  348810  0.04
343100  349916  0.04
344100  351021  0.04
345100  352126  0.04
346100  352863  0.04
347100  353969  0.04
348100  355074  0.04
349100  355811  0.04
350100  356916  0.04
351100  358022  0.04
352100  359127  0.04
353100  359864  0.04
354100  360969  0.04
355100  362075  0.04
356100  362812  0.04
357100  363917  0.04
358100  365022  0.04
359100  366128  0.04
360100  366865  0.04
361100  367970  0.04
362100  369075  0.04
363100  369812  0.04
364100  370918  0.04
365100  372023  0.04
366100  373128  0.04
367100  373865  0.04
368100  374971  0.04
369100  376076  0.04
370100  376813  0.04
371100  377918  0.04
372100  379024  0.04
373100  380129  0.04
374100  380866  0.04
375100  381971  0.04
376100  383077  0.04
377100  383814  0.04
378100  384919  0.04
379100  386024  0.04
380100  387130  0.04
381100  387867  0.04
382100  388972  0.04
383100  390077  0.04
384100  390814  0.04
385100  391920  0.04
386100  393025  0.04
387100  394130  0.04
388100  394867  0.04
389100  395973  0.04
390100  397078  0.04
391100  397815  0.04
392100  398920  0.04
393100  400026  0.04
394100  401131  0.04
395100  401868  0.04
396100  402973  0.04
397100  404079  0.04
398100  404816  0.04
399100  405921  0.04
400100  407026  0.04
401100  408132  0.04
402100  408869  0.04
403100  409974  0.04
404100  411079  0.04
405100  411816  0.04
406100  412922  0.04
407100  414027  0.04
408100  415133  0.04
409100  415869  0.04
410100  416975  0.04
411100  418080  0.04
412100  418817  0.04
413100  419922  0.04
414100  421028  0.04
415100  422133  0.04
416100  422870  0.04
417100  423975  0.04
418100  425081  0.04
419100  425818  0.04
420100  426923  0.04
421100  428029  0.04
422100  429134  0.04
423100  429871  0.04
424100  430976  0.04
425100  432082  0.04
426100  432818  0.04
427100  433924  0.04
428100  435029  0.04
429100  436135  0.04
430100  436871  0.04
431100  437977  0.04
432100  439082  0.04
433100  439819  0.04
434100  870434  0.06
435100  872491  0.06
436100  874634  0.06
437100  876323  0.06
438100  878466  0.06
439100  880610  0.06
440100  882299  0.06
441100  884442  0.06
442100  886499  0.06
443100  888643  0.06
444100  890331  0.06
445100  892475  0.06
446100  894618  0.06
447100  896307  0.06
448100  898450  0.06
449100  900507  0.06
450100  902651  0.06
451100  904339  0.06
452100  908438  0.06
453100  910495  0.06
454100  912270  0.06
455100  914414  0.06
456100  468001  0.04
457100  469107  0.04
458100  469843  0.04
459100  470949  0.04
460100  472054  0.04
461100  472791  0.04
462100  473896  0.04
463100  475002  0.04
464100  476107  0.04
465100  476844  0.04
466100  477949  0.04
467100  479055  0.04
468100  479792  0.04
469100  480897  0.04
470100  482003  0.04
471100  483108  0.04
472100  483845  0.04
473100  484950  0.04
474100  486056  0.04
475100  486792  0.04
476100  487898  0.04
477100  489003  0.04
478100  490109  0.04
479100  490846  0.04
480100  491951  0.04
481100  493056  0.04
482100  493793  0.04
483100  494899  0.04
484100  496004  0.04
485100  497109  0.04
486100  497846  0.04
487100  498952  0.04
488100  500057  0.04
489100  500794  0.04
490100  501899  0.04
491100  503005  0.04
492100  504110  0.04
493100  504847  0.04
494100  505952  0.04
495100  507058  0.04
496100  507795  0.04
497100  508900  0.04
498100  510005  0.04
499100  511111  0.04
500100  511848  0.04
501100  512953  0.04
502100  514058  0.04
503100  514795  0.04
504100  515901  0.04
505100  517006  0.04
506100  518111  0.04
507100  518848  0.04
508100  519954  0.04
509100  521059  0.04
510100  521796  0.04
511100  522901  0.04
512100  524007  0.04
513100  525112  0.04
514100  525849  0.04
515100  526954  0.04
516100  528060  0.04
517100  528797  0.04
518100  529902  0.04
519100  531007  0.04
520100  532113  0.04
521100  532850  0.04
522100  533955  0.04
523100  535060  0.04
524100  535797  0.04
525100  536903  0.04
526100  538008  0.04
527100  539113  0.04
528100  539850  0.04
529100  540956  0.04
530100  542061  0.04
531100  542798  0.04
532100  543903  0.04
533100  545009  0.04
534100  546114  0.04
535100  546851  0.04
536100  547956  0.04
537100  549062  0.04
538100  549799  0.04
539100  550904  0.04
540100  552009  0.04
541100  553115  0.04
542100  553852  0.04
543100  554957  0.04
544100  556062  0.04
545100  556799  0.04
546100  557905  0.04
547100  559010  0.04
548100  560116  0.04
549100  560852  0.04
550100  561958  0.04
551100  563063  0.04
552100  563800  0.04
553100  564905  0.04
554100  566011  0.04
555100  567116  0.04
556100  567853  0.04
557100  568958  0.04
558100  570064  0.04
559100  570801  0.04
560100  571906  0.04
561100  573012  0.04
562100  574117  0.04
563100  574854  0.04
564100  575959  0.04
565100  577065  0.04
566100  577801  0.04
567100  578907  0.04
568100  580012  0.04
569100  581118  0.04
570100  581855  0.04
571100  582960  0.04
572100  584065  0.04
573100  584802  0.04
574100  585908  0.04
575100  587013  0.04
576100  588118  0.04
577100  588855  0.04
578100  589961  0.04
579100  591066  0.04
580100  591803  0.04
581100  592908  0.04
582100  594014  0.04
583100  595119  0.04
584100  595856  0.04
585100  861155  0.04
586100  862260  0.04
587100  862997  0.04
588100  864103  0.04
589100  865208  0.04
590100  866313  0.04
591100  867050  0.04
592100  868156  0.04
593100  869261  0.04
594100  869998  0.04
595100  871103  0.04
596100  872209  0.04
597100  873314  0.04
598100  874051  0.04
599100  875156  0.04
600100  876262  0.04
601100  876999  0.04
602100  878104  0.04
603100  879209  0.04
604100  880315  0.04
605100  881052  0.04
606100  882157  0.04
607100  883263  0.04
608100  883999  0.04
609100  885105  0.04
610100  886210  0.04
611100  887316  0.04
612100  888052  0.04
613100  889158  0.04
614100  890263  0.04
615100  891000  0.04
616100  892105  0.04
617100  893211  0.04
618100  894316  0.04
619100  895053  0.04
620100  896159  0.04
621100  897264  0.04
622100  898001  0.04
623100  899106  0.04
624100  900212  0.04
625100  901317  0.04
626100  902054  0.04
627100  903159  0.04
628100  904265  0.04
629100  905002  0.04
630100  906107  0.04
631100  907212  0.04
632100  908318  0.04
633100  909055  0.04
634100  910160  0.04
635100  911265  0.04
636100  912002  0.04
637100  913108  0.04
638100  914213  0.04
639100  915318  0.04
640100  916055  0.04
641100  917161  0.04
642100  918266  0.04
643100  919003  0.04
644100  920108  0.04
645100  921214  0.04
646100  922319  0.04
647100  923056  0.04
648100  924161  0.04
649100  925267  0.04
650100  926004  0.04
651100  927109  0.04
652100  928214  0.04
653100  929320  0.04
654100  930057  0.04
655100  931162  0.04
656100  932267  0.04
657100  933004  0.04
658100  934110  0.04
659100  935215  0.04
660100  936320  0.04
661100  937057  0.04
662100  938163  0.04
663100  939268  0.04
664100  940005  0.04
665100  941110  0.04
666100  942216  0.04
667100  943321  0.04
668100  944058  0.04
669100  945163  0.04
670100  946269  0.04
671100  947006  0.04
672100  948111  0.04
673100  949216  0.04
674100  950322  0.04
675100  951059  0.04
676100  952164  0.04
677100  953269  0.04
678100  954006  0.04
679100  955112  0.04
680100  956217  0.04
681100  957322  0.04
682100  958059  0.04
683100  959165  0.04
684100  960270  0.04
685100  961007  0.04
686100  962112  0.04
687100  963218  0.04
688100  964323  0.04
689100  965060  0.04
690100  966165  0.04
691100  967271  0.04
692100  968008  0.04
693100  969113  0.04
694100  970218  0.04
695100  971324  0.04
696100  972061  0.04
697100  973166  0.04
698100  974272  0.04
699100  975008  0.04
700100  976114  0.04
701100  977219  0.04
702100  978325  0.04
703100  979061  0.04
704100  980167  0.04
705100  981272  0.04
706100  982009  0.04
707100  983114  0.04
708100  984220  0.04
709100  985325  0.04
710100  986062  0.04
711100  987168  0.04
712100  988273  0.04
713100  989010  0.04
714100  990115  0.04
715100  991221  0.04
716100  992326  0.04
717100  993063  0.04
718100  994168  0.04
719100  995274  0.04
720100  996011  0.04
721100  997116  0.04
722100  998221  0.04
723100  999327  0.04
724100  1.00006e+06  0.04
725100  1.00117e+06  0.04
726100  1.00227e+06  0.04
727100  1.00301e+06  0.04
728100  1.00412e+06  0.04
729100  1.00522e+06  0.04
730100  1.00633e+06  0.04
731100  1.00706e+06  0.04
732100  1.00817e+06  0.04
733100  1.00927e+06  0.04
734100  1.01001e+06  0.04
735100  1.01112e+06  0.04
736100  1.01222e+06  0.04
737100  1.01333e+06  0.04
738100  1.01406e+06  0.04
739100  1.01517e+06  0.04
740100  1.01628e+06  0.04
741100  1.01701e+06  0.04
742100  1.01812e+06  0.04
743100  1.01922e+06  0.04
744100  1.02033e+06  0.04
745100  1.02107e+06  0.04
746100  1.02217e+06  0.04
747100  1.02328e+06  0.04
748100  1.02401e+06  0.04
749100  1.02512e+06  0.04
750100  1.02622e+06  0.04
751100  1.02696e+06  0.04
752100  1.02807e+06  0.04
753100  1.02917e+06  0.04
754100  1.03028e+06  0.04
755100  1.03101e+06  0.04
756100  1.03212e+06  0.04
757100  1.03322e+06  0.04
758100  1.03396e+06  0.04
759100  1.03507e+06  0.04
760100  1.03617e+06  0.04
761100  1.03728e+06  0.04
762100  1.03801e+06  0.04
763100  1.03912e+06  0.04
764100  1.04023e+06  0.04
765100  1.04096e+06  0.04
766100  1.04207e+06  0.04
767100  1.04317e+06  0.04
768100  1.04428e+06  0.04
769100  1.04502e+06  0.04
770100  1.04612e+06  0.04
771100  1.04723e+06  0.04
772100  1.04796e+06  0.04
773100  1.04907e+06  0.04
774100  1.05017e+06  0.04
775100  1.05128e+06  0.04
776100  1.05202e+06  0.04
777100  1.05312e+06  0.04
778100  782871  0.04
779100  783608  0.04
780100  784714  0.04
781100  785819  0.04
782100  786924  0.04
783100  787661  0.04
784100  788767  0.04
785100  789872  0.04
786100  790609  0.04
787100  791714  0.04
788100  792820  0.04
789100  793925  0.04
790100  794662  0.04
791100  795767  0.04
792100  796873  0.04
793100  797610  0.04
794100  798715  0.04
795100  799820  0.04
796100  800926  0.04
797100  801663  0.04
798100  802768  0.04
799100  803873  0.04
800100  804610  0.04
801100  805716  0.04
802100  806821  0.04
803100  807926  0.04
804100  808663  0.04
805100  809769  0.04
806100  810874  0.04
807100  811611  0.04
808100  812716  0.04
809100  813822  0.04
810100  814927  0.04
811100  815664  0.04
812100  816769  0.04
813100  817875  0.04
814100  818612  0.04
815100  819717  0.04
816100  820822  0.04
817100  821928  0.04
818100  822665  0.04
819100  823770  0.04
820100  824876  0.04
821100  825612  0.04
822100  826718  0.04
823100  827823  0.04
824100  828929  0.04
825100  829665  0.04
826100  830771  0.04
827100  831876  0.04
828100  832613  0.04
829100  833718  0.04
830100  834824  0.04
831100  835929  0.04
832100  836666  0.04
833100  837772  0.04
834100  838877  0.04
835100  839614  0.04
836100  840719  0.04
837100  841825  0.04
838100  842930  0.04
839100  843667  0.04
840100  844772  0.04
841100  845878  0.04
842100  846615  0.04
843100  847720  0.04
844100  848825  0.04
845100  849931  0.04
846100  850668  0.04
847100  851773  0.04
848100  852878  0.04
849100  853615  0.04
850100  854721  0.04
851100  855826  0.04
852100  856931  0.04
853100  857668  0.04
854100  858774  0.04
855100  859879  0.04
856100  860616  0.04
857100  861721  0.04
858100  862827  0.04
859100  863932  0.04
860100  864669  0.04
861100  865774  0.04
862100  866880  0.04
863100  867617  0.04
864100  868722  0.04
865100  869827  0.04
866100  870933  0.04
867100  871670  0.04
868100  872775  0.04
869100  873880  0.04
870100  874617  0.04
871100  875723  0.04
872100  876828  0.04
873100  877933  0.04
874100  878670  0.04
875100  879776  0.04
876100  880881  0.04
877100  881618  0.04
878100  882723  0.04
879100  883829  0.04
880100  884934  0.04
881100  885671  0.04
882100  886776  0.04
883100  887882  0.04
884100  888619  0.04
885100  889724  0.04
886100  890829  0.04
887100  891935  0.04
888100  892672  0.04
889100  893777  0.04
890100  894882  0.04
891100  895619  0.04
892100  896725  0.04
893100  897830  0.04
894100  898935  0.04
895100  899672  0.04
896100  900778  0.04
897100  901883  0.04
898100  902620  0.04
899100  903725  0.04
900100  904831  0.04
901100  905936  0.04
902100  906673  0.04
903100  907778  0.04
904100  908884  0.04
905100  909621  0.04
906100  910726  0.04
907100  911831  0.04
908100  912937  0.04
909100  913674  0.04
910100  914779  0.04
911100  915885  0.04
912100  916621  0.04
913100  917727  0.04
914100  918832  0.04
915100  919938  0.04
916100  920674  0.04
917100  921780  0.04
918100  922885  0.04
919100  923622  0.04
920100  924727  0.04
921100  925833  0.04
922100  926938  0.04
923100  927675  0.04
924100  928781  0.04
925100  929886  0.04
926100  930623  0.04
927100  931728  0.04
928100  932834  0.04
929100  933939  0.04
930100  934676  0.04
931100  935781  0.04
932100  936887  0.04
933100  937624  0.04
934100  938729  0.04
935100  939834  0.04
936100  940940  0.04
937100  941677  0.04
938100  942782  0.04
939100  943887  0.04
940100  944624  0.04
941100  945730  0.04
942100  946835  0.04
943100  947940  0.04
944100  948677  0.04
945100  949783  0.04
946100  950888  0.04
947100  951625  0.04
948100  952730  0.04
949100  953836  0.04
950100  954941  0.04
951100  955678  0.04
952100  956783  0.04
953100  957889  0.04
954100  958626  0.04
955100  959731  0.04
956100  960836  0.04
957100  961942  0.04
958100  962679  0.04
959100  963784  0.04
960100  964889  0.04
961100  965626  0.04
962100  966732  0.04
963100  967837  0.04
964100  968942  0.04
965100  969679  0.04
966100  970785  0.04
967100  971890  0.04
968100  972627  0.04
969100  973732  0.04
970100  974838  0.04
971100  975943  0.04
972100  976680  0.04
973100  977785  0.04
974100  978891  0.04
975100  979628  0.04
976100  980733  0.04
977100  981838  0.04
978100  982944  0.04
979100  983681  0.04
980100  984786  0.04
981100  985891  0.04
982100  986628  0.04
983100  987734  0.04
984100  1.2386e+06  0.04
985100  1.2397e+06  0.04
986100  1.24044e+06  0.04
987100  1.24155e+06  0.04
988100  1.24265e+06  0.04
989100  1.24339e+06  0.04
990100  1.24449e+06  0.04
991100  1.2456e+06  0.04
992100  1.2467e+06  0.04
993100  1.24744e+06  0.04
994100  1.24855e+06  0.04
995100  1.24965e+06  0.04
996100  1.25039e+06  0.04
997100  1.25149e+06  0.04
998100  1.2526e+06  0.04
999100  1.25371e+06  0.04
