100  3927.07  0.9
1100  11860.5  0.22
2100  25116.9  0.24
3100  15434.5  0.1
4100  34523.2  0.18
5100  39282.5  0.16
6100  46248.8  0.16
7100  32963.9  0.1
8100  49385.8  0.14
9100  44972.6  0.1
10100  23841.5  0.06
11100  25840.9  0.06
12100  39532.7  0.08
13100  29342.9  0.06
14100  70561  0.1
15100  75431.3  0.1
16100  48030.2  0.06
17100  32948.9  0.04
18100  29924.5  0.04
19100  80127.2  0.1
20100  43275.1  0.06
21100  109123  0.12
22100  24461.3  0.04
23100  72965.1  0.08
24100  76016.1  0.08
25100  79699.1  0.08
26100  104987  0.1
27100  109057  0.1
28100  85007.1  0.08
29100  90961.6  0.08
30100  46835.8  0.04
31100  35720.1  0.04
32100  99992.3  0.08
33100  69837.7  0.06
34100  37740.8  0.04
35100  38744.2  0.04
36100  39743.2  0.04
37100  122879  0.08
38100  125739  0.08
39100  50819.1  0.04
40100  41110  0.04
41100  82096.8  0.04
42100  84147.1  0.04
43100  43098.8  0.02
44100  43475.6  0.02
45100  43475.6  0.02
46100  43475.6  0.02
47100  43475.6  0.02
48100  43475.6  0.02
49100  43475.6  0.02
50100  43475.6  0.02
51100  43475.6  0.02
52100  43475.6  0.02
53100  43475.6  0.02
54100  43475.6  0.02
55100  43475.6  0.02
56100  43475.6  0.02
57100  43475.6  0.02
58100  43475.6  0.02
59100  43475.6  0.02
60100  43475.6  0.02
61100  43475.6  0.02
62100  43475.6  0.02
63100  43475.6  0.02
64100  43475.6  0.02
65100  43475.6  0.02
66100  43475.6  0.02
67100  43475.6  0.02
68100  43475.6  0.02
69100  43475.6  0.02
70100  43475.6  0.02
71100  43475.6  0.02
72100  43475.6  0.02
73100  43475.6  0.02
74100  43475.6  0.02
75100  43475.6  0.02
76100  43475.6  0.02
77100  43475.6  0.02
78100  43475.6  0.02
79100  43475.6  0.02
80100  43475.6  0.02
81100  43475.6  0.02
82100  43475.6  0.02
83100  43475.6  0.02
84100  43475.6  0.02
85100  43475.6  0.02
86100  43475.6  0.02
87100  43475.6  0.02
88100  43475.6  0.02
89100  43475.6  0.02
90100  43475.6  0.02
91100  43475.6  0.02
92100  43475.6  0.02
93100  43475.6  0.02
94100  43475.6  0.02
95100  43475.6  0.02
96100  43475.6  0.02
97100  43475.6  0.02
98100  43475.6  0.02
99100  43475.6  0.02
100100  43475.6  0.02
101100  43475.6  0.02
102100  43475.6  0.02
103100  43475.6  0.02
104100  43475.6  0.02
105100  43475.6  0.02
106100  43475.6  0.02
107100  43475.6  0.02
108100  43475.6  0.02
109100  43475.6  0.02
110100  43475.6  0.02
111100  43475.6  0.02
112100  43475.6  0.02
113100  43475.6  0.02
114100  43475.6  0.02
115100  43475.6  0.02
116100  43475.6  0.02
117100  43475.6  0.02
118100  43475.6  0.02
119100  43475.6  0.02
120100  43475.6  0.02
121100  43475.6  0.02
122100  43475.6  0.02
123100  43475.6  0.02
124100  43475.6  0.02
125100  43475.6  0.02
126100  43475.6  0.02
127100  43475.6  0.02
128100  43475.6  0.02
129100  43475.6  0.02
130100  43475.6  0.02
131100  43475.6  0.02
132100  43475.6  0.02
133100  43475.6  0.02
134100  43475.6  0.02
135100  43475.6  0.02
136100  43475.6  0.02
137100  43475.6  0.02
138100  43475.6  0.02
139100  43475.6  0.02
140100  43475.6  0.02
141100  43475.6  0.02
142100  43475.6  0.02
143100  43475.6  0.02
144100  43475.6  0.02
145100  43475.6  0.02
146100  43475.6  0.02
147100  43475.6  0.02
148100  43475.6  0.02
149100  43475.6  0.02
150100  43475.6  0.02
151100  43475.6  0.02
152100  43475.6  0.02
153100  43475.6  0.02
154100  43475.6  0.02
155100  43475.6  0.02
156100  43475.6  0.02
157100  43475.6  0.02
158100  43475.6  0.02
159100  43475.6  0.02
160100  43475.6  0.02
161100  43475.6  0.02
162100  43475.6  0.02
163100  43475.6  0.02
164100  43475.6  0.02
165100  43475.6  0.02
166100  43475.6  0.02
167100  43475.6  0.02
168100  43475.6  0.02
169100  43475.6  0.02
170100  43475.6  0.02
171100  43475.6  0.02
172100  43475.6  0.02
173100  43475.6  0.02
174100  43475.6  0.02
175100  43475.6  0.02
176100  43475.6  0.02
177100  43475.6  0.02
178100  43475.6  0.02
179100  43475.6  0.02
180100  43475.6  0.02
181100  43475.6  0.02
182100  43475.6  0.02
183100  43475.6  0.02
184100  43475.6  0.02
185100  43475.6  0.02
186100  43475.6  0.02
187100  43475.6  0.02
188100  43475.6  0.02
189100  43475.6  0.02
190100  43475.6  0.02
191100  43475.6  0.02
192100  43475.6  0.02
193100  43475.6  0.02
194100  43475.6  0.02
195100  43475.6  0.02
196100  43475.6  0.02
197100  43475.6  0.02
198100  43475.6  0.02
199100  43475.6  0.02
200100  43475.6  0.02
201100  43475.6  0.02
202100  43475.6  0.02
203100  43475.6  0.02
204100  43475.6  0.02
205100  43475.6  0.02
206100  43475.6  0.02
207100  43475.6  0.02
208100  43475.6  0.02
209100  43475.6  0.02
210100  43475.6  0.02
211100  43475.6  0.02
212100  43475.6  0.02
213100  43475.6  0.02
214100  43475.6  0.02
215100  43475.6  0.02
216100  43475.6  0.02
217100  43475.6  0.02
218100  43475.6  0.02
219100  43475.6  0.02
220100  43475.6  0.02
221100  43475.6  0.02
222100  43475.6  0.02
223100  43475.6  0.02
224100  43475.6  0.02
225100  43475.6  0.02
226100  43475.6  0.02
227100  43475.6  0.02
228100  43475.6  0.02
229100  43475.6  0.02
230100  43475.6  0.02
231100  43475.6  0.02
232100  43475.6  0.02
233100  43475.6  0.02
234100  43475.6  0.02
235100  43475.6  0.02
236100  43475.6  0.02
237100  43475.6  0.02
238100  43475.6  0.02
239100  43475.6  0.02
240100  43475.6  0.02
241100  43475.6  0.02
242100  43475.6  0.02
243100  43475.6  0.02
244100  43475.6  0.02
245100  43475.6  0.02
246100  43475.6  0.02
247100  43475.6  0.02
248100  43475.6  0.02
249100  43475.6  0.02
250100  43475.6  0.02
251100  43475.6  0.02
252100  43475.6  0.02
253100  43475.6  0.02
254100  43475.6  0.02
255100  43475.6  0.02
256100  43475.6  0.02
257100  43475.6  0.02
258100  43475.6  0.02
259100  43475.6  0.02
260100  43475.6  0.02
261100  43475.6  0.02
262100  43475.6  0.02
263100  43475.6  0.02
264100  43475.6  0.02
265100  43475.6  0.02
266100  43475.6  0.02
267100  43475.6  0.02
268100  43475.6  0.02
269100  43475.6  0.02
270100  43475.6  0.02
271100  43475.6  0.02
272100  43475.6  0.02
273100  43475.6  0.02
274100  43475.6  0.02
275100  43475.6  0.02
276100  43475.6  0.02
277100  43475.6  0.02
278100  43475.6  0.02
279100  43475.6  0.02
280100  43475.6  0.02
281100  43475.6  0.02
282100  43475.6  0.02
283100  43475.6  0.02
284100  43475.6  0.02
285100  43475.6  0.02
286100  43475.6  0.02
287100  43475.6  0.02
288100  43475.6  0.02
289100  43475.6  0.02
290100  43475.6  0.02
291100  43475.6  0.02
292100  43475.6  0.02
293100  43475.6  0.02
294100  43475.6  0.02
295100  43475.6  0.02
296100  43475.6  0.02
297100  43475.6  0.02
298100  43475.6  0.02
299100  43475.6  0.02
300100  43475.6  0.02
301100  43475.6  0.02
302100  43475.6  0.02
303100  43475.6  0.02
304100  43475.6  0.02
305100  43475.6  0.02
306100  43475.6  0.02
307100  43475.6  0.02
308100  43475.6  0.02
309100  43475.6  0.02
310100  43475.6  0.02
311100  43475.6  0.02
312100  43475.6  0.02
313100  43475.6  0.02
314100  43475.6  0.02
315100  43475.6  0.02
316100  43475.6  0.02
317100  43475.6  0.02
318100  43475.6  0.02
319100  43475.6  0.02
320100  43475.6  0.02
321100  43475.6  0.02
322100  43475.6  0.02
323100  43475.6  0.02
324100  43475.6  0.02
325100  43475.6  0.02
326100  43475.6  0.02
327100  43475.6  0.02
328100  43475.6  0.02
329100  43475.6  0.02
330100  43475.6  0.02
331100  43475.6  0.02
332100  43475.6  0.02
333100  43475.6  0.02
334100  43475.6  0.02
335100  43475.6  0.02
336100  43475.6  0.02
337100  43475.6  0.02
338100  43475.6  0.02
339100  43475.6  0.02
340100  43475.6  0.02
341100  43475.6  0.02
342100  43475.6  0.02
343100  43475.6  0.02
344100  43475.6  0.02
345100  43475.6  0.02
346100  43475.6  0.02
347100  43475.6  0.02
348100  43475.6  0.02
349100  43475.6  0.02
350100  43475.6  0.02
351100  43475.6  0.02
352100  43475.6  0.02
353100  43475.6  0.02
354100  43475.6  0.02
355100  43475.6  0.02
356100  43475.6  0.02
357100  43475.6  0.02
358100  43475.6  0.02
359100  43475.6  0.02
360100  43475.6  0.02
361100  43475.6  0.02
362100  43475.6  0.02
363100  43475.6  0.02
364100  43475.6  0.02
365100  43475.6  0.02
366100  43475.6  0.02
367100  43475.6  0.02
368100  43475.6  0.02
369100  43475.6  0.02
370100  43475.6  0.02
371100  43475.6  0.02
372100  43475.6  0.02
373100  43475.6  0.02
374100  43475.6  0.02
375100  43475.6  0.02
376100  43475.6  0.02
377100  43475.6  0.02
378100  43475.6  0.02
379100  43475.6  0.02
380100  43475.6  0.02
381100  43475.6  0.02
382100  43475.6  0.02
383100  43475.6  0.02
384100  43475.6  0.02
385100  43475.6  0.02
386100  43475.6  0.02
387100  43475.6  0.02
388100  43475.6  0.02
389100  43475.6  0.02
390100  43475.6  0.02
391100  43475.6  0.02
392100  43475.6  0.02
393100  43475.6  0.02
394100  43475.6  0.02
395100  43475.6  0.02
396100  43475.6  0.02
397100  43475.6  0.02
398100  43475.6  0.02
399100  43475.6  0.02
400100  43475.6  0.02
401100  43475.6  0.02
402100  43475.6  0.02
403100  43475.6  0.02
404100  43475.6  0.02
405100  43475.6  0.02
406100  43475.6  0.02
407100  43475.6  0.02
408100  43475.6  0.02
409100  43475.6  0.02
410100  43475.6  0.02
411100  43475.6  0.02
412100  43475.6  0.02
413100  43475.6  0.02
414100  43475.6  0.02
415100  43475.6  0.02
416100  43475.6  0.02
417100  43475.6  0.02
418100  43475.6  0.02
419100  43475.6  0.02
420100  43475.6  0.02
421100  43475.6  0.02
422100  43475.6  0.02
423100  43475.6  0.02
424100  43475.6  0.02
425100  43475.6  0.02
426100  43475.6  0.02
427100  43475.6  0.02
428100  43475.6  0.02
429100  43475.6  0.02
430100  43475.6  0.02
431100  43475.6  0.02
432100  43475.6  0.02
433100  43475.6  0.02
434100  43475.6  0.02
435100  43475.6  0.02
436100  43475.6  0.02
437100  43475.6  0.02
438100  43475.6  0.02
439100  43475.6  0.02
440100  43475.6  0.02
441100  43475.6  0.02
442100  43475.6  0.02
443100  43475.6  0.02
444100  43475.6  0.02
445100  43475.6  0.02
446100  43475.6  0.02
447100  43475.6  0.02
448100  43475.6  0.02
449100  43475.6  0.02
450100  43475.6  0.02
451100  43475.6  0.02
452100  43475.6  0.02
453100  43475.6  0.02
454100  43475.6  0.02
455100  43475.6  0.02
456100  43475.6  0.02
457100  43475.6  0.02
458100  43475.6  0.02
459100  43475.6  0.02
460100  43475.6  0.02
461100  43475.6  0.02
462100  43475.6  0.02
463100  43475.6  0.02
464100  43475.6  0.02
465100  43475.6  0.02
466100  43475.6  0.02
467100  43475.6  0.02
468100  43475.6  0.02
469100  43475.6  0.02
470100  43475.6  0.02
471100  43475.6  0.02
472100  43475.6  0.02
473100  43475.6  0.02
474100  43475.6  0.02
475100  43475.6  0.02
476100  43475.6  0.02
477100  43475.6  0.02
478100  43475.6  0.02
479100  43475.6  0.02
480100  43475.6  0.02
481100  43475.6  0.02
482100  43475.6  0.02
483100  43475.6  0.02
484100  43475.6  0.02
485100  43475.6  0.02
486100  43475.6  0.02
487100  43475.6  0.02
488100  43475.6  0.02
489100  43475.6  0.02
490100  43475.6  0.02
491100  43475.6  0.02
492100  43475.6  0.02
493100  43475.6  0.02
494100  43475.6  0.02
495100  43475.6  0.02
496100  43475.6  0.02
497100  43475.6  0.02
498100  43475.6  0.02
499100  43475.6  0.02
500100  43475.6  0.02
501100  43475.6  0.02
502100  43475.6  0.02
503100  43475.6  0.02
504100  43475.6  0.02
505100  43475.6  0.02
506100  43475.6  0.02
507100  43475.6  0.02
508100  43475.6  0.02
509100  43475.6  0.02
510100  43475.6  0.02
511100  43475.6  0.02
512100  43475.6  0.02
513100  43475.6  0.02
514100  43475.6  0.02
515100  43475.6  0.02
516100  43475.6  0.02
517100  43475.6  0.02
518100  43475.6  0.02
519100  43475.6  0.02
520100  43475.6  0.02
521100  43475.6  0.02
522100  43475.6  0.02
523100  43475.6  0.02
524100  43475.6  0.02
525100  43475.6  0.02
526100  43475.6  0.02
527100  43475.6  0.02
528100  43475.6  0.02
529100  43475.6  0.02
530100  43475.6  0.02
531100  43475.6  0.02
532100  43475.6  0.02
533100  43475.6  0.02
534100  43475.6  0.02
535100  43475.6  0.02
536100  43475.6  0.02
537100  43475.6  0.02
538100  43475.6  0.02
539100  43475.6  0.02
540100  43475.6  0.02
541100  43475.6  0.02
542100  43475.6  0.02
543100  43475.6  0.02
544100  43475.6  0.02
545100  43475.6  0.02
546100  43475.6  0.02
547100  43475.6  0.02
548100  43475.6  0.02
549100  43475.6  0.02
550100  43475.6  0.02
551100  43475.6  0.02
552100  43475.6  0.02
553100  43475.6  0.02
554100  43475.6  0.02
555100  43475.6  0.02
556100  43475.6  0.02
557100  43475.6  0.02
558100  43475.6  0.02
559100  43475.6  0.02
560100  43475.6  0.02
561100  43475.6  0.02
562100  43475.6  0.02
563100  43475.6  0.02
564100  43475.6  0.02
565100  43475.6  0.02
566100  43475.6  0.02
567100  43475.6  0.02
568100  43475.6  0.02
569100  43475.6  0.02
570100  43475.6  0.02
571100  43475.6  0.02
572100  43475.6  0.02
573100  43475.6  0.02
574100  43475.6  0.02
575100  43475.6  0.02
576100  43475.6  0.02
577100  43475.6  0.02
578100  43475.6  0.02
579100  43475.6  0.02
580100  43475.6  0.02
581100  43475.6  0.02
582100  43475.6  0.02
583100  43475.6  0.02
584100  43475.6  0.02
585100  43475.6  0.02
586100  43475.6  0.02
587100  43475.6  0.02
588100  43475.6  0.02
589100  43475.6  0.02
590100  43475.6  0.02
591100  43475.6  0.02
592100  43475.6  0.02
593100  43475.6  0.02
594100  43475.6  0.02
595100  43475.6  0.02
596100  43475.6  0.02
597100  43475.6  0.02
598100  43475.6  0.02
599100  43475.6  0.02
600100  43475.6  0.02
601100  43475.6  0.02
602100  43475.6  0.02
603100  43475.6  0.02
604100  43475.6  0.02
605100  43475.6  0.02
606100  43475.6  0.02
607100  43475.6  0.02
608100  43475.6  0.02
609100  43475.6  0.02
610100  43475.6  0.02
611100  43475.6  0.02
612100  43475.6  0.02
613100  43475.6  0.02
614100  43475.6  0.02
615100  43475.6  0.02
616100  43475.6  0.02
617100  43475.6  0.02
618100  43475.6  0.02
619100  43475.6  0.02
620100  43475.6  0.02
621100  43475.6  0.02
622100  43475.6  0.02
623100  43475.6  0.02
624100  43475.6  0.02
625100  43475.6  0.02
626100  43475.6  0.02
627100  43475.6  0.02
628100  43475.6  0.02
629100  43475.6  0.02
630100  43475.6  0.02
631100  43475.6  0.02
632100  43475.6  0.02
633100  43475.6  0.02
634100  43475.6  0.02
635100  43475.6  0.02
636100  43475.6  0.02
637100  43475.6  0.02
638100  43475.6  0.02
639100  43475.6  0.02
640100  43475.6  0.02
641100  43475.6  0.02
642100  43475.6  0.02
643100  43475.6  0.02
644100  43475.6  0.02
645100  43475.6  0.02
646100  43475.6  0.02
647100  43475.6  0.02
648100  43475.6  0.02
649100  43475.6  0.02
650100  43475.6  0.02
651100  43475.6  0.02
652100  43475.6  0.02
653100  43475.6  0.02
654100  43475.6  0.02
655100  43475.6  0.02
656100  43475.6  0.02
657100  43475.6  0.02
658100  43475.6  0.02
659100  43475.6  0.02
660100  43475.6  0.02
661100  43475.6  0.02
662100  43475.6  0.02
663100  43475.6  0.02
664100  43475.6  0.02
665100  43475.6  0.02
666100  43475.6  0.02
667100  43475.6  0.02
668100  43475.6  0.02
669100  43475.6  0.02
670100  43475.6  0.02
671100  43475.6  0.02
672100  43475.6  0.02
673100  43475.6  0.02
674100  43475.6  0.02
675100  43475.6  0.02
676100  43475.6  0.02
677100  43475.6  0.02
678100  43475.6  0.02
679100  43475.6  0.02
680100  43475.6  0.02
681100  43475.6  0.02
682100  43475.6  0.02
683100  43475.6  0.02
684100  43475.6  0.02
685100  43475.6  0.02
686100  43475.6  0.02
687100  43475.6  0.02
688100  43475.6  0.02
689100  43475.6  0.02
690100  43475.6  0.02
691100  43475.6  0.02
692100  43475.6  0.02
693100  43475.6  0.02
694100  43475.6  0.02
695100  43475.6  0.02
696100  43475.6  0.02
697100  43475.6  0.02
698100  43475.6  0.02
699100  43475.6  0.02
700100  43475.6  0.02
701100  43475.6  0.02
702100  43475.6  0.02
703100  43475.6  0.02
704100  43475.6  0.02
705100  43475.6  0.02
706100  43475.6  0.02
707100  43475.6  0.02
708100  43475.6  0.02
709100  43475.6  0.02
710100  43475.6  0.02
711100  43475.6  0.02
712100  43475.6  0.02
713100  43475.6  0.02
714100  43475.6  0.02
715100  43475.6  0.02
716100  43475.6  0.02
717100  43475.6  0.02
718100  43475.6  0.02
719100  43475.6  0.02
720100  43475.6  0.02
721100  43475.6  0.02
722100  43475.6  0.02
723100  43475.6  0.02
724100  43475.6  0.02
725100  43475.6  0.02
726100  43475.6  0.02
727100  43475.6  0.02
728100  43475.6  0.02
729100  43475.6  0.02
730100  43475.6  0.02
731100  43475.6  0.02
732100  43475.6  0.02
733100  43475.6  0.02
734100  43475.6  0.02
735100  43475.6  0.02
736100  43475.6  0.02
737100  43475.6  0.02
738100  43475.6  0.02
739100  43475.6  0.02
740100  43475.6  0.02
741100  43475.6  0.02
742100  43475.6  0.02
743100  43475.6  0.02
744100  43475.6  0.02
745100  43475.6  0.02
746100  43475.6  0.02
747100  43475.6  0.02
748100  43475.6  0.02
749100  43475.6  0.02
750100  43475.6  0.02
751100  43475.6  0.02
752100  43475.6  0.02
753100  43475.6  0.02
754100  43475.6  0.02
755100  43475.6  0.02
756100  43475.6  0.02
757100  43475.6  0.02
758100  43475.6  0.02
759100  43475.6  0.02
760100  43475.6  0.02
761100  43475.6  0.02
762100  43475.6  0.02
763100  43475.6  0.02
764100  43475.6  0.02
765100  43475.6  0.02
766100  43475.6  0.02
767100  43475.6  0.02
768100  43475.6  0.02
769100  43475.6  0.02
770100  43475.6  0.02
771100  43475.6  0.02
772100  43475.6  0.02
773100  43475.6  0.02
774100  43475.6  0.02
775100  43475.6  0.02
776100  43475.6  0.02
777100  43475.6  0.02
778100  43475.6  0.02
779100  43475.6  0.02
780100  43475.6  0.02
781100  43475.6  0.02
782100  43475.6  0.02
783100  43475.6  0.02
784100  43475.6  0.02
785100  43475.6  0.02
786100  43475.6  0.02
787100  43475.6  0.02
788100  43475.6  0.02
789100  43475.6  0.02
790100  43475.6  0.02
791100  43475.6  0.02
792100  43475.6  0.02
793100  43475.6  0.02
794100  43475.6  0.02
795100  43475.6  0.02
796100  43475.6  0.02
797100  43475.6  0.02
798100  43475.6  0.02
799100  43475.6  0.02
800100  43475.6  0.02
801100  43475.6  0.02
802100  43475.6  0.02
803100  43475.6  0.02
804100  43475.6  0.02
805100  43475.6  0.02
806100  43475.6  0.02
807100  43475.6  0.02
808100  43475.6  0.02
809100  43475.6  0.02
810100  43475.6  0.02
811100  43475.6  0.02
812100  43475.6  0.02
813100  43475.6  0.02
814100  43475.6  0.02
815100  43475.6  0.02
816100  43475.6  0.02
817100  43475.6  0.02
818100  43475.6  0.02
819100  43475.6  0.02
820100  43475.6  0.02
821100  43475.6  0.02
822100  43475.6  0.02
823100  43475.6  0.02
824100  43475.6  0.02
825100  43475.6  0.02
826100  43475.6  0.02
827100  43475.6  0.02
828100  43475.6  0.02
829100  43475.6  0.02
830100  43475.6  0.02
831100  43475.6  0.02
832100  43475.6  0.02
833100  43475.6  0.02
834100  43475.6  0.02
835100  43475.6  0.02
836100  43475.6  0.02
837100  43475.6  0.02
838100  43475.6  0.02
839100  43475.6  0.02
840100  43475.6  0.02
841100  43475.6  0.02
842100  43475.6  0.02
843100  43475.6  0.02
844100  43475.6  0.02
845100  43475.6  0.02
846100  43475.6  0.02
847100  43475.6  0.02
848100  43475.6  0.02
849100  43475.6  0.02
850100  43475.6  0.02
851100  43475.6  0.02
852100  43475.6  0.02
853100  43475.6  0.02
854100  43475.6  0.02
855100  43475.6  0.02
856100  43475.6  0.02
857100  43475.6  0.02
858100  43475.6  0.02
859100  43475.6  0.02
860100  43475.6  0.02
861100  43475.6  0.02
862100  43475.6  0.02
863100  43475.6  0.02
864100  43475.6  0.02
865100  43475.6  0.02
866100  43475.6  0.02
867100  43475.6  0.02
868100  43475.6  0.02
869100  43475.6  0.02
870100  43475.6  0.02
871100  43475.6  0.02
872100  43475.6  0.02
873100  43475.6  0.02
874100  43475.6  0.02
875100  43475.6  0.02
876100  43475.6  0.02
877100  43475.6  0.02
878100  43475.6  0.02
879100  43475.6  0.02
880100  43475.6  0.02
881100  43475.6  0.02
882100  43475.6  0.02
883100  43475.6  0.02
884100  43475.6  0.02
885100  43475.6  0.02
886100  43475.6  0.02
887100  43475.6  0.02
888100  43475.6  0.02
889100  43475.6  0.02
890100  43475.6  0.02
891100  43475.6  0.02
892100  43475.6  0.02
893100  43475.6  0.02
894100  43475.6  0.02
895100  43475.6  0.02
896100  43475.6  0.02
897100  43475.6  0.02
898100  43475.6  0.02
899100  43475.6  0.02
900100  43475.6  0.02
901100  43475.6  0.02
902100  43475.6  0.02
903100  43475.6  0.02
904100  43475.6  0.02
905100  43475.6  0.02
906100  43475.6  0.02
907100  43475.6  0.02
908100  43475.6  0.02
909100  43475.6  0.02
910100  43475.6  0.02
911100  43475.6  0.02
912100  43475.6  0.02
913100  43475.6  0.02
914100  43475.6  0.02
915100  43475.6  0.02
916100  43475.6  0.02
917100  43475.6  0.02
918100  43475.6  0.02
919100  43475.6  0.02
920100  43475.6  0.02
921100  43475.6  0.02
922100  43475.6  0.02
923100  43475.6  0.02
924100  43475.6  0.02
925100  43475.6  0.02
926100  43475.6  0.02
927100  43475.6  0.02
928100  43475.6  0.02
929100  43475.6  0.02
930100  43475.6  0.02
931100  43475.6  0.02
932100  43475.6  0.02
933100  43475.6  0.02
934100  43475.6  0.02
935100  43475.6  0.02
936100  43475.6  0.02
937100  43475.6  0.02
938100  43475.6  0.02
939100  43475.6  0.02
940100  43475.6  0.02
941100  43475.6  0.02
942100  43475.6  0.02
943100  43475.6  0.02
944100  43475.6  0.02
945100  43475.6  0.02
946100  43475.6  0.02
947100  43475.6  0.02
948100  43475.6  0.02
949100  43475.6  0.02
950100  43475.6  0.02
951100  43475.6  0.02
952100  43475.6  0.02
953100  43475.6  0.02
954100  43475.6  0.02
955100  43475.6  0.02
956100  43475.6  0.02
957100  43475.6  0.02
958100  43475.6  0.02
959100  43475.6  0.02
960100  43475.6  0.02
961100  43475.6  0.02
962100  43475.6  0.02
963100  43475.6  0.02
964100  43475.6  0.02
965100  43475.6  0.02
966100  43475.6  0.02
967100  43475.6  0.02
968100  43475.6  0.02
969100  43475.6  0.02
970100  43475.6  0.02
971100  43475.6  0.02
972100  43475.6  0.02
973100  43475.6  0.02
974100  43475.6  0.02
975100  43475.6  0.02
976100  43475.6  0.02
977100  43475.6  0.02
978100  43475.6  0.02
979100  43475.6  0.02
980100  43475.6  0.02
981100  43475.6  0.02
982100  43475.6  0.02
983100  43475.6  0.02
984100  43475.6  0.02
985100  43475.6  0.02
986100  43475.6  0.02
987100  43475.6  0.02
988100  43475.6  0.02
989100  43475.6  0.02
990100  43475.6  0.02
991100  43475.6  0.02
992100  43475.6  0.02
993100  43475.6  0.02
994100  43475.6  0.02
995100  43475.6  0.02
996100  43475.6  0.02
997100  43475.6  0.02
998100  43475.6  0.02
999100  43475.6  0.02
