100  3970.39  0.94
1100  14297.8  0.28
2100  16717.8  0.16
3100  26324.9  0.18
4100  20523.4  0.1
5100  19564.6  0.08
6100  16474.4  0.06
7100  26765.6  0.08
8100  11654.8  0.04
9100  24863.4  0.06
10100  14567.9  0.04
11100  57206.4  0.12
12100  26099.4  0.06
13100  44806.2  0.08
14100  47713.5  0.08
15100  31899.7  0.06
16100  49838.2  0.08
17100  52931.8  0.08
18100  19800.7  0.04
19100  19726.7  0.04
20100  20286.7  0.04
21100  20605.4  0.02
22100  20605.4  0.02
23100  20605.4  0.02
24100  20605.4  0.02
25100  20605.4  0.02
26100  20605.4  0.02
27100  20605.4  0.02
28100  20605.4  0.02
29100  20605.4  0.02
30100  20605.4  0.02
31100  20605.4  0.02
32100  20605.4  0.02
33100  20605.4  0.02
34100  20605.4  0.02
35100  20605.4  0.02
36100  20605.4  0.02
37100  20605.4  0.02
38100  20605.4  0.02
39100  20605.4  0.02
40100  20605.4  0.02
41100  20605.4  0.02
42100  20605.4  0.02
43100  20605.4  0.02
44100  20605.4  0.02
45100  20605.4  0.02
46100  20605.4  0.02
47100  20605.4  0.02
48100  20605.4  0.02
49100  20605.4  0.02
50100  20605.4  0.02
51100  20605.4  0.02
52100  20605.4  0.02
53100  20605.4  0.02
54100  20605.4  0.02
55100  20605.4  0.02
56100  20605.4  0.02
57100  20605.4  0.02
58100  20605.4  0.02
59100  20605.4  0.02
60100  20605.4  0.02
61100  20605.4  0.02
62100  20605.4  0.02
63100  20605.4  0.02
64100  20605.4  0.02
65100  20605.4  0.02
66100  20605.4  0.02
67100  20605.4  0.02
68100  20605.4  0.02
69100  20605.4  0.02
70100  20605.4  0.02
71100  20605.4  0.02
72100  20605.4  0.02
73100  20605.4  0.02
74100  20605.4  0.02
75100  20605.4  0.02
76100  20605.4  0.02
77100  20605.4  0.02
78100  20605.4  0.02
79100  20605.4  0.02
80100  20605.4  0.02
81100  20605.4  0.02
82100  20605.4  0.02
83100  20605.4  0.02
84100  20605.4  0.02
85100  20605.4  0.02
86100  20605.4  0.02
87100  20605.4  0.02
88100  20605.4  0.02
89100  20605.4  0.02
90100  20605.4  0.02
91100  20605.4  0.02
92100  20605.4  0.02
93100  20605.4  0.02
94100  20605.4  0.02
95100  20605.4  0.02
96100  20605.4  0.02
97100  20605.4  0.02
98100  20605.4  0.02
99100  20605.4  0.02
100100  20605.4  0.02
101100  20605.4  0.02
102100  20605.4  0.02
103100  20605.4  0.02
104100  20605.4  0.02
105100  20605.4  0.02
106100  20605.4  0.02
107100  20605.4  0.02
108100  20605.4  0.02
109100  20605.4  0.02
110100  20605.4  0.02
111100  20605.4  0.02
112100  20605.4  0.02
113100  20605.4  0.02
114100  20605.4  0.02
115100  20605.4  0.02
116100  20605.4  0.02
117100  20605.4  0.02
118100  20605.4  0.02
119100  20605.4  0.02
120100  20605.4  0.02
121100  20605.4  0.02
122100  20605.4  0.02
123100  20605.4  0.02
124100  20605.4  0.02
125100  20605.4  0.02
126100  20605.4  0.02
127100  20605.4  0.02
128100  20605.4  0.02
129100  20605.4  0.02
130100  20605.4  0.02
131100  20605.4  0.02
132100  20605.4  0.02
133100  20605.4  0.02
134100  20605.4  0.02
135100  20605.4  0.02
136100  20605.4  0.02
137100  20605.4  0.02
138100  20605.4  0.02
139100  20605.4  0.02
140100  20605.4  0.02
141100  20605.4  0.02
142100  20605.4  0.02
143100  20605.4  0.02
144100  20605.4  0.02
145100  20605.4  0.02
146100  20605.4  0.02
147100  20605.4  0.02
148100  20605.4  0.02
149100  20605.4  0.02
150100  20605.4  0.02
151100  20605.4  0.02
152100  20605.4  0.02
153100  20605.4  0.02
154100  20605.4  0.02
155100  20605.4  0.02
156100  20605.4  0.02
157100  20605.4  0.02
158100  20605.4  0.02
159100  20605.4  0.02
160100  20605.4  0.02
161100  20605.4  0.02
162100  20605.4  0.02
163100  20605.4  0.02
164100  20605.4  0.02
165100  20605.4  0.02
166100  20605.4  0.02
167100  20605.4  0.02
168100  20605.4  0.02
169100  20605.4  0.02
170100  20605.4  0.02
171100  20605.4  0.02
172100  20605.4  0.02
173100  20605.4  0.02
174100  20605.4  0.02
175100  20605.4  0.02
176100  20605.4  0.02
177100  20605.4  0.02
178100  20605.4  0.02
179100  20605.4  0.02
180100  20605.4  0.02
181100  20605.4  0.02
182100  20605.4  0.02
183100  20605.4  0.02
184100  20605.4  0.02
185100  20605.4  0.02
186100  20605.4  0.02
187100  20605.4  0.02
188100  20605.4  0.02
189100  20605.4  0.02
190100  20605.4  0.02
191100  20605.4  0.02
192100  20605.4  0.02
193100  20605.4  0.02
194100  20605.4  0.02
195100  20605.4  0.02
196100  20605.4  0.02
197100  20605.4  0.02
198100  20605.4  0.02
199100  20605.4  0.02
200100  20605.4  0.02
201100  20605.4  0.02
202100  20605.4  0.02
203100  20605.4  0.02
204100  20605.4  0.02
205100  20605.4  0.02
206100  20605.4  0.02
207100  20605.4  0.02
208100  20605.4  0.02
209100  20605.4  0.02
210100  20605.4  0.02
211100  20605.4  0.02
212100  20605.4  0.02
213100  20605.4  0.02
214100  20605.4  0.02
215100  20605.4  0.02
216100  20605.4  0.02
217100  20605.4  0.02
218100  20605.4  0.02
219100  20605.4  0.02
220100  20605.4  0.02
221100  20605.4  0.02
222100  20605.4  0.02
223100  20605.4  0.02
224100  20605.4  0.02
225100  20605.4  0.02
226100  20605.4  0.02
227100  20605.4  0.02
228100  20605.4  0.02
229100  20605.4  0.02
230100  20605.4  0.02
231100  20605.4  0.02
232100  20605.4  0.02
233100  20605.4  0.02
234100  20605.4  0.02
235100  20605.4  0.02
236100  20605.4  0.02
237100  20605.4  0.02
238100  20605.4  0.02
239100  20605.4  0.02
240100  20605.4  0.02
241100  20605.4  0.02
242100  20605.4  0.02
243100  20605.4  0.02
244100  20605.4  0.02
245100  20605.4  0.02
246100  20605.4  0.02
247100  20605.4  0.02
248100  20605.4  0.02
249100  20605.4  0.02
250100  20605.4  0.02
251100  20605.4  0.02
252100  20605.4  0.02
253100  20605.4  0.02
254100  20605.4  0.02
255100  20605.4  0.02
256100  20605.4  0.02
257100  20605.4  0.02
258100  20605.4  0.02
259100  20605.4  0.02
260100  20605.4  0.02
261100  20605.4  0.02
262100  20605.4  0.02
263100  20605.4  0.02
264100  20605.4  0.02
265100  20605.4  0.02
266100  20605.4  0.02
267100  20605.4  0.02
268100  20605.4  0.02
269100  20605.4  0.02
270100  20605.4  0.02
271100  20605.4  0.02
272100  20605.4  0.02
273100  20605.4  0.02
274100  20605.4  0.02
275100  20605.4  0.02
276100  20605.4  0.02
277100  20605.4  0.02
278100  20605.4  0.02
279100  20605.4  0.02
280100  20605.4  0.02
281100  20605.4  0.02
282100  20605.4  0.02
283100  20605.4  0.02
284100  20605.4  0.02
285100  20605.4  0.02
286100  20605.4  0.02
287100  20605.4  0.02
288100  20605.4  0.02
289100  20605.4  0.02
290100  20605.4  0.02
291100  20605.4  0.02
292100  20605.4  0.02
293100  20605.4  0.02
294100  20605.4  0.02
295100  20605.4  0.02
296100  20605.4  0.02
297100  20605.4  0.02
298100  20605.4  0.02
299100  20605.4  0.02
300100  20605.4  0.02
301100  20605.4  0.02
302100  20605.4  0.02
303100  20605.4  0.02
304100  20605.4  0.02
305100  20605.4  0.02
306100  20605.4  0.02
307100  20605.4  0.02
308100  20605.4  0.02
309100  20605.4  0.02
310100  20605.4  0.02
311100  20605.4  0.02
312100  20605.4  0.02
313100  20605.4  0.02
314100  20605.4  0.02
315100  20605.4  0.02
316100  20605.4  0.02
317100  20605.4  0.02
318100  20605.4  0.02
319100  20605.4  0.02
320100  20605.4  0.02
321100  20605.4  0.02
322100  20605.4  0.02
323100  20605.4  0.02
324100  20605.4  0.02
325100  20605.4  0.02
326100  20605.4  0.02
327100  20605.4  0.02
328100  20605.4  0.02
329100  20605.4  0.02
330100  20605.4  0.02
331100  20605.4  0.02
332100  20605.4  0.02
333100  20605.4  0.02
334100  20605.4  0.02
335100  20605.4  0.02
336100  20605.4  0.02
337100  20605.4  0.02
338100  20605.4  0.02
339100  20605.4  0.02
340100  20605.4  0.02
341100  20605.4  0.02
342100  20605.4  0.02
343100  20605.4  0.02
344100  20605.4  0.02
345100  20605.4  0.02
346100  20605.4  0.02
347100  20605.4  0.02
348100  20605.4  0.02
349100  20605.4  0.02
350100  20605.4  0.02
351100  20605.4  0.02
352100  20605.4  0.02
353100  20605.4  0.02
354100  20605.4  0.02
355100  20605.4  0.02
356100  20605.4  0.02
357100  20605.4  0.02
358100  20605.4  0.02
359100  20605.4  0.02
360100  20605.4  0.02
361100  20605.4  0.02
362100  20605.4  0.02
363100  20605.4  0.02
364100  20605.4  0.02
365100  20605.4  0.02
366100  20605.4  0.02
367100  20605.4  0.02
368100  20605.4  0.02
369100  20605.4  0.02
370100  20605.4  0.02
371100  20605.4  0.02
372100  20605.4  0.02
373100  20605.4  0.02
374100  20605.4  0.02
375100  20605.4  0.02
376100  20605.4  0.02
377100  20605.4  0.02
378100  20605.4  0.02
379100  20605.4  0.02
380100  20605.4  0.02
381100  20605.4  0.02
382100  20605.4  0.02
383100  20605.4  0.02
384100  20605.4  0.02
385100  20605.4  0.02
386100  20605.4  0.02
387100  20605.4  0.02
388100  20605.4  0.02
389100  20605.4  0.02
390100  20605.4  0.02
391100  20605.4  0.02
392100  20605.4  0.02
393100  20605.4  0.02
394100  20605.4  0.02
395100  20605.4  0.02
396100  20605.4  0.02
397100  20605.4  0.02
398100  20605.4  0.02
399100  20605.4  0.02
400100  20605.4  0.02
401100  20605.4  0.02
402100  20605.4  0.02
403100  20605.4  0.02
404100  20605.4  0.02
405100  20605.4  0.02
406100  20605.4  0.02
407100  20605.4  0.02
408100  20605.4  0.02
409100  20605.4  0.02
410100  20605.4  0.02
411100  20605.4  0.02
412100  20605.4  0.02
413100  20605.4  0.02
414100  20605.4  0.02
415100  20605.4  0.02
416100  20605.4  0.02
417100  20605.4  0.02
418100  20605.4  0.02
419100  20605.4  0.02
420100  20605.4  0.02
421100  20605.4  0.02
422100  20605.4  0.02
423100  20605.4  0.02
424100  20605.4  0.02
425100  20605.4  0.02
426100  20605.4  0.02
427100  20605.4  0.02
428100  20605.4  0.02
429100  20605.4  0.02
430100  20605.4  0.02
431100  20605.4  0.02
432100  20605.4  0.02
433100  20605.4  0.02
434100  20605.4  0.02
435100  20605.4  0.02
436100  20605.4  0.02
437100  20605.4  0.02
438100  20605.4  0.02
439100  20605.4  0.02
440100  20605.4  0.02
441100  20605.4  0.02
442100  20605.4  0.02
443100  20605.4  0.02
444100  20605.4  0.02
445100  20605.4  0.02
446100  20605.4  0.02
447100  20605.4  0.02
448100  20605.4  0.02
449100  20605.4  0.02
450100  20605.4  0.02
451100  20605.4  0.02
452100  20605.4  0.02
453100  20605.4  0.02
454100  20605.4  0.02
455100  20605.4  0.02
456100  20605.4  0.02
457100  20605.4  0.02
458100  20605.4  0.02
459100  20605.4  0.02
460100  20605.4  0.02
461100  20605.4  0.02
462100  20605.4  0.02
463100  20605.4  0.02
464100  20605.4  0.02
465100  20605.4  0.02
466100  20605.4  0.02
467100  20605.4  0.02
468100  20605.4  0.02
469100  20605.4  0.02
470100  20605.4  0.02
471100  20605.4  0.02
472100  20605.4  0.02
473100  20605.4  0.02
474100  20605.4  0.02
475100  20605.4  0.02
476100  20605.4  0.02
477100  20605.4  0.02
478100  20605.4  0.02
479100  20605.4  0.02
480100  20605.4  0.02
481100  20605.4  0.02
482100  20605.4  0.02
483100  20605.4  0.02
484100  20605.4  0.02
485100  20605.4  0.02
486100  20605.4  0.02
487100  20605.4  0.02
488100  20605.4  0.02
489100  20605.4  0.02
490100  20605.4  0.02
491100  20605.4  0.02
492100  20605.4  0.02
493100  20605.4  0.02
494100  20605.4  0.02
495100  20605.4  0.02
496100  20605.4  0.02
497100  20605.4  0.02
498100  20605.4  0.02
499100  20605.4  0.02
500100  20605.4  0.02
501100  20605.4  0.02
502100  20605.4  0.02
503100  20605.4  0.02
504100  20605.4  0.02
505100  20605.4  0.02
506100  20605.4  0.02
507100  20605.4  0.02
508100  20605.4  0.02
509100  20605.4  0.02
510100  20605.4  0.02
511100  20605.4  0.02
512100  20605.4  0.02
513100  20605.4  0.02
514100  20605.4  0.02
515100  20605.4  0.02
516100  20605.4  0.02
517100  20605.4  0.02
518100  20605.4  0.02
519100  20605.4  0.02
520100  20605.4  0.02
521100  20605.4  0.02
522100  20605.4  0.02
523100  20605.4  0.02
524100  20605.4  0.02
525100  20605.4  0.02
526100  20605.4  0.02
527100  20605.4  0.02
528100  20605.4  0.02
529100  20605.4  0.02
530100  20605.4  0.02
531100  20605.4  0.02
532100  20605.4  0.02
533100  20605.4  0.02
534100  20605.4  0.02
535100  20605.4  0.02
536100  20605.4  0.02
537100  20605.4  0.02
538100  20605.4  0.02
539100  20605.4  0.02
540100  20605.4  0.02
541100  20605.4  0.02
542100  20605.4  0.02
543100  20605.4  0.02
544100  20605.4  0.02
545100  20605.4  0.02
546100  20605.4  0.02
547100  20605.4  0.02
548100  20605.4  0.02
549100  20605.4  0.02
550100  20605.4  0.02
551100  20605.4  0.02
552100  20605.4  0.02
553100  20605.4  0.02
554100  20605.4  0.02
555100  20605.4  0.02
556100  20605.4  0.02
557100  20605.4  0.02
558100  20605.4  0.02
559100  20605.4  0.02
560100  20605.4  0.02
561100  20605.4  0.02
562100  20605.4  0.02
563100  20605.4  0.02
564100  20605.4  0.02
565100  20605.4  0.02
566100  20605.4  0.02
567100  20605.4  0.02
568100  20605.4  0.02
569100  20605.4  0.02
570100  20605.4  0.02
571100  20605.4  0.02
572100  20605.4  0.02
573100  20605.4  0.02
574100  20605.4  0.02
575100  20605.4  0.02
576100  20605.4  0.02
577100  20605.4  0.02
578100  20605.4  0.02
579100  20605.4  0.02
580100  20605.4  0.02
581100  20605.4  0.02
582100  20605.4  0.02
583100  20605.4  0.02
584100  20605.4  0.02
585100  20605.4  0.02
586100  20605.4  0.02
587100  20605.4  0.02
588100  20605.4  0.02
589100  20605.4  0.02
590100  20605.4  0.02
591100  20605.4  0.02
592100  20605.4  0.02
593100  20605.4  0.02
594100  20605.4  0.02
595100  20605.4  0.02
596100  20605.4  0.02
597100  20605.4  0.02
598100  20605.4  0.02
599100  20605.4  0.02
600100  20605.4  0.02
601100  20605.4  0.02
602100  20605.4  0.02
603100  20605.4  0.02
604100  20605.4  0.02
605100  20605.4  0.02
606100  20605.4  0.02
607100  20605.4  0.02
608100  20605.4  0.02
609100  20605.4  0.02
610100  20605.4  0.02
611100  20605.4  0.02
612100  20605.4  0.02
613100  20605.4  0.02
614100  20605.4  0.02
615100  20605.4  0.02
616100  20605.4  0.02
617100  20605.4  0.02
618100  20605.4  0.02
619100  20605.4  0.02
620100  20605.4  0.02
621100  20605.4  0.02
622100  20605.4  0.02
623100  20605.4  0.02
624100  20605.4  0.02
625100  20605.4  0.02
626100  20605.4  0.02
627100  20605.4  0.02
628100  20605.4  0.02
629100  20605.4  0.02
630100  20605.4  0.02
631100  20605.4  0.02
632100  20605.4  0.02
633100  20605.4  0.02
634100  20605.4  0.02
635100  20605.4  0.02
636100  20605.4  0.02
637100  20605.4  0.02
638100  20605.4  0.02
639100  20605.4  0.02
640100  20605.4  0.02
641100  20605.4  0.02
642100  20605.4  0.02
643100  20605.4  0.02
644100  20605.4  0.02
645100  20605.4  0.02
646100  20605.4  0.02
647100  20605.4  0.02
648100  20605.4  0.02
649100  20605.4  0.02
650100  20605.4  0.02
651100  20605.4  0.02
652100  20605.4  0.02
653100  20605.4  0.02
654100  20605.4  0.02
655100  20605.4  0.02
656100  20605.4  0.02
657100  20605.4  0.02
658100  20605.4  0.02
659100  20605.4  0.02
660100  20605.4  0.02
661100  20605.4  0.02
662100  20605.4  0.02
663100  20605.4  0.02
664100  20605.4  0.02
665100  20605.4  0.02
666100  20605.4  0.02
667100  20605.4  0.02
668100  20605.4  0.02
669100  20605.4  0.02
670100  20605.4  0.02
671100  20605.4  0.02
672100  20605.4  0.02
673100  20605.4  0.02
674100  20605.4  0.02
675100  20605.4  0.02
676100  20605.4  0.02
677100  20605.4  0.02
678100  20605.4  0.02
679100  20605.4  0.02
680100  20605.4  0.02
681100  20605.4  0.02
682100  20605.4  0.02
683100  20605.4  0.02
684100  20605.4  0.02
685100  20605.4  0.02
686100  20605.4  0.02
687100  20605.4  0.02
688100  20605.4  0.02
689100  20605.4  0.02
690100  20605.4  0.02
691100  20605.4  0.02
692100  20605.4  0.02
693100  20605.4  0.02
694100  20605.4  0.02
695100  20605.4  0.02
696100  20605.4  0.02
697100  20605.4  0.02
698100  20605.4  0.02
699100  20605.4  0.02
700100  20605.4  0.02
701100  20605.4  0.02
702100  20605.4  0.02
703100  20605.4  0.02
704100  20605.4  0.02
705100  20605.4  0.02
706100  20605.4  0.02
707100  20605.4  0.02
708100  20605.4  0.02
709100  20605.4  0.02
710100  20605.4  0.02
711100  20605.4  0.02
712100  20605.4  0.02
713100  20605.4  0.02
714100  20605.4  0.02
715100  20605.4  0.02
716100  20605.4  0.02
717100  20605.4  0.02
718100  20605.4  0.02
719100  20605.4  0.02
720100  20605.4  0.02
721100  20605.4  0.02
722100  20605.4  0.02
723100  20605.4  0.02
724100  20605.4  0.02
725100  20605.4  0.02
726100  20605.4  0.02
727100  20605.4  0.02
728100  20605.4  0.02
729100  20605.4  0.02
730100  20605.4  0.02
731100  20605.4  0.02
732100  20605.4  0.02
733100  20605.4  0.02
734100  20605.4  0.02
735100  20605.4  0.02
736100  20605.4  0.02
737100  20605.4  0.02
738100  20605.4  0.02
739100  20605.4  0.02
740100  20605.4  0.02
741100  20605.4  0.02
742100  20605.4  0.02
743100  20605.4  0.02
744100  20605.4  0.02
745100  20605.4  0.02
746100  20605.4  0.02
747100  20605.4  0.02
748100  20605.4  0.02
749100  20605.4  0.02
750100  20605.4  0.02
751100  20605.4  0.02
752100  20605.4  0.02
753100  20605.4  0.02
754100  20605.4  0.02
755100  20605.4  0.02
756100  20605.4  0.02
757100  20605.4  0.02
758100  20605.4  0.02
759100  20605.4  0.02
760100  20605.4  0.02
761100  20605.4  0.02
762100  20605.4  0.02
763100  20605.4  0.02
764100  20605.4  0.02
765100  20605.4  0.02
766100  20605.4  0.02
767100  20605.4  0.02
768100  20605.4  0.02
769100  20605.4  0.02
770100  20605.4  0.02
771100  20605.4  0.02
772100  20605.4  0.02
773100  20605.4  0.02
774100  20605.4  0.02
775100  20605.4  0.02
776100  20605.4  0.02
777100  20605.4  0.02
778100  20605.4  0.02
779100  20605.4  0.02
780100  20605.4  0.02
781100  20605.4  0.02
782100  20605.4  0.02
783100  20605.4  0.02
784100  20605.4  0.02
785100  20605.4  0.02
786100  20605.4  0.02
787100  20605.4  0.02
788100  20605.4  0.02
789100  20605.4  0.02
790100  20605.4  0.02
791100  20605.4  0.02
792100  20605.4  0.02
793100  20605.4  0.02
794100  20605.4  0.02
795100  20605.4  0.02
796100  20605.4  0.02
797100  20605.4  0.02
798100  20605.4  0.02
799100  20605.4  0.02
800100  20605.4  0.02
801100  20605.4  0.02
802100  20605.4  0.02
803100  20605.4  0.02
804100  20605.4  0.02
805100  20605.4  0.02
806100  20605.4  0.02
807100  20605.4  0.02
808100  20605.4  0.02
809100  20605.4  0.02
810100  20605.4  0.02
811100  20605.4  0.02
812100  20605.4  0.02
813100  20605.4  0.02
814100  20605.4  0.02
815100  20605.4  0.02
816100  20605.4  0.02
817100  20605.4  0.02
818100  20605.4  0.02
819100  20605.4  0.02
820100  20605.4  0.02
821100  20605.4  0.02
822100  20605.4  0.02
823100  20605.4  0.02
824100  20605.4  0.02
825100  20605.4  0.02
826100  20605.4  0.02
827100  20605.4  0.02
828100  20605.4  0.02
829100  20605.4  0.02
830100  20605.4  0.02
831100  20605.4  0.02
832100  20605.4  0.02
833100  20605.4  0.02
834100  20605.4  0.02
835100  20605.4  0.02
836100  20605.4  0.02
837100  20605.4  0.02
838100  20605.4  0.02
839100  20605.4  0.02
840100  20605.4  0.02
841100  20605.4  0.02
842100  20605.4  0.02
843100  20605.4  0.02
844100  20605.4  0.02
845100  20605.4  0.02
846100  20605.4  0.02
847100  20605.4  0.02
848100  20605.4  0.02
849100  20605.4  0.02
850100  20605.4  0.02
851100  20605.4  0.02
852100  20605.4  0.02
853100  20605.4  0.02
854100  20605.4  0.02
855100  20605.4  0.02
856100  20605.4  0.02
857100  20605.4  0.02
858100  20605.4  0.02
859100  20605.4  0.02
860100  20605.4  0.02
861100  20605.4  0.02
862100  20605.4  0.02
863100  20605.4  0.02
864100  20605.4  0.02
865100  20605.4  0.02
866100  20605.4  0.02
867100  20605.4  0.02
868100  20605.4  0.02
869100  20605.4  0.02
870100  20605.4  0.02
871100  20605.4  0.02
872100  20605.4  0.02
873100  20605.4  0.02
874100  20605.4  0.02
875100  20605.4  0.02
876100  20605.4  0.02
877100  20605.4  0.02
878100  20605.4  0.02
879100  20605.4  0.02
880100  20605.4  0.02
881100  20605.4  0.02
882100  20605.4  0.02
883100  20605.4  0.02
884100  20605.4  0.02
885100  20605.4  0.02
886100  20605.4  0.02
887100  20605.4  0.02
888100  20605.4  0.02
889100  20605.4  0.02
890100  20605.4  0.02
891100  20605.4  0.02
892100  20605.4  0.02
893100  20605.4  0.02
894100  20605.4  0.02
895100  20605.4  0.02
896100  20605.4  0.02
897100  20605.4  0.02
898100  20605.4  0.02
899100  20605.4  0.02
900100  20605.4  0.02
901100  20605.4  0.02
902100  20605.4  0.02
903100  20605.4  0.02
904100  20605.4  0.02
905100  20605.4  0.02
906100  20605.4  0.02
907100  20605.4  0.02
908100  20605.4  0.02
909100  20605.4  0.02
910100  20605.4  0.02
911100  20605.4  0.02
912100  20605.4  0.02
913100  20605.4  0.02
914100  20605.4  0.02
915100  20605.4  0.02
916100  20605.4  0.02
917100  20605.4  0.02
918100  20605.4  0.02
919100  20605.4  0.02
920100  20605.4  0.02
921100  20605.4  0.02
922100  20605.4  0.02
923100  20605.4  0.02
924100  20605.4  0.02
925100  20605.4  0.02
926100  20605.4  0.02
927100  20605.4  0.02
928100  20605.4  0.02
929100  20605.4  0.02
930100  20605.4  0.02
931100  20605.4  0.02
932100  20605.4  0.02
933100  20605.4  0.02
934100  20605.4  0.02
935100  20605.4  0.02
936100  20605.4  0.02
937100  20605.4  0.02
938100  20605.4  0.02
939100  20605.4  0.02
940100  20605.4  0.02
941100  20605.4  0.02
942100  20605.4  0.02
943100  20605.4  0.02
944100  20605.4  0.02
945100  20605.4  0.02
946100  20605.4  0.02
947100  20605.4  0.02
948100  20605.4  0.02
949100  20605.4  0.02
950100  20605.4  0.02
951100  20605.4  0.02
952100  20605.4  0.02
953100  20605.4  0.02
954100  20605.4  0.02
955100  20605.4  0.02
956100  20605.4  0.02
957100  20605.4  0.02
958100  20605.4  0.02
959100  20605.4  0.02
960100  20605.4  0.02
961100  20605.4  0.02
962100  20605.4  0.02
963100  20605.4  0.02
964100  20605.4  0.02
965100  20605.4  0.02
966100  20605.4  0.02
967100  20605.4  0.02
968100  20605.4  0.02
969100  20605.4  0.02
970100  20605.4  0.02
971100  20605.4  0.02
972100  20605.4  0.02
973100  20605.4  0.02
974100  20605.4  0.02
975100  20605.4  0.02
976100  20605.4  0.02
977100  20605.4  0.02
978100  20605.4  0.02
979100  20605.4  0.02
980100  20605.4  0.02
981100  20605.4  0.02
982100  20605.4  0.02
983100  20605.4  0.02
984100  20605.4  0.02
985100  20605.4  0.02
986100  20605.4  0.02
987100  20605.4  0.02
988100  20605.4  0.02
989100  20605.4  0.02
990100  20605.4  0.02
991100  20605.4  0.02
992100  20605.4  0.02
993100  20605.4  0.02
994100  20605.4  0.02
995100  20605.4  0.02
996100  20605.4  0.02
997100  20605.4  0.02
998100  20605.4  0.02
999100  20605.4  0.02
