100  4353.01  1
1100  31045.4  0.58
2100  31024.5  0.3
3100  34257.1  0.22
4100  29477.6  0.16
5100  25549.5  0.1
6100  23200.6  0.08
7100  36104  0.12
8100  37224  0.1
9100  59533.4  0.14
10100  45457  0.1
11100  49434.2  0.1
12100  28929.8  0.06
13100  31261  0.06
14100  45776.6  0.08
15100  48578.7  0.08
16100  32816.8  0.06
17100  33886.1  0.04
18100  34810.2  0.04
19100  35965.3  0.04
20100  36889.3  0.04
21100  37813.4  0.04
22100  38968.5  0.04
23100  39892.6  0.04
24100  40816.6  0.04
25100  41971.7  0.04
26100  42895.8  0.04
27100  43819.9  0.04
28100  44975  0.04
29100  45899  0.04
30100  46823.1  0.04
31100  47978.2  0.04
32100  48902.3  0.04
33100  49826.3  0.04
34100  50981.4  0.04
35100  51905.5  0.04
36100  52829.6  0.04
37100  53984.6  0.04
38100  54908.7  0.04
39100  55832.8  0.04
40100  56987.9  0.04
41100  57911.9  0.04
42100  58836  0.04
43100  59991.1  0.04
44100  60915.2  0.04
45100  61839.3  0.04
46100  62994.3  0.04
47100  63918.4  0.04
48100  64842.5  0.04
49100  65997.6  0.04
50100  66921.6  0.04
51100  67845.7  0.04
52100  69000.8  0.04
53100  69924.9  0.04
54100  70848.9  0.04
55100  72004  0.04
56100  72928.1  0.04
57100  73852.2  0.04
58100  74776.2  0.04
59100  75931.3  0.04
60100  76855.4  0.04
61100  77779.5  0.04
62100  78932.8  0.04
63100  79849.9  0.04
64100  80767.1  0.04
65100  81913.4  0.04
66100  82830.6  0.04
67100  83747.7  0.04
68100  84894.1  0.04
69100  85811.2  0.04
70100  86728.3  0.04
71100  87874.7  0.04
72100  88791.8  0.04
73100  89708.9  0.04
74100  90855.3  0.04
75100  91772.4  0.04
76100  92689.5  0.04
77100  93835.9  0.04
78100  94753  0.04
79100  95670.1  0.04
80100  96816.5  0.04
81100  97733.7  0.04
82100  98650.8  0.04
83100  99797.2  0.04
84100  100714  0.04
85100  101631  0.04
86100  102778  0.04
87100  103695  0.04
88100  104612  0.04
89100  105758  0.04
90100  106676  0.04
91100  107593  0.04
92100  189137  0.06
93100  191197  0.06
94100  193124  0.06
95100  195269  0.06
96100  197196  0.06
97100  199122  0.06
98100  398473  0.1
99100  495982  0.12
100100  501205  0.12
101100  407850  0.1
102100  411958  0.1
103100  415665  0.1
104100  417151  0.1
105100  420858  0.1
106100  424965  0.1
107100  428903  0.1
108100  432997  0.1
109100  436785  0.1
110100  441124  0.1
111100  444286  0.08
112100  448393  0.08
113100  451354  0.08
114100  454244  0.08
115100  456747  0.08
116100  459868  0.08
117100  462438  0.08
118100  465328  0.08
119100  468062  0.08
120100  470951  0.08
121100  473454  0.08
122100  152278  0.04
123100  153202  0.04
124100  154126  0.04
125100  155281  0.04
126100  156205  0.04
127100  157129  0.04
128100  158284  0.04
129100  159208  0.04
130100  160132  0.04
131100  161056  0.04
132100  162212  0.04
133100  163136  0.04
134100  164060  0.04
135100  165215  0.04
136100  166139  0.04
137100  148368  0.04
138100  149523  0.04
139100  150447  0.04
140100  151371  0.04
141100  152526  0.04
142100  153451  0.04
143100  154375  0.04
144100  155530  0.04
145100  156454  0.04
146100  157378  0.04
147100  158533  0.04
148100  159457  0.04
149100  160381  0.04
150100  157284  0.04
151100  158208  0.04
152100  159132  0.04
153100  172793  0.04
154100  173717  0.04
155100  174641  0.04
156100  175796  0.04
157100  176720  0.04
158100  177645  0.04
159100  178800  0.04
160100  179724  0.04
161100  180648  0.04
162100  181803  0.04
163100  182727  0.04
164100  183651  0.04
165100  184806  0.04
166100  185730  0.04
167100  186654  0.04
168100  187809  0.04
169100  188733  0.04
170100  189657  0.04
171100  190813  0.04
172100  191737  0.04
173100  192661  0.04
174100  193816  0.04
175100  194740  0.04
176100  195664  0.04
177100  196819  0.04
178100  197743  0.04
179100  198667  0.04
180100  199822  0.04
181100  200746  0.04
182100  201670  0.04
183100  202825  0.04
184100  203750  0.04
185100  204674  0.04
186100  205829  0.04
187100  206753  0.04
188100  207677  0.04
189100  208832  0.04
190100  209756  0.04
191100  210680  0.04
192100  602279  0.08
193100  673518  0.08
194100  676249  0.08
195100  679611  0.08
196100  682312  0.08
197100  685444  0.08
198100  688405  0.08
199100  691536  0.08
200100  694266  0.08
201100  697397  0.08
202100  700330  0.08
203100  703461  0.08
204100  613721  0.08
205100  621324  0.08
206100  624055  0.08
207100  828419  0.08
208100  832385  0.08
209100  836291  0.08
210100  840055  0.08
211100  844450  0.08
212100  639615  0.08
213100  642717  0.08
214100  645679  0.08
215100  648810  0.08
216100  653835  0.08
217100  651967  0.08
218100  654698  0.08
219100  657800  0.08
220100  660761  0.08
221100  663893  0.08
222100  666623  0.08
223100  669985  0.08
224100  672715  0.08
225100  675818  0.08
226100  678779  0.08
227100  681910  0.08
228100  684641  0.08
229100  688003  0.08
230100  690188  0.06
231100  693290  0.06
232100  696251  0.06
233100  699382  0.06
234100  702113  0.06
235100  704585  0.06
236100  706253  0.06
237100  708293  0.06
238100  710192  0.06
239100  712231  0.06
240100  713899  0.06
241100  716170  0.06
242100  717838  0.06
243100  719878  0.06
244100  721777  0.06
245100  723817  0.06
246100  725485  0.06
247100  727756  0.06
248100  729424  0.06
249100  731464  0.06
250100  733363  0.06
251100  735403  0.06
252100  737071  0.06
253100  739342  0.06
254100  741010  0.06
255100  743050  0.06
256100  744949  0.06
257100  746989  0.06
258100  748657  0.06
259100  750927  0.06
260100  752595  0.06
261100  754635  0.06
262100  756534  0.06
263100  758574  0.06
264100  760242  0.06
265100  762513  0.06
266100  764181  0.06
267100  766221  0.06
268100  768120  0.06
269100  770160  0.06
270100  771828  0.06
271100  774099  0.06
272100  521491  0.04
273100  522415  0.04
274100  523339  0.04
275100  524494  0.04
276100  525418  0.04
277100  526342  0.04
278100  527497  0.04
279100  528421  0.04
280100  529345  0.04
281100  530500  0.04
282100  531425  0.04
283100  532349  0.04
284100  533504  0.04
285100  534428  0.04
286100  292019  0.04
287100  293174  0.04
288100  294098  0.04
289100  295023  0.04
290100  296178  0.04
291100  297102  0.04
292100  298026  0.04
293100  299181  0.04
294100  300105  0.04
295100  301029  0.04
296100  302184  0.04
297100  303108  0.04
298100  304032  0.04
299100  305187  0.04
300100  306111  0.04
301100  307035  0.04
302100  308191  0.04
303100  309115  0.04
304100  310039  0.04
305100  311194  0.04
306100  312118  0.04
307100  313042  0.04
308100  314197  0.04
309100  315121  0.04
310100  316045  0.04
311100  317200  0.04
312100  318124  0.04
313100  319048  0.04
314100  320203  0.04
315100  321128  0.04
316100  322052  0.04
317100  323207  0.04
318100  324131  0.04
319100  325055  0.04
320100  326210  0.04
321100  327134  0.04
322100  328058  0.04
323100  329213  0.04
324100  330137  0.04
325100  331061  0.04
326100  332216  0.04
327100  333140  0.04
328100  334065  0.04
329100  335220  0.04
330100  336144  0.04
331100  337068  0.04
332100  338223  0.04
333100  339147  0.04
334100  340071  0.04
335100  341226  0.04
336100  342150  0.04
337100  343074  0.04
338100  344229  0.04
339100  345153  0.04
340100  346077  0.04
341100  347233  0.04
342100  348157  0.04
343100  349081  0.04
344100  350005  0.04
345100  351160  0.04
346100  352084  0.04
347100  353008  0.04
348100  354163  0.04
349100  355087  0.04
350100  356011  0.04
351100  357166  0.04
352100  358090  0.04
353100  359014  0.04
354100  360170  0.04
355100  361094  0.04
356100  362018  0.04
357100  363173  0.04
358100  364097  0.04
359100  365021  0.04
360100  366176  0.04
361100  367100  0.04
362100  368024  0.04
363100  369179  0.04
364100  370103  0.04
365100  371027  0.04
366100  372182  0.04
367100  480343  0.04
368100  481268  0.04
369100  482423  0.04
370100  483347  0.04
371100  484271  0.04
372100  485426  0.04
373100  486350  0.04
374100  487274  0.04
375100  488429  0.04
376100  489353  0.04
377100  490277  0.04
378100  491432  0.04
379100  492356  0.04
380100  493280  0.04
381100  494436  0.04
382100  495360  0.04
383100  496284  0.04
384100  497439  0.04
385100  498363  0.04
386100  499287  0.04
387100  500442  0.04
388100  501366  0.04
389100  502290  0.04
390100  503445  0.04
391100  504369  0.04
392100  505293  0.04
393100  506448  0.04
394100  507373  0.04
395100  508297  0.04
396100  509452  0.04
397100  510376  0.04
398100  511300  0.04
399100  512455  0.04
400100  513379  0.04
401100  514303  0.04
402100  515458  0.04
403100  516382  0.04
404100  517306  0.04
405100  518461  0.04
406100  519385  0.04
407100  520310  0.04
408100  521465  0.04
409100  522389  0.04
410100  523313  0.04
411100  524468  0.04
412100  525392  0.04
413100  526316  0.04
414100  527471  0.04
415100  528395  0.04
416100  529319  0.04
417100  530243  0.04
418100  531398  0.04
419100  532322  0.04
420100  533247  0.04
421100  534402  0.04
422100  535326  0.04
423100  536250  0.04
424100  537405  0.04
425100  538329  0.04
426100  539253  0.04
427100  540408  0.04
428100  541332  0.04
429100  542256  0.04
430100  543411  0.04
431100  544335  0.04
432100  545259  0.04
433100  546415  0.04
434100  547339  0.04
435100  548263  0.04
436100  549418  0.04
437100  550342  0.04
438100  551266  0.04
439100  552421  0.04
440100  553345  0.04
441100  554269  0.04
442100  555424  0.04
443100  556348  0.04
444100  557272  0.04
445100  558427  0.04
446100  559352  0.04
447100  560276  0.04
448100  561431  0.04
449100  562355  0.04
450100  563279  0.04
451100  564434  0.04
452100  565358  0.04
453100  566282  0.04
454100  567437  0.04
455100  568361  0.04
456100  569285  0.04
457100  570440  0.04
458100  571364  0.04
459100  572289  0.04
460100  573444  0.04
461100  574368  0.04
462100  575292  0.04
463100  576447  0.04
464100  577371  0.04
465100  578295  0.04
466100  579450  0.04
467100  580374  0.04
468100  581298  0.04
469100  582453  0.04
470100  583377  0.04
471100  584301  0.04
472100  585457  0.04
473100  586381  0.04
474100  587305  0.04
475100  588460  0.04
476100  589384  0.04
477100  590308  0.04
478100  591463  0.04
479100  592387  0.04
480100  593311  0.04
481100  594466  0.04
482100  595390  0.04
483100  596314  0.04
484100  597469  0.04
485100  598394  0.04
486100  599318  0.04
487100  600242  0.04
488100  1.49795e+06  0.08
489100  1.5006e+06  0.08
490100  1.50346e+06  0.08
491100  1.50654e+06  0.08
492100  1.50939e+06  0.08
493100  1.51225e+06  0.08
494100  1.51533e+06  0.08
495100  1.51866e+06  0.08
496100  1.52151e+06  0.08
497100  1.52459e+06  0.08
498100  1.52794e+06  0.08
499100  1.53079e+06  0.08
500100  1.53388e+06  0.08
501100  1.53673e+06  0.08
502100  1.53958e+06  0.08
503100  1.54314e+06  0.08
504100  1.54599e+06  0.08
505100  1.54885e+06  0.08
506100  1.55193e+06  0.08
507100  1.55478e+06  0.08
508100  1.55764e+06  0.08
509100  1.56072e+06  0.08
510100  1.56357e+06  0.08
511100  1.56643e+06  0.08
512100  1.56998e+06  0.08
513100  1.57284e+06  0.08
514100  1.57569e+06  0.08
515100  1.57877e+06  0.08
516100  1.58163e+06  0.08
517100  1.58448e+06  0.08
518100  1.58756e+06  0.08
519100  1.59042e+06  0.08
520100  1.59327e+06  0.08
521100  1.59683e+06  0.08
522100  1.59968e+06  0.08
523100  1.60253e+06  0.08
524100  1.60562e+06  0.08
525100  1.60847e+06  0.08
526100  1.61132e+06  0.08
527100  1.6149e+06  0.08
528100  1.60392e+06  0.08
529100  1.60677e+06  0.08
530100  1.61033e+06  0.08
531100  1.61318e+06  0.08
532100  1.61604e+06  0.08
533100  1.61912e+06  0.08
534100  1.62197e+06  0.08
535100  1.62483e+06  0.08
536100  1.62791e+06  0.08
537100  1.63076e+06  0.08
538100  1.63409e+06  0.08
539100  1.63717e+06  0.08
540100  1.64003e+06  0.08
541100  1.64288e+06  0.08
542100  1.64596e+06  0.08
543100  1.64882e+06  0.08
544100  1.65167e+06  0.08
545100  1.65476e+06  0.08
546100  1.65761e+06  0.08
547100  1.66093e+06  0.08
548100  1.66402e+06  0.08
549100  1.66687e+06  0.08
550100  1.66972e+06  0.08
551100  1.67281e+06  0.08
552100  1.67566e+06  0.08
553100  2.21683e+06  0.1
554100  2.22094e+06  0.1
555100  2.22483e+06  0.1
556100  2.22968e+06  0.1
557100  2.2338e+06  0.1
558100  2.23768e+06  0.1
559100  2.24131e+06  0.1
560100  2.2452e+06  0.1
561100  2.24932e+06  0.1
562100  2.2532e+06  0.1
563100  2.25709e+06  0.1
564100  2.26121e+06  0.1
565100  2.26557e+06  0.1
566100  2.26919e+06  0.1
567100  2.27331e+06  0.1
568100  2.2772e+06  0.1
569100  2.28108e+06  0.1
570100  2.2852e+06  0.1
571100  2.28909e+06  0.1
572100  2.29297e+06  0.1
573100  2.29709e+06  0.1
574100  1.78604e+06  0.08
575100  1.78889e+06  0.08
576100  1.79198e+06  0.08
577100  1.79483e+06  0.08
578100  1.79768e+06  0.08
579100  1.80077e+06  0.08
580100  1.80362e+06  0.08
581100  1.80647e+06  0.08
582100  1.81003e+06  0.08
583100  1.81288e+06  0.08
584100  1.81574e+06  0.08
585100  1.81931e+06  0.08
586100  1.82217e+06  0.08
587100  1.82502e+06  0.08
588100  1.8281e+06  0.08
589100  2.23971e+06  0.08
590100  2.24257e+06  0.08
591100  2.24613e+06  0.08
592100  2.24898e+06  0.08
593100  2.25183e+06  0.08
594100  2.25492e+06  0.08
595100  2.25777e+06  0.08
596100  2.26062e+06  0.08
597100  2.26371e+06  0.08
598100  2.26656e+06  0.08
599100  2.26941e+06  0.08
600100  2.27297e+06  0.08
601100  2.27582e+06  0.08
602100  2.27868e+06  0.08
603100  2.28176e+06  0.08
604100  2.28461e+06  0.08
605100  2.28747e+06  0.08
606100  2.29055e+06  0.08
607100  1.82918e+06  0.08
608100  1.83203e+06  0.08
609100  1.83559e+06  0.08
610100  1.83844e+06  0.08
611100  1.84129e+06  0.08
612100  1.84438e+06  0.08
613100  1.84772e+06  0.08
614100  1.90131e+06  0.08
615100  1.9044e+06  0.08
616100  1.90725e+06  0.08
617100  624329  0.04
618100  625484  0.04
619100  626408  0.04
620100  627333  0.04
621100  628488  0.04
622100  629412  0.04
623100  630336  0.04
624100  631491  0.04
625100  632415  0.04
626100  633339  0.04
627100  634494  0.04
628100  635418  0.04
629100  636342  0.04
630100  637266  0.04
631100  638421  0.04
632100  639345  0.04
633100  640270  0.04
634100  641425  0.04
635100  642349  0.04
636100  643273  0.04
637100  644428  0.04
638100  645352  0.04
639100  646276  0.04
640100  647431  0.04
641100  648355  0.04
642100  649279  0.04
643100  650434  0.04
644100  651358  0.04
645100  652282  0.04
646100  653438  0.04
647100  654362  0.04
648100  655286  0.04
649100  656441  0.04
650100  657365  0.04
651100  658289  0.04
652100  659444  0.04
653100  660368  0.04
654100  661292  0.04
655100  662447  0.04
656100  663371  0.04
657100  664295  0.04
658100  665450  0.04
659100  666375  0.04
660100  667299  0.04
661100  668454  0.04
662100  669378  0.04
663100  670302  0.04
664100  671457  0.04
665100  672381  0.04
666100  673305  0.04
667100  674460  0.04
668100  675384  0.04
669100  676308  0.04
670100  677463  0.04
671100  678387  0.04
672100  679312  0.04
673100  680467  0.04
674100  681391  0.04
675100  682315  0.04
676100  683470  0.04
677100  684394  0.04
678100  685318  0.04
679100  686473  0.04
680100  687397  0.04
681100  688321  0.04
682100  689476  0.04
683100  690400  0.04
684100  691324  0.04
685100  692480  0.04
686100  693404  0.04
687100  694328  0.04
688100  695483  0.04
689100  696407  0.04
690100  949638  0.04
691100  950793  0.04
692100  951717  0.04
693100  952642  0.04
694100  953797  0.04
695100  954721  0.04
696100  955645  0.04
697100  956800  0.04
698100  957724  0.04
699100  958648  0.04
700100  959803  0.04
701100  960727  0.04
702100  961651  0.04
703100  962575  0.04
704100  963730  0.04
705100  964654  0.04
706100  965579  0.04
707100  966734  0.04
708100  967658  0.04
709100  968582  0.04
710100  969737  0.04
711100  970661  0.04
712100  971585  0.04
713100  972740  0.04
714100  973664  0.04
715100  974588  0.04
716100  975743  0.04
717100  976667  0.04
718100  977591  0.04
719100  725225  0.04
720100  726149  0.04
721100  727073  0.04
722100  728229  0.04
723100  729153  0.04
724100  730077  0.04
725100  731232  0.04
726100  732156  0.04
727100  733080  0.04
728100  734235  0.04
729100  735159  0.04
730100  736083  0.04
731100  737238  0.04
732100  738162  0.04
733100  739086  0.04
734100  740241  0.04
735100  741166  0.04
736100  742090  0.04
737100  743245  0.04
738100  744169  0.04
739100  745093  0.04
740100  1.54397e+06  0.06
741100  1.54587e+06  0.06
742100  1.54778e+06  0.06
743100  1.54992e+06  0.06
744100  1.55183e+06  0.06
745100  1.55373e+06  0.06
746100  1.55587e+06  0.06
747100  1.55778e+06  0.06
748100  1.55969e+06  0.06
749100  1.56182e+06  0.06
750100  1.56373e+06  0.06
751100  1.56564e+06  0.06
752100  1.56778e+06  0.06
753100  1.56968e+06  0.06
754100  1.57159e+06  0.06
755100  1.57373e+06  0.06
756100  1.57563e+06  0.06
757100  1.98679e+06  0.06
758100  1.98893e+06  0.06
759100  1.99084e+06  0.06
760100  1.99274e+06  0.06
761100  1.99488e+06  0.06
762100  1.99679e+06  0.06
763100  1.9987e+06  0.06
764100  2.00083e+06  0.06
765100  2.00274e+06  0.06
766100  2.00465e+06  0.06
767100  2.00679e+06  0.06
768100  2.00869e+06  0.06
769100  2.0106e+06  0.06
770100  2.01274e+06  0.06
771100  2.01464e+06  0.06
772100  2.01655e+06  0.06
773100  2.01846e+06  0.06
774100  2.0206e+06  0.06
775100  2.0225e+06  0.06
776100  2.02441e+06  0.06
777100  2.02655e+06  0.06
778100  2.02846e+06  0.06
779100  2.03036e+06  0.06
780100  2.0325e+06  0.06
781100  2.03441e+06  0.06
782100  2.03631e+06  0.06
783100  2.03845e+06  0.06
784100  2.04036e+06  0.06
785100  2.04227e+06  0.06
786100  2.0449e+06  0.06
787100  2.0468e+06  0.06
788100  2.04871e+06  0.06
789100  2.05085e+06  0.06
790100  2.05275e+06  0.06
791100  2.05466e+06  0.06
792100  2.0568e+06  0.06
793100  2.05871e+06  0.06
794100  1.59639e+06  0.06
795100  1.59853e+06  0.06
796100  1.60043e+06  0.06
797100  1.60234e+06  0.06
798100  1.60448e+06  0.06
799100  1.60638e+06  0.06
800100  1.60829e+06  0.06
801100  1.61043e+06  0.06
802100  1.61234e+06  0.06
803100  1.61424e+06  0.06
804100  1.61638e+06  0.06
805100  1.61829e+06  0.06
806100  1.6202e+06  0.06
807100  1.62233e+06  0.06
808100  1.67498e+06  0.06
809100  1.67689e+06  0.06
810100  1.67902e+06  0.06
811100  1.68093e+06  0.06
812100  1.68284e+06  0.06
813100  1.68498e+06  0.06
814100  1.68688e+06  0.06
815100  1.68928e+06  0.06
816100  1.69142e+06  0.06
817100  1.69333e+06  0.06
818100  1.69523e+06  0.06
819100  1.69737e+06  0.06
820100  1.69928e+06  0.06
821100  1.70119e+06  0.06
822100  1.70332e+06  0.06
823100  1.70523e+06  0.06
824100  1.70714e+06  0.06
825100  1.70928e+06  0.06
826100  1.03689e+06  0.04
827100  1.03781e+06  0.04
828100  1.03897e+06  0.04
829100  1.03989e+06  0.04
830100  1.04082e+06  0.04
831100  1.04197e+06  0.04
832100  1.0429e+06  0.04
833100  1.04382e+06  0.04
834100  1.04498e+06  0.04
835100  1.0459e+06  0.04
836100  1.04682e+06  0.04
837100  1.04798e+06  0.04
838100  1.0489e+06  0.04
839100  1.04983e+06  0.04
840100  1.05098e+06  0.04
841100  1.05191e+06  0.04
842100  1.05283e+06  0.04
843100  1.05399e+06  0.04
844100  1.05491e+06  0.04
845100  1.05583e+06  0.04
846100  1.05676e+06  0.04
847100  1.05791e+06  0.04
848100  1.05884e+06  0.04
849100  1.05976e+06  0.04
850100  1.06092e+06  0.04
851100  1.06184e+06  0.04
852100  1.06276e+06  0.04
853100  1.06392e+06  0.04
854100  1.06484e+06  0.04
855100  1.06577e+06  0.04
856100  1.06692e+06  0.04
857100  1.06785e+06  0.04
858100  1.06877e+06  0.04
859100  1.06993e+06  0.04
860100  1.07085e+06  0.04
861100  1.07177e+06  0.04
862100  1.07293e+06  0.04
863100  1.07385e+06  0.04
864100  1.07478e+06  0.04
865100  1.07593e+06  0.04
866100  1.07686e+06  0.04
867100  1.07778e+06  0.04
868100  1.07894e+06  0.04
869100  1.07986e+06  0.04
870100  878759  0.04
871100  879914  0.04
872100  880838  0.04
873100  881762  0.04
874100  882917  0.04
875100  883842  0.04
876100  884766  0.04
877100  885921  0.04
878100  886845  0.04
879100  887769  0.04
880100  888924  0.04
881100  889848  0.04
882100  890772  0.04
883100  891927  0.04
884100  892851  0.04
885100  893775  0.04
886100  894930  0.04
887100  895854  0.04
888100  896779  0.04
889100  897934  0.04
890100  898858  0.04
891100  899782  0.04
892100  900937  0.04
893100  901861  0.04
894100  902785  0.04
895100  903940  0.04
896100  904864  0.04
897100  905788  0.04
898100  906943  0.04
899100  907867  0.04
900100  908791  0.04
901100  909947  0.04
902100  910871  0.04
903100  911795  0.04
904100  912950  0.04
905100  913874  0.04
906100  914798  0.04
907100  915953  0.04
908100  916877  0.04
909100  917801  0.04
910100  918956  0.04
911100  919880  0.04
912100  920804  0.04
913100  921959  0.04
914100  922884  0.04
915100  923808  0.04
916100  924732  0.04
917100  925887  0.04
918100  926811  0.04
919100  927735  0.04
920100  928890  0.04
921100  929814  0.04
922100  930738  0.04
923100  931893  0.04
924100  932817  0.04
925100  933741  0.04
926100  934896  0.04
927100  935821  0.04
928100  936745  0.04
929100  937900  0.04
930100  938824  0.04
931100  939748  0.04
932100  940903  0.04
933100  941827  0.04
934100  942751  0.04
935100  943906  0.04
936100  944830  0.04
937100  945754  0.04
938100  946909  0.04
939100  947833  0.04
940100  948758  0.04
941100  949913  0.04
942100  965403  0.04
943100  966327  0.04
944100  967482  0.04
945100  968406  0.04
946100  969330  0.04
947100  970485  0.04
948100  971409  0.04
949100  972333  0.04
950100  973488  0.04
951100  974413  0.04
952100  975337  0.04
953100  976492  0.04
954100  977416  0.04
955100  978340  0.04
956100  979495  0.04
957100  980419  0.04
958100  981343  0.04
959100  982498  0.04
960100  983422  0.04
961100  984346  0.04
962100  985501  0.04
963100  986425  0.04
964100  987350  0.04
965100  988505  0.04
966100  989429  0.04
967100  990353  0.04
968100  991508  0.04
969100  992432  0.04
970100  993356  0.04
971100  994511  0.04
972100  995435  0.04
973100  996359  0.04
974100  997514  0.04
975100  998438  0.04
976100  999362  0.04
977100  1.00052e+06  0.04
978100  1.00144e+06  0.04
979100  1.00237e+06  0.04
980100  1.00352e+06  0.04
981100  1.00444e+06  0.04
982100  1.00537e+06  0.04
983100  1.00652e+06  0.04
984100  1.00745e+06  0.04
985100  1.00837e+06  0.04
986100  1.00953e+06  0.04
987100  1.01045e+06  0.04
988100  1.01138e+06  0.04
989100  1.0123e+06  0.04
990100  1.05023e+06  0.04
991100  1.05115e+06  0.04
992100  1.05207e+06  0.04
993100  1.05323e+06  0.04
994100  1.05415e+06  0.04
995100  1.05508e+06  0.04
996100  1.05623e+06  0.04
997100  1.05716e+06  0.04
998100  1.05808e+06  0.04
999100  1.05924e+06  0.04
