100  3891.65  0.9
1100  25321.4  0.48
2100  21336.8  0.22
3100  28040.7  0.2
4100  24480.2  0.12
5100  37805.5  0.16
6100  56776.7  0.2
7100  42150.8  0.12
8100  46894.8  0.12
9100  43286.1  0.1
10100  47007.4  0.1
11100  51170.1  0.1
12100  42994  0.08
13100  45758.8  0.08
14100  48965.1  0.08
15100  51730  0.08
16100  38854.6  0.06
17100  40756.7  0.06
18100  39675.1  0.06
19100  42877.6  0.06
20100  44997.3  0.06
21100  46892.9  0.06
22100  88905.5  0.1
23100  51863.9  0.06
24100  53983.6  0.06
25100  58564.3  0.06
26100  64951.7  0.06
27100  67071.3  0.06
28100  170561  0.14
29100  234907  0.18
30100  212522  0.16
31100  65827.7  0.06
32100  90713.1  0.06
33100  120235  0.08
34100  123142  0.08
35100  126266  0.08
36100  129166  0.08
37100  132290  0.08
38100  135190  0.08
39100  158318  0.1
40100  162381  0.1
41100  123636  0.08
42100  105128  0.06
43100  95505  0.06
44100  134288  0.08
45100  92044.9  0.06
46100  94164.6  0.06
47100  188563  0.1
48100  100306  0.06
49100  102202  0.06
50100  104328  0.06
51100  106223  0.06
52100  108119  0.06
53100  167400  0.08
54100  170216  0.08
55100  173561  0.08
56100  120283  0.06
57100  114665  0.06
58100  116567  0.06
59100  118361  0.06
60100  120257  0.06
61100  122376  0.06
62100  124175  0.04
63100  125736  0.04
64100  126607  0.04
65100  127477  0.04
66100  128565  0.04
67100  129436  0.04
68100  130524  0.04
69100  131394  0.04
70100  132482  0.04
71100  133353  0.04
72100  134441  0.04
73100  135311  0.04
74100  136399  0.04
75100  137270  0.04
76100  138358  0.04
77100  139228  0.04
78100  140316  0.04
79100  141187  0.04
80100  142057  0.04
81100  143145  0.04
82100  144016  0.04
83100  145104  0.04
84100  145974  0.04
85100  147062  0.04
86100  147933  0.04
87100  149021  0.04
88100  149891  0.04
89100  121248  0.04
90100  122145  0.04
91100  123265  0.04
92100  124162  0.04
93100  125058  0.04
94100  126179  0.04
95100  386952  0.1
96100  391129  0.1
97100  394996  0.1
98100  399173  0.1
99100  402954  0.1
100100  407046  0.1
101100  410999  0.1
102100  415176  0.1
103100  415927  0.1
104100  420019  0.1
105100  423800  0.1
106100  427753  0.1
107100  431930  0.1
108100  435797  0.1
109100  439974  0.1
110100  634854  0.12
111100  639707  0.12
112100  644423  0.12
113100  649371  0.12
114100  654172  0.12
115100  659112  0.12
116100  469280  0.1
117100  473286  0.1
118100  477238  0.1
119100  481106  0.1
120100  485032  0.1
121100  488984  0.1
122100  493161  0.1
123100  496857  0.1
124100  501034  0.1
125100  504987  0.1
126100  509164  0.1
127100  513031  0.1
128100  517036  0.1
129100  520989  0.1
130100  525081  0.1
131100  529034  0.1
132100  532986  0.1
133100  537163  0.1
134100  540859  0.1
135100  545036  0.1
136100  548989  0.1
137100  642349  0.1
138100  646217  0.1
139100  292211  0.06
140100  294112  0.06
141100  296236  0.06
142100  298137  0.06
143100  300261  0.06
144100  302161  0.06
145100  304062  0.06
146100  306186  0.06
147100  445926  0.08
148100  304583  0.06
149100  306471  0.06
150100  308629  0.06
151100  310517  0.06
152100  312629  0.06
153100  314517  0.06
154100  316630  0.06
155100  318563  0.06
156100  325160  0.06
157100  327048  0.06
158100  328937  0.06
159100  331049  0.06
160100  332982  0.06
161100  335094  0.06
162100  336982  0.06
163100  339095  0.06
164100  340983  0.06
165100  343095  0.06
166100  474602  0.06
167100  476714  0.06
168100  478602  0.06
169100  458565  0.06
170100  460453  0.06
171100  462610  0.06
172100  464498  0.06
173100  466386  0.06
174100  468499  0.06
175100  703864  0.1
176100  708011  0.1
177100  711978  0.1
178100  716124  0.1
179100  720046  0.1
180100  728731  0.1
181100  732481  0.1
182100  736801  0.1
183100  740635  0.1
184100  744625  0.1
185100  748459  0.1
186100  938410  0.12
187100  943667  0.12
188100  948608  0.12
189100  953647  0.12
190100  958681  0.12
191100  955983  0.12
192100  960844  0.12
193100  966101  0.12
194100  970825  0.12
195100  976082  0.12
196100  980898  0.12
197100  986155  0.12
198100  991016  0.12
199100  995673  0.12
200100  1.00093e+06  0.12
201100  1.00575e+06  0.12
202100  1.02086e+06  0.12
203100  1.02589e+06  0.12
204100  1.03076e+06  0.12
205100  1.02552e+06  0.12
206100  1.03056e+06  0.12
207100  1.03559e+06  0.12
208100  1.04085e+06  0.12
209100  1.04566e+06  0.12
210100  1.05075e+06  0.12
211100  1.05547e+06  0.12
212100  1.06051e+06  0.12
213100  1.06576e+06  0.12
214100  1.07058e+06  0.12
215100  1.0756e+06  0.12
216100  1.08041e+06  0.12
217100  1.08558e+06  0.12
218100  1.09061e+06  0.12
219100  1.09565e+06  0.12
220100  1.10068e+06  0.12
221100  1.10555e+06  0.12
222100  1.11049e+06  0.12
223100  1.11575e+06  0.12
224100  1.12057e+06  0.12
225100  1.1256e+06  0.12
226100  1.13064e+06  0.12
227100  1.1355e+06  0.12
228100  1.14067e+06  0.12
229100  1.14548e+06  0.12
230100  1.08915e+06  0.1
231100  1.09296e+06  0.1
232100  1.09722e+06  0.1
233100  1.10107e+06  0.1
234100  1.10502e+06  0.1
235100  1.10905e+06  0.1
236100  1.11308e+06  0.1
237100  717031  0.08
238100  719872  0.08
239100  722892  0.08
240100  725904  0.08
241100  728924  0.08
242100  731936  0.08
243100  735173  0.08
244100  737797  0.08
245100  741034  0.08
246100  743829  0.08
247100  747066  0.08
248100  750078  0.08
249100  753098  0.08
250100  755939  0.08
251100  758734  0.08
252100  761971  0.08
253100  764983  0.08
254100  768003  0.08
255100  771015  0.08
256100  773863  0.08
257100  520725  0.06
258100  522875  0.06
259100  524801  0.06
260100  526951  0.06
261100  528877  0.06
262100  530856  0.06
263100  532782  0.06
264100  278206  0.04
265100  279102  0.04
266100  279999  0.04
267100  281119  0.04
268100  282016  0.04
269100  283136  0.04
270100  284032  0.04
271100  285153  0.04
272100  286049  0.04
273100  287170  0.04
274100  288066  0.04
275100  289187  0.04
276100  290083  0.04
277100  885552  0.08
278100  888501  0.08
279100  1.08525e+06  0.08
280100  1.08824e+06  0.08
281100  1.0911e+06  0.08
282100  1.0945e+06  0.08
283100  1.09736e+06  0.08
284100  1.10036e+06  0.08
285100  1.10322e+06  0.08
286100  1.1063e+06  0.08
287100  1.10948e+06  0.08
288100  764250  0.06
289100  766169  0.06
290100  768313  0.06
291100  770147  0.06
292100  772066  0.06
293100  774209  0.06
294100  776128  0.06
295100  778186  0.06
296100  595700  0.06
297100  597844  0.06
298100  599763  0.06
299100  601821  0.06
300100  603740  0.06
301100  611517  0.06
302100  613437  0.06
303100  615495  0.06
304100  617414  0.06
305100  619333  0.06
306100  621391  0.06
307100  640665  0.06
308100  642809  0.06
309100  644728  0.06
310100  868231  0.06
311100  870150  0.06
312100  872293  0.06
313100  874212  0.06
314100  876270  0.06
315100  878189  0.06
316100  880333  0.06
317100  882252  0.06
318100  884086  0.06
319100  886229  0.06
320100  888148  0.06
321100  890206  0.06
322100  892125  0.06
323100  894269  0.06
324100  896188  0.06
325100  898246  0.06
326100  900165  0.06
327100  902308  0.06
328100  904227  0.06
329100  906285  0.06
330100  908204  0.06
331100  910124  0.06
332100  912267  0.06
333100  914101  0.06
334100  916244  0.06
335100  918163  0.06
336100  920221  0.06
337100  922140  0.06
338100  924284  0.06
339100  926203  0.06
340100  928261  0.06
341100  930180  0.06
342100  932323  0.06
343100  934242  0.06
344100  936076  0.06
345100  938219  0.06
346100  940139  0.06
347100  942282  0.06
348100  944116  0.06
349100  946259  0.06
350100  948178  0.06
351100  950236  0.06
352100  952155  0.06
353100  954298  0.06
354100  956218  0.06
355100  958276  0.06
356100  716928  0.06
357100  718781  0.06
358100  720858  0.06
359100  722711  0.06
360100  725106  0.06
361100  726959  0.06
362100  729036  0.06
363100  730889  0.06
364100  732966  0.06
365100  734819  0.06
366100  736896  0.06
367100  738748  0.06
368100  741144  0.06
369100  742997  0.06
370100  745074  0.06
371100  746927  0.06
372100  748780  0.06
373100  750856  0.06
374100  752709  0.06
375100  755105  0.06
376100  756958  0.06
377100  759035  0.06
378100  760888  0.06
379100  762964  0.06
380100  764817  0.06
381100  766894  0.06
382100  769066  0.06
383100  771143  0.06
384100  772996  0.06
385100  774848  0.06
386100  776925  0.06
387100  778778  0.06
388100  780855  0.06
389100  782708  0.06
390100  785104  0.06
391100  786956  0.06
392100  789033  0.06
393100  790886  0.06
394100  792963  0.06
395100  794816  0.06
396100  796893  0.06
397100  799064  0.06
398100  800917  0.06
399100  802994  0.06
400100  804847  0.06
401100  806924  0.06
402100  808777  0.06
403100  810854  0.06
404100  813025  0.06
405100  815102  0.06
406100  816955  0.06
407100  819032  0.06
408100  820885  0.06
409100  822962  0.06
410100  824814  0.06
411100  826667  0.06
412100  829063  0.06
413100  830916  0.06
414100  832993  0.06
415100  834845  0.06
416100  836922  0.06
417100  838775  0.06
418100  840852  0.06
419100  843024  0.06
420100  845101  0.06
421100  846953  0.06
422100  849030  0.06
423100  850883  0.06
424100  852736  0.06
425100  854813  0.06
426100  856985  0.06
427100  859061  0.06
428100  860914  0.06
429100  862991  0.06
430100  864844  0.06
431100  866921  0.06
432100  868774  0.06
433100  870851  0.06
434100  873022  0.06
435100  875099  0.06
436100  876952  0.06
437100  878805  0.06
438100  880882  0.06
439100  882735  0.06
440100  884811  0.06
441100  886983  0.06
442100  889060  0.06
443100  890913  0.06
444100  892990  0.06
445100  894843  0.06
446100  896919  0.06
447100  898772  0.06
448100  901168  0.06
449100  903021  0.06
450100  904874  0.06
451100  906951  0.06
452100  908803  0.06
453100  910880  0.06
454100  912733  0.06
455100  915129  0.06
456100  916982  0.06
457100  919059  0.06
458100  920911  0.06
459100  922988  0.06
460100  924841  0.06
461100  926918  0.06
462100  928771  0.06
463100  931167  0.06
464100  933019  0.06
465100  934872  0.06
466100  1.02613e+06  0.06
467100  1.02799e+06  0.06
468100  1.03006e+06  0.06
469100  1.03192e+06  0.06
470100  1.03431e+06  0.06
471100  1.03616e+06  0.06
472100  1.03824e+06  0.06
473100  1.04009e+06  0.06
474100  1.42655e+06  0.08
475100  1.42935e+06  0.08
476100  1.48252e+06  0.08
477100  1.48523e+06  0.08
478100  1.48846e+06  0.08
479100  1.49161e+06  0.08
480100  1.49432e+06  0.08
481100  1.49747e+06  0.08
482100  1.50017e+06  0.08
483100  1.50363e+06  0.08
484100  1.50656e+06  0.08
485100  1.50949e+06  0.08
486100  1.51241e+06  0.08
487100  1.51534e+06  0.08
488100  1.51827e+06  0.08
489100  1.52173e+06  0.08
490100  1.52443e+06  0.08
491100  1.52736e+06  0.08
492100  1.53029e+06  0.08
493100  1.53321e+06  0.08
494100  1.53667e+06  0.08
495100  1.53938e+06  0.08
496100  1.54253e+06  0.08
497100  1.54524e+06  0.08
498100  1.54838e+06  0.08
499100  1.18623e+06  0.06
500100  1.18822e+06  0.06
501100  1.19021e+06  0.06
502100  1.1922e+06  0.06
503100  1.19418e+06  0.06
504100  1.19616e+06  0.06
505100  1.19815e+06  0.06
506100  1.20014e+06  0.06
507100  1.20213e+06  0.06
508100  1.20411e+06  0.06
509100  1.20632e+06  0.06
510100  1.20808e+06  0.06
511100  1.21029e+06  0.06
512100  1.21205e+06  0.06
513100  1.21426e+06  0.06
514100  1.21624e+06  0.06
515100  1.21823e+06  0.06
516100  1.22022e+06  0.06
517100  1.22198e+06  0.06
518100  1.03978e+06  0.06
519100  1.04177e+06  0.06
520100  1.04376e+06  0.06
521100  1.04574e+06  0.06
522100  1.04773e+06  0.06
523100  1.04971e+06  0.06
524100  1.05192e+06  0.06
525100  1.05369e+06  0.06
526100  1.05589e+06  0.06
527100  1.05766e+06  0.06
528100  1.05987e+06  0.06
529100  1.06185e+06  0.06
530100  1.06361e+06  0.06
531100  1.07146e+06  0.06
532100  1.07322e+06  0.06
533100  1.07543e+06  0.06
534100  1.07741e+06  0.06
535100  1.0794e+06  0.06
536100  1.08138e+06  0.06
537100  1.08337e+06  0.06
538100  1.08536e+06  0.06
539100  1.08756e+06  0.06
540100  1.08933e+06  0.06
541100  1.09154e+06  0.06
542100  1.0933e+06  0.06
543100  1.09529e+06  0.06
544100  1.09749e+06  0.06
545100  1.09926e+06  0.06
546100  1.10147e+06  0.06
547100  1.10323e+06  0.06
548100  1.12279e+06  0.06
549100  1.12478e+06  0.06
550100  1.12677e+06  0.06
551100  1.12875e+06  0.06
552100  1.13074e+06  0.06
553100  1.13272e+06  0.06
554100  1.35637e+06  0.06
555100  1.35814e+06  0.06
556100  1.36035e+06  0.06
557100  1.36233e+06  0.06
558100  1.3641e+06  0.06
559100  1.3663e+06  0.06
560100  1.36807e+06  0.06
561100  1.37027e+06  0.06
562100  1.37226e+06  0.06
563100  1.37425e+06  0.06
564100  1.37623e+06  0.06
565100  1.37822e+06  0.06
566100  1.3802e+06  0.06
567100  1.38241e+06  0.06
568100  1.38418e+06  0.06
569100  1.38638e+06  0.06
570100  1.38815e+06  0.06
571100  1.39013e+06  0.06
572100  1.39234e+06  0.06
573100  1.3941e+06  0.06
574100  1.39631e+06  0.06
575100  1.39808e+06  0.06
576100  1.40028e+06  0.06
577100  1.40227e+06  0.06
578100  1.40426e+06  0.06
579100  1.40624e+06  0.06
580100  1.40823e+06  0.06
581100  1.41021e+06  0.06
582100  1.41242e+06  0.06
583100  1.41419e+06  0.06
584100  1.41617e+06  0.06
585100  1.41816e+06  0.06
586100  1.42014e+06  0.06
587100  1.42235e+06  0.06
588100  1.42411e+06  0.06
589100  1.42632e+06  0.06
590100  1.42809e+06  0.06
591100  1.43029e+06  0.06
592100  1.43228e+06  0.06
593100  1.43427e+06  0.06
594100  1.43625e+06  0.06
595100  1.43824e+06  0.06
596100  1.44022e+06  0.06
597100  1.44221e+06  0.06
598100  1.4442e+06  0.06
599100  605636  0.04
600100  606756  0.04
601100  607653  0.04
602100  608773  0.04
603100  609670  0.04
604100  610790  0.04
605100  611687  0.04
606100  612807  0.04
607100  613703  0.04
608100  614824  0.04
609100  615720  0.04
610100  616617  0.04
611100  617737  0.04
612100  618634  0.04
613100  619754  0.04
614100  620650  0.04
615100  621771  0.04
616100  622667  0.04
617100  623788  0.04
618100  624684  0.04
619100  625805  0.04
620100  626701  0.04
621100  627822  0.04
622100  628718  0.04
623100  629614  0.04
624100  630735  0.04
625100  631631  0.04
626100  632752  0.04
627100  633648  0.04
628100  634769  0.04
629100  635665  0.04
630100  636786  0.04
631100  637682  0.04
632100  638802  0.04
633100  639699  0.04
634100  640819  0.04
635100  641716  0.04
636100  642612  0.04
637100  643733  0.04
638100  644629  0.04
639100  645749  0.04
640100  646646  0.04
641100  647766  0.04
642100  648663  0.04
643100  649783  0.04
644100  650680  0.04
645100  651800  0.04
646100  652696  0.04
647100  653817  0.04
648100  654713  0.04
649100  655834  0.04
650100  656730  0.04
651100  657627  0.04
652100  658747  0.04
653100  659643  0.04
654100  660764  0.04
655100  661660  0.04
656100  662781  0.04
657100  663677  0.04
658100  664798  0.04
659100  665694  0.04
660100  666815  0.04
661100  667711  0.04
662100  668832  0.04
663100  669728  0.04
664100  670624  0.04
665100  671745  0.04
666100  672641  0.04
667100  673762  0.04
668100  674658  0.04
669100  672577  0.04
670100  673474  0.04
671100  674594  0.04
672100  675491  0.04
673100  676611  0.04
674100  677507  0.04
675100  678628  0.04
676100  679524  0.04
677100  680421  0.04
678100  681541  0.04
679100  682438  0.04
680100  683558  0.04
681100  684454  0.04
682100  685575  0.04
683100  686471  0.04
684100  687592  0.04
685100  688488  0.04
686100  689609  0.04
687100  690505  0.04
688100  691626  0.04
689100  692522  0.04
690100  693418  0.04
691100  694539  0.04
692100  695435  0.04
693100  696556  0.04
694100  697452  0.04
695100  698573  0.04
696100  699469  0.04
697100  700590  0.04
698100  1.31852e+06  0.04
699100  1.31964e+06  0.04
700100  1.32053e+06  0.04
701100  1.32165e+06  0.04
702100  1.32255e+06  0.04
703100  1.32345e+06  0.04
704100  1.32457e+06  0.04
705100  1.32546e+06  0.04
706100  1.32658e+06  0.04
707100  1.32748e+06  0.04
708100  1.3286e+06  0.04
709100  1.3295e+06  0.04
710100  1.33062e+06  0.04
711100  1.33151e+06  0.04
712100  1.33263e+06  0.04
713100  1.33353e+06  0.04
714100  1.33465e+06  0.04
715100  1.33555e+06  0.04
716100  1.33644e+06  0.04
717100  1.33756e+06  0.04
718100  722738  0.04
719100  723858  0.04
720100  724754  0.04
721100  725875  0.04
722100  726771  0.04
723100  727892  0.04
724100  728788  0.04
725100  729909  0.04
726100  730805  0.04
727100  731926  0.04
728100  732822  0.04
729100  733718  0.04
730100  734839  0.04
731100  735735  0.04
732100  736856  0.04
733100  737752  0.04
734100  738873  0.04
735100  739769  0.04
736100  740889  0.04
737100  741786  0.04
738100  742906  0.04
739100  743803  0.04
740100  744923  0.04
741100  745820  0.04
742100  746716  0.04
743100  747836  0.04
744100  748733  0.04
745100  749853  0.04
746100  750750  0.04
747100  751870  0.04
748100  752767  0.04
749100  753887  0.04
750100  754784  0.04
751100  755904  0.04
752100  756800  0.04
753100  757921  0.04
754100  758817  0.04
755100  759938  0.04
756100  760834  0.04
757100  761731  0.04
758100  762851  0.04
759100  763747  0.04
760100  764868  0.04
761100  765764  0.04
762100  766885  0.04
763100  767781  0.04
764100  768902  0.04
765100  769798  0.04
766100  770919  0.04
767100  771815  0.04
768100  772935  0.04
769100  773832  0.04
770100  774728  0.04
771100  775849  0.04
772100  776745  0.04
773100  777866  0.04
774100  778762  0.04
775100  779882  0.04
776100  780779  0.04
777100  781899  0.04
778100  782796  0.04
779100  783916  0.04
780100  784813  0.04
781100  785933  0.04
782100  786830  0.04
783100  787726  0.04
784100  788846  0.04
785100  789743  0.04
786100  790863  0.04
787100  791760  0.04
788100  792880  0.04
789100  793777  0.04
790100  794897  0.04
791100  795793  0.04
792100  796914  0.04
793100  797810  0.04
794100  798931  0.04
795100  799827  0.04
796100  800724  0.04
797100  801844  0.04
798100  802740  0.04
799100  803861  0.04
800100  804757  0.04
801100  895062  0.04
802100  895958  0.04
803100  897078  0.04
804100  897975  0.04
805100  899095  0.04
806100  899992  0.04
807100  901112  0.04
808100  902009  0.04
809100  902905  0.04
810100  904025  0.04
811100  904922  0.04
812100  906042  0.04
813100  906939  0.04
814100  908059  0.04
815100  908956  0.04
816100  910076  0.04
817100  910973  0.04
818100  912093  0.04
819100  912989  0.04
820100  914110  0.04
821100  915006  0.04
822100  915903  0.04
823100  917023  0.04
824100  917920  0.04
825100  919040  0.04
826100  919936  0.04
827100  921057  0.04
828100  921953  0.04
829100  923074  0.04
830100  923970  0.04
831100  925091  0.04
832100  925987  0.04
833100  927108  0.04
834100  928004  0.04
835100  928900  0.04
836100  930021  0.04
837100  930917  0.04
838100  932038  0.04
839100  932934  0.04
840100  934055  0.04
841100  934951  0.04
842100  936071  0.04
843100  936968  0.04
844100  849860  0.04
845100  850757  0.04
846100  851877  0.04
847100  852774  0.04
848100  853894  0.04
849100  854791  0.04
850100  855687  0.04
851100  856807  0.04
852100  857704  0.04
853100  858824  0.04
854100  859721  0.04
855100  860841  0.04
856100  861738  0.04
857100  862858  0.04
858100  863754  0.04
859100  864875  0.04
860100  865771  0.04
861100  866892  0.04
862100  867788  0.04
863100  868685  0.04
864100  869805  0.04
865100  870702  0.04
866100  871822  0.04
867100  872718  0.04
868100  873839  0.04
869100  874735  0.04
870100  875856  0.04
871100  876752  0.04
872100  877873  0.04
873100  878769  0.04
874100  879890  0.04
875100  880786  0.04
876100  881682  0.04
877100  882803  0.04
878100  883699  0.04
879100  884820  0.04
880100  885716  0.04
881100  886837  0.04
882100  887733  0.04
883100  888853  0.04
884100  889750  0.04
885100  890870  0.04
886100  891767  0.04
887100  892887  0.04
888100  893784  0.04
889100  894680  0.04
890100  895800  0.04
891100  896697  0.04
892100  897817  0.04
893100  898714  0.04
894100  899834  0.04
895100  900731  0.04
896100  901851  0.04
897100  902748  0.04
898100  903868  0.04
899100  904764  0.04
900100  905885  0.04
901100  906781  0.04
902100  907678  0.04
903100  908798  0.04
904100  909695  0.04
905100  910815  0.04
906100  911711  0.04
907100  912832  0.04
908100  913728  0.04
909100  914849  0.04
910100  915745  0.04
911100  916866  0.04
912100  917762  0.04
913100  918883  0.04
914100  922464  0.04
915100  923360  0.04
916100  924481  0.04
917100  925377  0.04
918100  926498  0.04
919100  927394  0.04
920100  928515  0.04
921100  929411  0.04
922100  930532  0.04
923100  931428  0.04
924100  932548  0.04
925100  933445  0.04
926100  934565  0.04
927100  935462  0.04
928100  936358  0.04
929100  937479  0.04
930100  938375  0.04
931100  939496  0.04
932100  940392  0.04
933100  941512  0.04
934100  942409  0.04
935100  943529  0.04
936100  944426  0.04
937100  945546  0.04
938100  946443  0.04
939100  947563  0.04
940100  948459  0.04
941100  949580  0.04
942100  950476  0.04
943100  951373  0.04
944100  952493  0.04
945100  953390  0.04
946100  954510  0.04
947100  955406  0.04
948100  956527  0.04
949100  957423  0.04
950100  958544  0.04
951100  959440  0.04
952100  960561  0.04
953100  961457  0.04
954100  962578  0.04
955100  963474  0.04
956100  964370  0.04
957100  965491  0.04
958100  966387  0.04
959100  967508  0.04
960100  968404  0.04
961100  974010  0.04
962100  974906  0.04
963100  976027  0.04
964100  976923  0.04
965100  978044  0.04
966100  978940  0.04
967100  980061  0.04
968100  980957  0.04
969100  981853  0.04
970100  982974  0.04
971100  983870  0.04
972100  984991  0.04
973100  985887  0.04
974100  987008  0.04
975100  987904  0.04
976100  989024  0.04
977100  989921  0.04
978100  991041  0.04
979100  991938  0.04
980100  993058  0.04
981100  993955  0.04
982100  994851  0.04
983100  995972  0.04
984100  996868  0.04
985100  997988  0.04
986100  998885  0.04
987100  1.00001e+06  0.04
988100  1.0009e+06  0.04
989100  1.00202e+06  0.04
990100  1.00292e+06  0.04
991100  1.00404e+06  0.04
992100  1.00494e+06  0.04
993100  1.00606e+06  0.04
994100  1.00695e+06  0.04
995100  1.00785e+06  0.04
996100  1.00897e+06  0.04
997100  1.00987e+06  0.04
998100  1.01099e+06  0.04
999100  1.01188e+06  0.04
