100  4663.39  1
1100  17964.6  0.34
2100  19370.2  0.2
3100  9294.45  0.06
4100  20430.2  0.1
5100  20261.1  0.08
6100  30864.5  0.12
7100  20472.6  0.06
8100  52849.9  0.14
9100  81661.9  0.18
10100  16368.7  0.04
11100  66340.7  0.12
12100  67286.1  0.12
13100  68787.4  0.12
14100  63038.5  0.1
15100  66464.8  0.1
16100  70421.6  0.1
17100  72324.6  0.1
18100  90612.9  0.1
19100  42639.6  0.06
20100  24461.8  0.04
21100  25461.5  0.04
22100  26461.2  0.04
23100  27461  0.04
24100  28460.7  0.04
25100  29460.4  0.04
26100  47240.2  0.04
27100  48239.9  0.04
28100  49239.6  0.04
29100  50239.3  0.04
30100  51239.1  0.04
31100  52238.8  0.04
32100  53238.5  0.04
33100  54238.2  0.04
34100  50488.4  0.04
35100  51488.1  0.04
36100  52487.8  0.04
37100  53487.5  0.04
38100  54487.2  0.04
39100  55487  0.04
40100  56486.7  0.04
41100  57486.4  0.04
42100  58486.1  0.04
43100  56858.1  0.04
44100  57857.9  0.04
45100  58857.6  0.04
46100  59857.3  0.04
47100  60857  0.04
48100  62199.3  0.04
49100  63199  0.04
50100  59868.9  0.04
51100  110354  0.06
52100  112480  0.06
53100  114604  0.06
54100  116444  0.06
55100  118565  0.06
56100  120406  0.06
57100  65372.7  0.04
58100  66372.4  0.04
59100  67372.1  0.04
60100  93538.1  0.04
61100  94537.8  0.04
62100  95537.5  0.04
63100  96537.2  0.04
64100  97537  0.04
65100  68492.8  0.04
66100  69492.5  0.04
67100  70492.2  0.04
68100  210495  0.08
69100  213499  0.08
70100  216507  0.08
71100  217119  0.08
72100  75235.1  0.04
73100  149971  0.06
74100  151962  0.06
75100  88186.7  0.04
76100  89186.4  0.04
77100  90186.1  0.04
78100  166946  0.06
79100  243909  0.08
80100  246984  0.08
81100  215917  0.06
82100  95512.4  0.04
83100  93851.2  0.04
84100  94850.9  0.04
85100  95850.6  0.04
86100  96850.3  0.04
87100  97850.1  0.04
88100  98849.8  0.04
89100  99849.5  0.04
90100  100849  0.04
91100  101849  0.04
92100  102849  0.04
93100  103848  0.04
94100  104848  0.04
95100  105848  0.04
96100  106848  0.04
97100  107847  0.04
98100  108847  0.04
99100  303538  0.08
100100  306419  0.08
101100  309301  0.08
102100  312498  0.08
103100  109892  0.04
104100  110892  0.04
105100  111891  0.04
106100  112891  0.04
107100  118933  0.04
108100  172501  0.04
109100  173500  0.04
110100  113320  0.04
111100  114320  0.04
112100  115320  0.04
113100  116319  0.04
114100  120767  0.04
115100  121767  0.04
116100  122767  0.04
117100  123766  0.04
118100  124766  0.04
119100  291932  0.06
120100  246256  0.06
121100  127232  0.04
122100  128232  0.04
123100  129231  0.04
124100  130231  0.04
125100  131231  0.04
126100  132246  0.04
127100  133246  0.04
128100  134246  0.04
129100  135246  0.04
130100  136245  0.04
131100  137245  0.04
132100  138245  0.04
133100  136868  0.04
134100  137868  0.04
135100  138868  0.04
136100  139867  0.04
137100  140867  0.04
138100  141867  0.04
139100  142867  0.04
140100  333966  0.06
141100  335860  0.06
142100  284130  0.04
143100  286123  0.04
144100  222553  0.04
145100  223552  0.04
146100  224552  0.04
147100  200816  0.04
148100  201815  0.04
149100  202815  0.04
150100  203815  0.04
151100  204814  0.04
152100  205814  0.04
153100  206814  0.04
154100  207814  0.04
155100  155100  0.02
156100  156099  0.02
157100  157099  0.02
158100  157448  0.02
159100  157448  0.02
160100  157448  0.02
161100  157448  0.02
162100  157448  0.02
163100  157448  0.02
164100  157448  0.02
165100  157448  0.02
166100  157448  0.02
167100  157448  0.02
168100  157448  0.02
169100  157448  0.02
170100  157448  0.02
171100  157448  0.02
172100  157448  0.02
173100  157448  0.02
174100  157448  0.02
175100  157448  0.02
176100  157448  0.02
177100  157448  0.02
178100  157448  0.02
179100  157448  0.02
180100  157448  0.02
181100  157448  0.02
182100  157448  0.02
183100  157448  0.02
184100  157448  0.02
185100  157448  0.02
186100  157448  0.02
187100  157448  0.02
188100  157448  0.02
189100  157448  0.02
190100  157448  0.02
191100  157448  0.02
192100  157448  0.02
193100  157448  0.02
194100  157448  0.02
195100  157448  0.02
196100  157448  0.02
197100  157448  0.02
198100  157448  0.02
199100  157448  0.02
200100  157448  0.02
201100  157448  0.02
202100  157448  0.02
203100  157448  0.02
204100  157448  0.02
205100  157448  0.02
206100  157448  0.02
207100  157448  0.02
208100  157448  0.02
209100  157448  0.02
210100  157448  0.02
211100  157448  0.02
212100  157448  0.02
213100  157448  0.02
214100  157448  0.02
215100  157448  0.02
216100  157448  0.02
217100  157448  0.02
218100  157448  0.02
219100  157448  0.02
220100  157448  0.02
221100  157448  0.02
222100  157448  0.02
223100  157448  0.02
224100  157448  0.02
225100  157448  0.02
226100  157448  0.02
227100  157448  0.02
228100  157448  0.02
229100  157448  0.02
230100  157448  0.02
231100  157448  0.02
232100  157448  0.02
233100  157448  0.02
234100  157448  0.02
235100  157448  0.02
236100  157448  0.02
237100  157448  0.02
238100  157448  0.02
239100  157448  0.02
240100  157448  0.02
241100  157448  0.02
242100  157448  0.02
243100  157448  0.02
244100  157448  0.02
245100  157448  0.02
246100  157448  0.02
247100  157448  0.02
248100  157448  0.02
249100  157448  0.02
250100  157448  0.02
251100  157448  0.02
252100  157448  0.02
253100  157448  0.02
254100  157448  0.02
255100  157448  0.02
256100  157448  0.02
257100  157448  0.02
258100  157448  0.02
259100  157448  0.02
260100  157448  0.02
261100  157448  0.02
262100  157448  0.02
263100  157448  0.02
264100  157448  0.02
265100  157448  0.02
266100  157448  0.02
267100  157448  0.02
268100  157448  0.02
269100  157448  0.02
270100  157448  0.02
271100  157448  0.02
272100  157448  0.02
273100  157448  0.02
274100  157448  0.02
275100  157448  0.02
276100  157448  0.02
277100  157448  0.02
278100  157448  0.02
279100  157448  0.02
280100  157448  0.02
281100  157448  0.02
282100  157448  0.02
283100  157448  0.02
284100  157448  0.02
285100  157448  0.02
286100  157448  0.02
287100  157448  0.02
288100  157448  0.02
289100  157448  0.02
290100  157448  0.02
291100  157448  0.02
292100  157448  0.02
293100  157448  0.02
294100  157448  0.02
295100  157448  0.02
296100  157448  0.02
297100  157448  0.02
298100  157448  0.02
299100  157448  0.02
300100  157448  0.02
301100  157448  0.02
302100  157448  0.02
303100  157448  0.02
304100  157448  0.02
305100  157448  0.02
306100  157448  0.02
307100  157448  0.02
308100  157448  0.02
309100  157448  0.02
310100  157448  0.02
311100  157448  0.02
312100  157448  0.02
313100  157448  0.02
314100  157448  0.02
315100  157448  0.02
316100  157448  0.02
317100  157448  0.02
318100  157448  0.02
319100  157448  0.02
320100  157448  0.02
321100  157448  0.02
322100  157448  0.02
323100  157448  0.02
324100  157448  0.02
325100  157448  0.02
326100  157448  0.02
327100  157448  0.02
328100  157448  0.02
329100  157448  0.02
330100  157448  0.02
331100  157448  0.02
332100  157448  0.02
333100  157448  0.02
334100  157448  0.02
335100  157448  0.02
336100  157448  0.02
337100  157448  0.02
338100  157448  0.02
339100  157448  0.02
340100  157448  0.02
341100  157448  0.02
342100  157448  0.02
343100  157448  0.02
344100  157448  0.02
345100  157448  0.02
346100  157448  0.02
347100  157448  0.02
348100  157448  0.02
349100  157448  0.02
350100  157448  0.02
351100  157448  0.02
352100  157448  0.02
353100  157448  0.02
354100  157448  0.02
355100  157448  0.02
356100  157448  0.02
357100  157448  0.02
358100  157448  0.02
359100  157448  0.02
360100  157448  0.02
361100  157448  0.02
362100  157448  0.02
363100  157448  0.02
364100  157448  0.02
365100  157448  0.02
366100  157448  0.02
367100  157448  0.02
368100  157448  0.02
369100  157448  0.02
370100  157448  0.02
371100  157448  0.02
372100  157448  0.02
373100  157448  0.02
374100  157448  0.02
375100  157448  0.02
376100  157448  0.02
377100  157448  0.02
378100  157448  0.02
379100  157448  0.02
380100  157448  0.02
381100  157448  0.02
382100  157448  0.02
383100  157448  0.02
384100  157448  0.02
385100  157448  0.02
386100  157448  0.02
387100  157448  0.02
388100  157448  0.02
389100  157448  0.02
390100  157448  0.02
391100  157448  0.02
392100  157448  0.02
393100  157448  0.02
394100  157448  0.02
395100  157448  0.02
396100  157448  0.02
397100  157448  0.02
398100  157448  0.02
399100  157448  0.02
400100  157448  0.02
401100  157448  0.02
402100  157448  0.02
403100  157448  0.02
404100  157448  0.02
405100  157448  0.02
406100  157448  0.02
407100  157448  0.02
408100  157448  0.02
409100  157448  0.02
410100  157448  0.02
411100  157448  0.02
412100  157448  0.02
413100  157448  0.02
414100  157448  0.02
415100  157448  0.02
416100  157448  0.02
417100  157448  0.02
418100  157448  0.02
419100  157448  0.02
420100  157448  0.02
421100  157448  0.02
422100  157448  0.02
423100  157448  0.02
424100  157448  0.02
425100  157448  0.02
426100  157448  0.02
427100  157448  0.02
428100  157448  0.02
429100  157448  0.02
430100  157448  0.02
431100  157448  0.02
432100  157448  0.02
433100  157448  0.02
434100  157448  0.02
435100  157448  0.02
436100  157448  0.02
437100  157448  0.02
438100  157448  0.02
439100  157448  0.02
440100  157448  0.02
441100  157448  0.02
442100  157448  0.02
443100  157448  0.02
444100  157448  0.02
445100  157448  0.02
446100  157448  0.02
447100  157448  0.02
448100  157448  0.02
449100  157448  0.02
450100  157448  0.02
451100  157448  0.02
452100  157448  0.02
453100  157448  0.02
454100  157448  0.02
455100  157448  0.02
456100  157448  0.02
457100  157448  0.02
458100  157448  0.02
459100  157448  0.02
460100  157448  0.02
461100  157448  0.02
462100  157448  0.02
463100  157448  0.02
464100  157448  0.02
465100  157448  0.02
466100  157448  0.02
467100  157448  0.02
468100  157448  0.02
469100  157448  0.02
470100  157448  0.02
471100  157448  0.02
472100  157448  0.02
473100  157448  0.02
474100  157448  0.02
475100  157448  0.02
476100  157448  0.02
477100  157448  0.02
478100  157448  0.02
479100  157448  0.02
480100  157448  0.02
481100  157448  0.02
482100  157448  0.02
483100  157448  0.02
484100  157448  0.02
485100  157448  0.02
486100  157448  0.02
487100  157448  0.02
488100  157448  0.02
489100  157448  0.02
490100  157448  0.02
491100  157448  0.02
492100  157448  0.02
493100  157448  0.02
494100  157448  0.02
495100  157448  0.02
496100  157448  0.02
497100  157448  0.02
498100  157448  0.02
499100  157448  0.02
500100  157448  0.02
501100  157448  0.02
502100  157448  0.02
503100  157448  0.02
504100  157448  0.02
505100  157448  0.02
506100  157448  0.02
507100  157448  0.02
508100  157448  0.02
509100  157448  0.02
510100  157448  0.02
511100  157448  0.02
512100  157448  0.02
513100  157448  0.02
514100  157448  0.02
515100  157448  0.02
516100  157448  0.02
517100  157448  0.02
518100  157448  0.02
519100  157448  0.02
520100  157448  0.02
521100  157448  0.02
522100  157448  0.02
523100  157448  0.02
524100  157448  0.02
525100  157448  0.02
526100  157448  0.02
527100  157448  0.02
528100  157448  0.02
529100  157448  0.02
530100  157448  0.02
531100  157448  0.02
532100  157448  0.02
533100  157448  0.02
534100  157448  0.02
535100  157448  0.02
536100  157448  0.02
537100  157448  0.02
538100  157448  0.02
539100  157448  0.02
540100  157448  0.02
541100  157448  0.02
542100  157448  0.02
543100  157448  0.02
544100  157448  0.02
545100  157448  0.02
546100  157448  0.02
547100  157448  0.02
548100  157448  0.02
549100  157448  0.02
550100  157448  0.02
551100  157448  0.02
552100  157448  0.02
553100  157448  0.02
554100  157448  0.02
555100  157448  0.02
556100  157448  0.02
557100  157448  0.02
558100  157448  0.02
559100  157448  0.02
560100  157448  0.02
561100  157448  0.02
562100  157448  0.02
563100  157448  0.02
564100  157448  0.02
565100  157448  0.02
566100  157448  0.02
567100  157448  0.02
568100  157448  0.02
569100  157448  0.02
570100  157448  0.02
571100  157448  0.02
572100  157448  0.02
573100  157448  0.02
574100  157448  0.02
575100  157448  0.02
576100  157448  0.02
577100  157448  0.02
578100  157448  0.02
579100  157448  0.02
580100  157448  0.02
581100  157448  0.02
582100  157448  0.02
583100  157448  0.02
584100  157448  0.02
585100  157448  0.02
586100  157448  0.02
587100  157448  0.02
588100  157448  0.02
589100  157448  0.02
590100  157448  0.02
591100  157448  0.02
592100  157448  0.02
593100  157448  0.02
594100  157448  0.02
595100  157448  0.02
596100  157448  0.02
597100  157448  0.02
598100  157448  0.02
599100  157448  0.02
600100  157448  0.02
601100  157448  0.02
602100  157448  0.02
603100  157448  0.02
604100  157448  0.02
605100  157448  0.02
606100  157448  0.02
607100  157448  0.02
608100  157448  0.02
609100  157448  0.02
610100  157448  0.02
611100  157448  0.02
612100  157448  0.02
613100  157448  0.02
614100  157448  0.02
615100  157448  0.02
616100  157448  0.02
617100  157448  0.02
618100  157448  0.02
619100  157448  0.02
620100  157448  0.02
621100  157448  0.02
622100  157448  0.02
623100  157448  0.02
624100  157448  0.02
625100  157448  0.02
626100  157448  0.02
627100  157448  0.02
628100  157448  0.02
629100  157448  0.02
630100  157448  0.02
631100  157448  0.02
632100  157448  0.02
633100  157448  0.02
634100  157448  0.02
635100  157448  0.02
636100  157448  0.02
637100  157448  0.02
638100  157448  0.02
639100  157448  0.02
640100  157448  0.02
641100  157448  0.02
642100  157448  0.02
643100  157448  0.02
644100  157448  0.02
645100  157448  0.02
646100  157448  0.02
647100  157448  0.02
648100  157448  0.02
649100  157448  0.02
650100  157448  0.02
651100  157448  0.02
652100  157448  0.02
653100  157448  0.02
654100  157448  0.02
655100  157448  0.02
656100  157448  0.02
657100  157448  0.02
658100  157448  0.02
659100  157448  0.02
660100  157448  0.02
661100  157448  0.02
662100  157448  0.02
663100  157448  0.02
664100  157448  0.02
665100  157448  0.02
666100  157448  0.02
667100  157448  0.02
668100  157448  0.02
669100  157448  0.02
670100  157448  0.02
671100  157448  0.02
672100  157448  0.02
673100  157448  0.02
674100  157448  0.02
675100  157448  0.02
676100  157448  0.02
677100  157448  0.02
678100  157448  0.02
679100  157448  0.02
680100  157448  0.02
681100  157448  0.02
682100  157448  0.02
683100  157448  0.02
684100  157448  0.02
685100  157448  0.02
686100  157448  0.02
687100  157448  0.02
688100  157448  0.02
689100  157448  0.02
690100  157448  0.02
691100  157448  0.02
692100  157448  0.02
693100  157448  0.02
694100  157448  0.02
695100  157448  0.02
696100  157448  0.02
697100  157448  0.02
698100  157448  0.02
699100  157448  0.02
700100  157448  0.02
701100  157448  0.02
702100  157448  0.02
703100  157448  0.02
704100  157448  0.02
705100  157448  0.02
706100  157448  0.02
707100  157448  0.02
708100  157448  0.02
709100  157448  0.02
710100  157448  0.02
711100  157448  0.02
712100  157448  0.02
713100  157448  0.02
714100  157448  0.02
715100  157448  0.02
716100  157448  0.02
717100  157448  0.02
718100  157448  0.02
719100  157448  0.02
720100  157448  0.02
721100  157448  0.02
722100  157448  0.02
723100  157448  0.02
724100  157448  0.02
725100  157448  0.02
726100  157448  0.02
727100  157448  0.02
728100  157448  0.02
729100  157448  0.02
730100  157448  0.02
731100  157448  0.02
732100  157448  0.02
733100  157448  0.02
734100  157448  0.02
735100  157448  0.02
736100  157448  0.02
737100  157448  0.02
738100  157448  0.02
739100  157448  0.02
740100  157448  0.02
741100  157448  0.02
742100  157448  0.02
743100  157448  0.02
744100  157448  0.02
745100  157448  0.02
746100  157448  0.02
747100  157448  0.02
748100  157448  0.02
749100  157448  0.02
750100  157448  0.02
751100  157448  0.02
752100  157448  0.02
753100  157448  0.02
754100  157448  0.02
755100  157448  0.02
756100  157448  0.02
757100  157448  0.02
758100  157448  0.02
759100  157448  0.02
760100  157448  0.02
761100  157448  0.02
762100  157448  0.02
763100  157448  0.02
764100  157448  0.02
765100  157448  0.02
766100  157448  0.02
767100  157448  0.02
768100  157448  0.02
769100  157448  0.02
770100  157448  0.02
771100  157448  0.02
772100  157448  0.02
773100  157448  0.02
774100  157448  0.02
775100  157448  0.02
776100  157448  0.02
777100  157448  0.02
778100  157448  0.02
779100  157448  0.02
780100  157448  0.02
781100  157448  0.02
782100  157448  0.02
783100  157448  0.02
784100  157448  0.02
785100  157448  0.02
786100  157448  0.02
787100  157448  0.02
788100  157448  0.02
789100  157448  0.02
790100  157448  0.02
791100  157448  0.02
792100  157448  0.02
793100  157448  0.02
794100  157448  0.02
795100  157448  0.02
796100  157448  0.02
797100  157448  0.02
798100  157448  0.02
799100  157448  0.02
800100  157448  0.02
801100  157448  0.02
802100  157448  0.02
803100  157448  0.02
804100  157448  0.02
805100  157448  0.02
806100  157448  0.02
807100  157448  0.02
808100  157448  0.02
809100  157448  0.02
810100  157448  0.02
811100  157448  0.02
812100  157448  0.02
813100  157448  0.02
814100  157448  0.02
815100  157448  0.02
816100  157448  0.02
817100  157448  0.02
818100  157448  0.02
819100  157448  0.02
820100  157448  0.02
821100  157448  0.02
822100  157448  0.02
823100  157448  0.02
824100  157448  0.02
825100  157448  0.02
826100  157448  0.02
827100  157448  0.02
828100  157448  0.02
829100  157448  0.02
830100  157448  0.02
831100  157448  0.02
832100  157448  0.02
833100  157448  0.02
834100  157448  0.02
835100  157448  0.02
836100  157448  0.02
837100  157448  0.02
838100  157448  0.02
839100  157448  0.02
840100  157448  0.02
841100  157448  0.02
842100  157448  0.02
843100  157448  0.02
844100  157448  0.02
845100  157448  0.02
846100  157448  0.02
847100  157448  0.02
848100  157448  0.02
849100  157448  0.02
850100  157448  0.02
851100  157448  0.02
852100  157448  0.02
853100  157448  0.02
854100  157448  0.02
855100  157448  0.02
856100  157448  0.02
857100  157448  0.02
858100  157448  0.02
859100  157448  0.02
860100  157448  0.02
861100  157448  0.02
862100  157448  0.02
863100  157448  0.02
864100  157448  0.02
865100  157448  0.02
866100  157448  0.02
867100  157448  0.02
868100  157448  0.02
869100  157448  0.02
870100  157448  0.02
871100  157448  0.02
872100  157448  0.02
873100  157448  0.02
874100  157448  0.02
875100  157448  0.02
876100  157448  0.02
877100  157448  0.02
878100  157448  0.02
879100  157448  0.02
880100  157448  0.02
881100  157448  0.02
882100  157448  0.02
883100  157448  0.02
884100  157448  0.02
885100  157448  0.02
886100  157448  0.02
887100  157448  0.02
888100  157448  0.02
889100  157448  0.02
890100  157448  0.02
891100  157448  0.02
892100  157448  0.02
893100  157448  0.02
894100  157448  0.02
895100  157448  0.02
896100  157448  0.02
897100  157448  0.02
898100  157448  0.02
899100  157448  0.02
900100  157448  0.02
901100  157448  0.02
902100  157448  0.02
903100  157448  0.02
904100  157448  0.02
905100  157448  0.02
906100  157448  0.02
907100  157448  0.02
908100  157448  0.02
909100  157448  0.02
910100  157448  0.02
911100  157448  0.02
912100  157448  0.02
913100  157448  0.02
914100  157448  0.02
915100  157448  0.02
916100  157448  0.02
917100  157448  0.02
918100  157448  0.02
919100  157448  0.02
920100  157448  0.02
921100  157448  0.02
922100  157448  0.02
923100  157448  0.02
924100  157448  0.02
925100  157448  0.02
926100  157448  0.02
927100  157448  0.02
928100  157448  0.02
929100  157448  0.02
930100  157448  0.02
931100  157448  0.02
932100  157448  0.02
933100  157448  0.02
934100  157448  0.02
935100  157448  0.02
936100  157448  0.02
937100  157448  0.02
938100  157448  0.02
939100  157448  0.02
940100  157448  0.02
941100  157448  0.02
942100  157448  0.02
943100  157448  0.02
944100  157448  0.02
945100  157448  0.02
946100  157448  0.02
947100  157448  0.02
948100  157448  0.02
949100  157448  0.02
950100  157448  0.02
951100  157448  0.02
952100  157448  0.02
953100  157448  0.02
954100  157448  0.02
955100  157448  0.02
956100  157448  0.02
957100  157448  0.02
958100  157448  0.02
959100  157448  0.02
960100  157448  0.02
961100  157448  0.02
962100  157448  0.02
963100  157448  0.02
964100  157448  0.02
965100  157448  0.02
966100  157448  0.02
967100  157448  0.02
968100  157448  0.02
969100  157448  0.02
970100  157448  0.02
971100  157448  0.02
972100  157448  0.02
973100  157448  0.02
974100  157448  0.02
975100  157448  0.02
976100  157448  0.02
977100  157448  0.02
978100  157448  0.02
979100  157448  0.02
980100  157448  0.02
981100  157448  0.02
982100  157448  0.02
983100  157448  0.02
984100  157448  0.02
985100  157448  0.02
986100  157448  0.02
987100  157448  0.02
988100  157448  0.02
989100  157448  0.02
990100  157448  0.02
991100  157448  0.02
992100  157448  0.02
993100  157448  0.02
994100  157448  0.02
995100  157448  0.02
996100  157448  0.02
997100  157448  0.02
998100  157448  0.02
999100  157448  0.02
