100  4231.11  0.9
1100  10482.6  0.2
2100  29420.1  0.28
3100  14763.6  0.1
4100  7025  0.04
5100  4627.76  0.02
6100  4627.76  0.02
7100  4627.76  0.02
8100  4627.76  0.02
9100  4627.76  0.02
10100  4627.76  0.02
11100  4627.76  0.02
12100  4627.76  0.02
13100  4627.76  0.02
14100  4627.76  0.02
15100  4627.76  0.02
16100  4627.76  0.02
17100  4627.76  0.02
18100  4627.76  0.02
19100  4627.76  0.02
20100  4627.76  0.02
21100  4627.76  0.02
22100  4627.76  0.02
23100  4627.76  0.02
24100  4627.76  0.02
25100  4627.76  0.02
26100  4627.76  0.02
27100  4627.76  0.02
28100  4627.76  0.02
29100  4627.76  0.02
30100  4627.76  0.02
31100  4627.76  0.02
32100  4627.76  0.02
33100  4627.76  0.02
34100  4627.76  0.02
35100  4627.76  0.02
36100  4627.76  0.02
37100  4627.76  0.02
38100  4627.76  0.02
39100  4627.76  0.02
40100  4627.76  0.02
41100  4627.76  0.02
42100  4627.76  0.02
43100  4627.76  0.02
44100  4627.76  0.02
45100  4627.76  0.02
46100  4627.76  0.02
47100  4627.76  0.02
48100  4627.76  0.02
49100  4627.76  0.02
50100  4627.76  0.02
51100  4627.76  0.02
52100  4627.76  0.02
53100  4627.76  0.02
54100  4627.76  0.02
55100  4627.76  0.02
56100  4627.76  0.02
57100  4627.76  0.02
58100  4627.76  0.02
59100  4627.76  0.02
60100  4627.76  0.02
61100  4627.76  0.02
62100  4627.76  0.02
63100  4627.76  0.02
64100  4627.76  0.02
65100  4627.76  0.02
66100  4627.76  0.02
67100  4627.76  0.02
68100  4627.76  0.02
69100  4627.76  0.02
70100  4627.76  0.02
71100  4627.76  0.02
72100  4627.76  0.02
73100  4627.76  0.02
74100  4627.76  0.02
75100  4627.76  0.02
76100  4627.76  0.02
77100  4627.76  0.02
78100  4627.76  0.02
79100  4627.76  0.02
80100  4627.76  0.02
81100  4627.76  0.02
82100  4627.76  0.02
83100  4627.76  0.02
84100  4627.76  0.02
85100  4627.76  0.02
86100  4627.76  0.02
87100  4627.76  0.02
88100  4627.76  0.02
89100  4627.76  0.02
90100  4627.76  0.02
91100  4627.76  0.02
92100  4627.76  0.02
93100  4627.76  0.02
94100  4627.76  0.02
95100  4627.76  0.02
96100  4627.76  0.02
97100  4627.76  0.02
98100  4627.76  0.02
99100  4627.76  0.02
100100  4627.76  0.02
101100  4627.76  0.02
102100  4627.76  0.02
103100  4627.76  0.02
104100  4627.76  0.02
105100  4627.76  0.02
106100  4627.76  0.02
107100  4627.76  0.02
108100  4627.76  0.02
109100  4627.76  0.02
110100  4627.76  0.02
111100  4627.76  0.02
112100  4627.76  0.02
113100  4627.76  0.02
114100  4627.76  0.02
115100  4627.76  0.02
116100  4627.76  0.02
117100  4627.76  0.02
118100  4627.76  0.02
119100  4627.76  0.02
120100  4627.76  0.02
121100  4627.76  0.02
122100  4627.76  0.02
123100  4627.76  0.02
124100  4627.76  0.02
125100  4627.76  0.02
126100  4627.76  0.02
127100  4627.76  0.02
128100  4627.76  0.02
129100  4627.76  0.02
130100  4627.76  0.02
131100  4627.76  0.02
132100  4627.76  0.02
133100  4627.76  0.02
134100  4627.76  0.02
135100  4627.76  0.02
136100  4627.76  0.02
137100  4627.76  0.02
138100  4627.76  0.02
139100  4627.76  0.02
140100  4627.76  0.02
141100  4627.76  0.02
142100  4627.76  0.02
143100  4627.76  0.02
144100  4627.76  0.02
145100  4627.76  0.02
146100  4627.76  0.02
147100  4627.76  0.02
148100  4627.76  0.02
149100  4627.76  0.02
150100  4627.76  0.02
151100  4627.76  0.02
152100  4627.76  0.02
153100  4627.76  0.02
154100  4627.76  0.02
155100  4627.76  0.02
156100  4627.76  0.02
157100  4627.76  0.02
158100  4627.76  0.02
159100  4627.76  0.02
160100  4627.76  0.02
161100  4627.76  0.02
162100  4627.76  0.02
163100  4627.76  0.02
164100  4627.76  0.02
165100  4627.76  0.02
166100  4627.76  0.02
167100  4627.76  0.02
168100  4627.76  0.02
169100  4627.76  0.02
170100  4627.76  0.02
171100  4627.76  0.02
172100  4627.76  0.02
173100  4627.76  0.02
174100  4627.76  0.02
175100  4627.76  0.02
176100  4627.76  0.02
177100  4627.76  0.02
178100  4627.76  0.02
179100  4627.76  0.02
180100  4627.76  0.02
181100  4627.76  0.02
182100  4627.76  0.02
183100  4627.76  0.02
184100  4627.76  0.02
185100  4627.76  0.02
186100  4627.76  0.02
187100  4627.76  0.02
188100  4627.76  0.02
189100  4627.76  0.02
190100  4627.76  0.02
191100  4627.76  0.02
192100  4627.76  0.02
193100  4627.76  0.02
194100  4627.76  0.02
195100  4627.76  0.02
196100  4627.76  0.02
197100  4627.76  0.02
198100  4627.76  0.02
199100  4627.76  0.02
200100  4627.76  0.02
201100  4627.76  0.02
202100  4627.76  0.02
203100  4627.76  0.02
204100  4627.76  0.02
205100  4627.76  0.02
206100  4627.76  0.02
207100  4627.76  0.02
208100  4627.76  0.02
209100  4627.76  0.02
210100  4627.76  0.02
211100  4627.76  0.02
212100  4627.76  0.02
213100  4627.76  0.02
214100  4627.76  0.02
215100  4627.76  0.02
216100  4627.76  0.02
217100  4627.76  0.02
218100  4627.76  0.02
219100  4627.76  0.02
220100  4627.76  0.02
221100  4627.76  0.02
222100  4627.76  0.02
223100  4627.76  0.02
224100  4627.76  0.02
225100  4627.76  0.02
226100  4627.76  0.02
227100  4627.76  0.02
228100  4627.76  0.02
229100  4627.76  0.02
230100  4627.76  0.02
231100  4627.76  0.02
232100  4627.76  0.02
233100  4627.76  0.02
234100  4627.76  0.02
235100  4627.76  0.02
236100  4627.76  0.02
237100  4627.76  0.02
238100  4627.76  0.02
239100  4627.76  0.02
240100  4627.76  0.02
241100  4627.76  0.02
242100  4627.76  0.02
243100  4627.76  0.02
244100  4627.76  0.02
245100  4627.76  0.02
246100  4627.76  0.02
247100  4627.76  0.02
248100  4627.76  0.02
249100  4627.76  0.02
250100  4627.76  0.02
251100  4627.76  0.02
252100  4627.76  0.02
253100  4627.76  0.02
254100  4627.76  0.02
255100  4627.76  0.02
256100  4627.76  0.02
257100  4627.76  0.02
258100  4627.76  0.02
259100  4627.76  0.02
260100  4627.76  0.02
261100  4627.76  0.02
262100  4627.76  0.02
263100  4627.76  0.02
264100  4627.76  0.02
265100  4627.76  0.02
266100  4627.76  0.02
267100  4627.76  0.02
268100  4627.76  0.02
269100  4627.76  0.02
270100  4627.76  0.02
271100  4627.76  0.02
272100  4627.76  0.02
273100  4627.76  0.02
274100  4627.76  0.02
275100  4627.76  0.02
276100  4627.76  0.02
277100  4627.76  0.02
278100  4627.76  0.02
279100  4627.76  0.02
280100  4627.76  0.02
281100  4627.76  0.02
282100  4627.76  0.02
283100  4627.76  0.02
284100  4627.76  0.02
285100  4627.76  0.02
286100  4627.76  0.02
287100  4627.76  0.02
288100  4627.76  0.02
289100  4627.76  0.02
290100  4627.76  0.02
291100  4627.76  0.02
292100  4627.76  0.02
293100  4627.76  0.02
294100  4627.76  0.02
295100  4627.76  0.02
296100  4627.76  0.02
297100  4627.76  0.02
298100  4627.76  0.02
299100  4627.76  0.02
300100  4627.76  0.02
301100  4627.76  0.02
302100  4627.76  0.02
303100  4627.76  0.02
304100  4627.76  0.02
305100  4627.76  0.02
306100  4627.76  0.02
307100  4627.76  0.02
308100  4627.76  0.02
309100  4627.76  0.02
310100  4627.76  0.02
311100  4627.76  0.02
312100  4627.76  0.02
313100  4627.76  0.02
314100  4627.76  0.02
315100  4627.76  0.02
316100  4627.76  0.02
317100  4627.76  0.02
318100  4627.76  0.02
319100  4627.76  0.02
320100  4627.76  0.02
321100  4627.76  0.02
322100  4627.76  0.02
323100  4627.76  0.02
324100  4627.76  0.02
325100  4627.76  0.02
326100  4627.76  0.02
327100  4627.76  0.02
328100  4627.76  0.02
329100  4627.76  0.02
330100  4627.76  0.02
331100  4627.76  0.02
332100  4627.76  0.02
333100  4627.76  0.02
334100  4627.76  0.02
335100  4627.76  0.02
336100  4627.76  0.02
337100  4627.76  0.02
338100  4627.76  0.02
339100  4627.76  0.02
340100  4627.76  0.02
341100  4627.76  0.02
342100  4627.76  0.02
343100  4627.76  0.02
344100  4627.76  0.02
345100  4627.76  0.02
346100  4627.76  0.02
347100  4627.76  0.02
348100  4627.76  0.02
349100  4627.76  0.02
350100  4627.76  0.02
351100  4627.76  0.02
352100  4627.76  0.02
353100  4627.76  0.02
354100  4627.76  0.02
355100  4627.76  0.02
356100  4627.76  0.02
357100  4627.76  0.02
358100  4627.76  0.02
359100  4627.76  0.02
360100  4627.76  0.02
361100  4627.76  0.02
362100  4627.76  0.02
363100  4627.76  0.02
364100  4627.76  0.02
365100  4627.76  0.02
366100  4627.76  0.02
367100  4627.76  0.02
368100  4627.76  0.02
369100  4627.76  0.02
370100  4627.76  0.02
371100  4627.76  0.02
372100  4627.76  0.02
373100  4627.76  0.02
374100  4627.76  0.02
375100  4627.76  0.02
376100  4627.76  0.02
377100  4627.76  0.02
378100  4627.76  0.02
379100  4627.76  0.02
380100  4627.76  0.02
381100  4627.76  0.02
382100  4627.76  0.02
383100  4627.76  0.02
384100  4627.76  0.02
385100  4627.76  0.02
386100  4627.76  0.02
387100  4627.76  0.02
388100  4627.76  0.02
389100  4627.76  0.02
390100  4627.76  0.02
391100  4627.76  0.02
392100  4627.76  0.02
393100  4627.76  0.02
394100  4627.76  0.02
395100  4627.76  0.02
396100  4627.76  0.02
397100  4627.76  0.02
398100  4627.76  0.02
399100  4627.76  0.02
400100  4627.76  0.02
401100  4627.76  0.02
402100  4627.76  0.02
403100  4627.76  0.02
404100  4627.76  0.02
405100  4627.76  0.02
406100  4627.76  0.02
407100  4627.76  0.02
408100  4627.76  0.02
409100  4627.76  0.02
410100  4627.76  0.02
411100  4627.76  0.02
412100  4627.76  0.02
413100  4627.76  0.02
414100  4627.76  0.02
415100  4627.76  0.02
416100  4627.76  0.02
417100  4627.76  0.02
418100  4627.76  0.02
419100  4627.76  0.02
420100  4627.76  0.02
421100  4627.76  0.02
422100  4627.76  0.02
423100  4627.76  0.02
424100  4627.76  0.02
425100  4627.76  0.02
426100  4627.76  0.02
427100  4627.76  0.02
428100  4627.76  0.02
429100  4627.76  0.02
430100  4627.76  0.02
431100  4627.76  0.02
432100  4627.76  0.02
433100  4627.76  0.02
434100  4627.76  0.02
435100  4627.76  0.02
436100  4627.76  0.02
437100  4627.76  0.02
438100  4627.76  0.02
439100  4627.76  0.02
440100  4627.76  0.02
441100  4627.76  0.02
442100  4627.76  0.02
443100  4627.76  0.02
444100  4627.76  0.02
445100  4627.76  0.02
446100  4627.76  0.02
447100  4627.76  0.02
448100  4627.76  0.02
449100  4627.76  0.02
450100  4627.76  0.02
451100  4627.76  0.02
452100  4627.76  0.02
453100  4627.76  0.02
454100  4627.76  0.02
455100  4627.76  0.02
456100  4627.76  0.02
457100  4627.76  0.02
458100  4627.76  0.02
459100  4627.76  0.02
460100  4627.76  0.02
461100  4627.76  0.02
462100  4627.76  0.02
463100  4627.76  0.02
464100  4627.76  0.02
465100  4627.76  0.02
466100  4627.76  0.02
467100  4627.76  0.02
468100  4627.76  0.02
469100  4627.76  0.02
470100  4627.76  0.02
471100  4627.76  0.02
472100  4627.76  0.02
473100  4627.76  0.02
474100  4627.76  0.02
475100  4627.76  0.02
476100  4627.76  0.02
477100  4627.76  0.02
478100  4627.76  0.02
479100  4627.76  0.02
480100  4627.76  0.02
481100  4627.76  0.02
482100  4627.76  0.02
483100  4627.76  0.02
484100  4627.76  0.02
485100  4627.76  0.02
486100  4627.76  0.02
487100  4627.76  0.02
488100  4627.76  0.02
489100  4627.76  0.02
490100  4627.76  0.02
491100  4627.76  0.02
492100  4627.76  0.02
493100  4627.76  0.02
494100  4627.76  0.02
495100  4627.76  0.02
496100  4627.76  0.02
497100  4627.76  0.02
498100  4627.76  0.02
499100  4627.76  0.02
500100  4627.76  0.02
501100  4627.76  0.02
502100  4627.76  0.02
503100  4627.76  0.02
504100  4627.76  0.02
505100  4627.76  0.02
506100  4627.76  0.02
507100  4627.76  0.02
508100  4627.76  0.02
509100  4627.76  0.02
510100  4627.76  0.02
511100  4627.76  0.02
512100  4627.76  0.02
513100  4627.76  0.02
514100  4627.76  0.02
515100  4627.76  0.02
516100  4627.76  0.02
517100  4627.76  0.02
518100  4627.76  0.02
519100  4627.76  0.02
520100  4627.76  0.02
521100  4627.76  0.02
522100  4627.76  0.02
523100  4627.76  0.02
524100  4627.76  0.02
525100  4627.76  0.02
526100  4627.76  0.02
527100  4627.76  0.02
528100  4627.76  0.02
529100  4627.76  0.02
530100  4627.76  0.02
531100  4627.76  0.02
532100  4627.76  0.02
533100  4627.76  0.02
534100  4627.76  0.02
535100  4627.76  0.02
536100  4627.76  0.02
537100  4627.76  0.02
538100  4627.76  0.02
539100  4627.76  0.02
540100  4627.76  0.02
541100  4627.76  0.02
542100  4627.76  0.02
543100  4627.76  0.02
544100  4627.76  0.02
545100  4627.76  0.02
546100  4627.76  0.02
547100  4627.76  0.02
548100  4627.76  0.02
549100  4627.76  0.02
550100  4627.76  0.02
551100  4627.76  0.02
552100  4627.76  0.02
553100  4627.76  0.02
554100  4627.76  0.02
555100  4627.76  0.02
556100  4627.76  0.02
557100  4627.76  0.02
558100  4627.76  0.02
559100  4627.76  0.02
560100  4627.76  0.02
561100  4627.76  0.02
562100  4627.76  0.02
563100  4627.76  0.02
564100  4627.76  0.02
565100  4627.76  0.02
566100  4627.76  0.02
567100  4627.76  0.02
568100  4627.76  0.02
569100  4627.76  0.02
570100  4627.76  0.02
571100  4627.76  0.02
572100  4627.76  0.02
573100  4627.76  0.02
574100  4627.76  0.02
575100  4627.76  0.02
576100  4627.76  0.02
577100  4627.76  0.02
578100  4627.76  0.02
579100  4627.76  0.02
580100  4627.76  0.02
581100  4627.76  0.02
582100  4627.76  0.02
583100  4627.76  0.02
584100  4627.76  0.02
585100  4627.76  0.02
586100  4627.76  0.02
587100  4627.76  0.02
588100  4627.76  0.02
589100  4627.76  0.02
590100  4627.76  0.02
591100  4627.76  0.02
592100  4627.76  0.02
593100  4627.76  0.02
594100  4627.76  0.02
595100  4627.76  0.02
596100  4627.76  0.02
597100  4627.76  0.02
598100  4627.76  0.02
599100  4627.76  0.02
600100  4627.76  0.02
601100  4627.76  0.02
602100  4627.76  0.02
603100  4627.76  0.02
604100  4627.76  0.02
605100  4627.76  0.02
606100  4627.76  0.02
607100  4627.76  0.02
608100  4627.76  0.02
609100  4627.76  0.02
610100  4627.76  0.02
611100  4627.76  0.02
612100  4627.76  0.02
613100  4627.76  0.02
614100  4627.76  0.02
615100  4627.76  0.02
616100  4627.76  0.02
617100  4627.76  0.02
618100  4627.76  0.02
619100  4627.76  0.02
620100  4627.76  0.02
621100  4627.76  0.02
622100  4627.76  0.02
623100  4627.76  0.02
624100  4627.76  0.02
625100  4627.76  0.02
626100  4627.76  0.02
627100  4627.76  0.02
628100  4627.76  0.02
629100  4627.76  0.02
630100  4627.76  0.02
631100  4627.76  0.02
632100  4627.76  0.02
633100  4627.76  0.02
634100  4627.76  0.02
635100  4627.76  0.02
636100  4627.76  0.02
637100  4627.76  0.02
638100  4627.76  0.02
639100  4627.76  0.02
640100  4627.76  0.02
641100  4627.76  0.02
642100  4627.76  0.02
643100  4627.76  0.02
644100  4627.76  0.02
645100  4627.76  0.02
646100  4627.76  0.02
647100  4627.76  0.02
648100  4627.76  0.02
649100  4627.76  0.02
650100  4627.76  0.02
651100  4627.76  0.02
652100  4627.76  0.02
653100  4627.76  0.02
654100  4627.76  0.02
655100  4627.76  0.02
656100  4627.76  0.02
657100  4627.76  0.02
658100  4627.76  0.02
659100  4627.76  0.02
660100  4627.76  0.02
661100  4627.76  0.02
662100  4627.76  0.02
663100  4627.76  0.02
664100  4627.76  0.02
665100  4627.76  0.02
666100  4627.76  0.02
667100  4627.76  0.02
668100  4627.76  0.02
669100  4627.76  0.02
670100  4627.76  0.02
671100  4627.76  0.02
672100  4627.76  0.02
673100  4627.76  0.02
674100  4627.76  0.02
675100  4627.76  0.02
676100  4627.76  0.02
677100  4627.76  0.02
678100  4627.76  0.02
679100  4627.76  0.02
680100  4627.76  0.02
681100  4627.76  0.02
682100  4627.76  0.02
683100  4627.76  0.02
684100  4627.76  0.02
685100  4627.76  0.02
686100  4627.76  0.02
687100  4627.76  0.02
688100  4627.76  0.02
689100  4627.76  0.02
690100  4627.76  0.02
691100  4627.76  0.02
692100  4627.76  0.02
693100  4627.76  0.02
694100  4627.76  0.02
695100  4627.76  0.02
696100  4627.76  0.02
697100  4627.76  0.02
698100  4627.76  0.02
699100  4627.76  0.02
700100  4627.76  0.02
701100  4627.76  0.02
702100  4627.76  0.02
703100  4627.76  0.02
704100  4627.76  0.02
705100  4627.76  0.02
706100  4627.76  0.02
707100  4627.76  0.02
708100  4627.76  0.02
709100  4627.76  0.02
710100  4627.76  0.02
711100  4627.76  0.02
712100  4627.76  0.02
713100  4627.76  0.02
714100  4627.76  0.02
715100  4627.76  0.02
716100  4627.76  0.02
717100  4627.76  0.02
718100  4627.76  0.02
719100  4627.76  0.02
720100  4627.76  0.02
721100  4627.76  0.02
722100  4627.76  0.02
723100  4627.76  0.02
724100  4627.76  0.02
725100  4627.76  0.02
726100  4627.76  0.02
727100  4627.76  0.02
728100  4627.76  0.02
729100  4627.76  0.02
730100  4627.76  0.02
731100  4627.76  0.02
732100  4627.76  0.02
733100  4627.76  0.02
734100  4627.76  0.02
735100  4627.76  0.02
736100  4627.76  0.02
737100  4627.76  0.02
738100  4627.76  0.02
739100  4627.76  0.02
740100  4627.76  0.02
741100  4627.76  0.02
742100  4627.76  0.02
743100  4627.76  0.02
744100  4627.76  0.02
745100  4627.76  0.02
746100  4627.76  0.02
747100  4627.76  0.02
748100  4627.76  0.02
749100  4627.76  0.02
750100  4627.76  0.02
751100  4627.76  0.02
752100  4627.76  0.02
753100  4627.76  0.02
754100  4627.76  0.02
755100  4627.76  0.02
756100  4627.76  0.02
757100  4627.76  0.02
758100  4627.76  0.02
759100  4627.76  0.02
760100  4627.76  0.02
761100  4627.76  0.02
762100  4627.76  0.02
763100  4627.76  0.02
764100  4627.76  0.02
765100  4627.76  0.02
766100  4627.76  0.02
767100  4627.76  0.02
768100  4627.76  0.02
769100  4627.76  0.02
770100  4627.76  0.02
771100  4627.76  0.02
772100  4627.76  0.02
773100  4627.76  0.02
774100  4627.76  0.02
775100  4627.76  0.02
776100  4627.76  0.02
777100  4627.76  0.02
778100  4627.76  0.02
779100  4627.76  0.02
780100  4627.76  0.02
781100  4627.76  0.02
782100  4627.76  0.02
783100  4627.76  0.02
784100  4627.76  0.02
785100  4627.76  0.02
786100  4627.76  0.02
787100  4627.76  0.02
788100  4627.76  0.02
789100  4627.76  0.02
790100  4627.76  0.02
791100  4627.76  0.02
792100  4627.76  0.02
793100  4627.76  0.02
794100  4627.76  0.02
795100  4627.76  0.02
796100  4627.76  0.02
797100  4627.76  0.02
798100  4627.76  0.02
799100  4627.76  0.02
800100  4627.76  0.02
801100  4627.76  0.02
802100  4627.76  0.02
803100  4627.76  0.02
804100  4627.76  0.02
805100  4627.76  0.02
806100  4627.76  0.02
807100  4627.76  0.02
808100  4627.76  0.02
809100  4627.76  0.02
810100  4627.76  0.02
811100  4627.76  0.02
812100  4627.76  0.02
813100  4627.76  0.02
814100  4627.76  0.02
815100  4627.76  0.02
816100  4627.76  0.02
817100  4627.76  0.02
818100  4627.76  0.02
819100  4627.76  0.02
820100  4627.76  0.02
821100  4627.76  0.02
822100  4627.76  0.02
823100  4627.76  0.02
824100  4627.76  0.02
825100  4627.76  0.02
826100  4627.76  0.02
827100  4627.76  0.02
828100  4627.76  0.02
829100  4627.76  0.02
830100  4627.76  0.02
831100  4627.76  0.02
832100  4627.76  0.02
833100  4627.76  0.02
834100  4627.76  0.02
835100  4627.76  0.02
836100  4627.76  0.02
837100  4627.76  0.02
838100  4627.76  0.02
839100  4627.76  0.02
840100  4627.76  0.02
841100  4627.76  0.02
842100  4627.76  0.02
843100  4627.76  0.02
844100  4627.76  0.02
845100  4627.76  0.02
846100  4627.76  0.02
847100  4627.76  0.02
848100  4627.76  0.02
849100  4627.76  0.02
850100  4627.76  0.02
851100  4627.76  0.02
852100  4627.76  0.02
853100  4627.76  0.02
854100  4627.76  0.02
855100  4627.76  0.02
856100  4627.76  0.02
857100  4627.76  0.02
858100  4627.76  0.02
859100  4627.76  0.02
860100  4627.76  0.02
861100  4627.76  0.02
862100  4627.76  0.02
863100  4627.76  0.02
864100  4627.76  0.02
865100  4627.76  0.02
866100  4627.76  0.02
867100  4627.76  0.02
868100  4627.76  0.02
869100  4627.76  0.02
870100  4627.76  0.02
871100  4627.76  0.02
872100  4627.76  0.02
873100  4627.76  0.02
874100  4627.76  0.02
875100  4627.76  0.02
876100  4627.76  0.02
877100  4627.76  0.02
878100  4627.76  0.02
879100  4627.76  0.02
880100  4627.76  0.02
881100  4627.76  0.02
882100  4627.76  0.02
883100  4627.76  0.02
884100  4627.76  0.02
885100  4627.76  0.02
886100  4627.76  0.02
887100  4627.76  0.02
888100  4627.76  0.02
889100  4627.76  0.02
890100  4627.76  0.02
891100  4627.76  0.02
892100  4627.76  0.02
893100  4627.76  0.02
894100  4627.76  0.02
895100  4627.76  0.02
896100  4627.76  0.02
897100  4627.76  0.02
898100  4627.76  0.02
899100  4627.76  0.02
900100  4627.76  0.02
901100  4627.76  0.02
902100  4627.76  0.02
903100  4627.76  0.02
904100  4627.76  0.02
905100  4627.76  0.02
906100  4627.76  0.02
907100  4627.76  0.02
908100  4627.76  0.02
909100  4627.76  0.02
910100  4627.76  0.02
911100  4627.76  0.02
912100  4627.76  0.02
913100  4627.76  0.02
914100  4627.76  0.02
915100  4627.76  0.02
916100  4627.76  0.02
917100  4627.76  0.02
918100  4627.76  0.02
919100  4627.76  0.02
920100  4627.76  0.02
921100  4627.76  0.02
922100  4627.76  0.02
923100  4627.76  0.02
924100  4627.76  0.02
925100  4627.76  0.02
926100  4627.76  0.02
927100  4627.76  0.02
928100  4627.76  0.02
929100  4627.76  0.02
930100  4627.76  0.02
931100  4627.76  0.02
932100  4627.76  0.02
933100  4627.76  0.02
934100  4627.76  0.02
935100  4627.76  0.02
936100  4627.76  0.02
937100  4627.76  0.02
938100  4627.76  0.02
939100  4627.76  0.02
940100  4627.76  0.02
941100  4627.76  0.02
942100  4627.76  0.02
943100  4627.76  0.02
944100  4627.76  0.02
945100  4627.76  0.02
946100  4627.76  0.02
947100  4627.76  0.02
948100  4627.76  0.02
949100  4627.76  0.02
950100  4627.76  0.02
951100  4627.76  0.02
952100  4627.76  0.02
953100  4627.76  0.02
954100  4627.76  0.02
955100  4627.76  0.02
956100  4627.76  0.02
957100  4627.76  0.02
958100  4627.76  0.02
959100  4627.76  0.02
960100  4627.76  0.02
961100  4627.76  0.02
962100  4627.76  0.02
963100  4627.76  0.02
964100  4627.76  0.02
965100  4627.76  0.02
966100  4627.76  0.02
967100  4627.76  0.02
968100  4627.76  0.02
969100  4627.76  0.02
970100  4627.76  0.02
971100  4627.76  0.02
972100  4627.76  0.02
973100  4627.76  0.02
974100  4627.76  0.02
975100  4627.76  0.02
976100  4627.76  0.02
977100  4627.76  0.02
978100  4627.76  0.02
979100  4627.76  0.02
980100  4627.76  0.02
981100  4627.76  0.02
982100  4627.76  0.02
983100  4627.76  0.02
984100  4627.76  0.02
985100  4627.76  0.02
986100  4627.76  0.02
987100  4627.76  0.02
988100  4627.76  0.02
989100  4627.76  0.02
990100  4627.76  0.02
991100  4627.76  0.02
992100  4627.76  0.02
993100  4627.76  0.02
994100  4627.76  0.02
995100  4627.76  0.02
996100  4627.76  0.02
997100  4627.76  0.02
998100  4627.76  0.02
999100  4627.76  0.02
