100  3969.01  0.94
1100  26824.7  0.5
2100  23680.8  0.24
3100  21813.6  0.14
4100  19616.9  0.1
5100  23766.3  0.1
6100  53197.4  0.18
7100  42537.4  0.12
8100  32601.8  0.08
9100  12304.5  0.04
10100  48843.4  0.1
11100  36656  0.08
12100  20687.3  0.04
13100  77994.9  0.12
14100  42297.1  0.06
15100  45445  0.06
16100  48324.3  0.06
17100  22722.7  0.04
18100  39030  0.06
19100  22756.2  0.04
20100  60295.1  0.06
21100  63296.1  0.06
22100  22637.4  0.04
23100  40778.1  0.04
24100  72266.7  0.06
25100  50315.4  0.04
26100  25915.6  0.02
27100  25915.6  0.02
28100  25915.6  0.02
29100  25915.6  0.02
30100  25915.6  0.02
31100  25915.6  0.02
32100  25915.6  0.02
33100  25915.6  0.02
34100  25915.6  0.02
35100  25915.6  0.02
36100  25915.6  0.02
37100  25915.6  0.02
38100  25915.6  0.02
39100  25915.6  0.02
40100  25915.6  0.02
41100  25915.6  0.02
42100  25915.6  0.02
43100  25915.6  0.02
44100  25915.6  0.02
45100  25915.6  0.02
46100  25915.6  0.02
47100  25915.6  0.02
48100  25915.6  0.02
49100  25915.6  0.02
50100  25915.6  0.02
51100  25915.6  0.02
52100  25915.6  0.02
53100  25915.6  0.02
54100  25915.6  0.02
55100  25915.6  0.02
56100  25915.6  0.02
57100  25915.6  0.02
58100  25915.6  0.02
59100  25915.6  0.02
60100  25915.6  0.02
61100  25915.6  0.02
62100  25915.6  0.02
63100  25915.6  0.02
64100  25915.6  0.02
65100  25915.6  0.02
66100  25915.6  0.02
67100  25915.6  0.02
68100  25915.6  0.02
69100  25915.6  0.02
70100  25915.6  0.02
71100  25915.6  0.02
72100  25915.6  0.02
73100  25915.6  0.02
74100  25915.6  0.02
75100  25915.6  0.02
76100  25915.6  0.02
77100  25915.6  0.02
78100  25915.6  0.02
79100  25915.6  0.02
80100  25915.6  0.02
81100  25915.6  0.02
82100  25915.6  0.02
83100  25915.6  0.02
84100  25915.6  0.02
85100  25915.6  0.02
86100  25915.6  0.02
87100  25915.6  0.02
88100  25915.6  0.02
89100  25915.6  0.02
90100  25915.6  0.02
91100  25915.6  0.02
92100  25915.6  0.02
93100  25915.6  0.02
94100  25915.6  0.02
95100  25915.6  0.02
96100  25915.6  0.02
97100  25915.6  0.02
98100  25915.6  0.02
99100  25915.6  0.02
100100  25915.6  0.02
101100  25915.6  0.02
102100  25915.6  0.02
103100  25915.6  0.02
104100  25915.6  0.02
105100  25915.6  0.02
106100  25915.6  0.02
107100  25915.6  0.02
108100  25915.6  0.02
109100  25915.6  0.02
110100  25915.6  0.02
111100  25915.6  0.02
112100  25915.6  0.02
113100  25915.6  0.02
114100  25915.6  0.02
115100  25915.6  0.02
116100  25915.6  0.02
117100  25915.6  0.02
118100  25915.6  0.02
119100  25915.6  0.02
120100  25915.6  0.02
121100  25915.6  0.02
122100  25915.6  0.02
123100  25915.6  0.02
124100  25915.6  0.02
125100  25915.6  0.02
126100  25915.6  0.02
127100  25915.6  0.02
128100  25915.6  0.02
129100  25915.6  0.02
130100  25915.6  0.02
131100  25915.6  0.02
132100  25915.6  0.02
133100  25915.6  0.02
134100  25915.6  0.02
135100  25915.6  0.02
136100  25915.6  0.02
137100  25915.6  0.02
138100  25915.6  0.02
139100  25915.6  0.02
140100  25915.6  0.02
141100  25915.6  0.02
142100  25915.6  0.02
143100  25915.6  0.02
144100  25915.6  0.02
145100  25915.6  0.02
146100  25915.6  0.02
147100  25915.6  0.02
148100  25915.6  0.02
149100  25915.6  0.02
150100  25915.6  0.02
151100  25915.6  0.02
152100  25915.6  0.02
153100  25915.6  0.02
154100  25915.6  0.02
155100  25915.6  0.02
156100  25915.6  0.02
157100  25915.6  0.02
158100  25915.6  0.02
159100  25915.6  0.02
160100  25915.6  0.02
161100  25915.6  0.02
162100  25915.6  0.02
163100  25915.6  0.02
164100  25915.6  0.02
165100  25915.6  0.02
166100  25915.6  0.02
167100  25915.6  0.02
168100  25915.6  0.02
169100  25915.6  0.02
170100  25915.6  0.02
171100  25915.6  0.02
172100  25915.6  0.02
173100  25915.6  0.02
174100  25915.6  0.02
175100  25915.6  0.02
176100  25915.6  0.02
177100  25915.6  0.02
178100  25915.6  0.02
179100  25915.6  0.02
180100  25915.6  0.02
181100  25915.6  0.02
182100  25915.6  0.02
183100  25915.6  0.02
184100  25915.6  0.02
185100  25915.6  0.02
186100  25915.6  0.02
187100  25915.6  0.02
188100  25915.6  0.02
189100  25915.6  0.02
190100  25915.6  0.02
191100  25915.6  0.02
192100  25915.6  0.02
193100  25915.6  0.02
194100  25915.6  0.02
195100  25915.6  0.02
196100  25915.6  0.02
197100  25915.6  0.02
198100  25915.6  0.02
199100  25915.6  0.02
200100  25915.6  0.02
201100  25915.6  0.02
202100  25915.6  0.02
203100  25915.6  0.02
204100  25915.6  0.02
205100  25915.6  0.02
206100  25915.6  0.02
207100  25915.6  0.02
208100  25915.6  0.02
209100  25915.6  0.02
210100  25915.6  0.02
211100  25915.6  0.02
212100  25915.6  0.02
213100  25915.6  0.02
214100  25915.6  0.02
215100  25915.6  0.02
216100  25915.6  0.02
217100  25915.6  0.02
218100  25915.6  0.02
219100  25915.6  0.02
220100  25915.6  0.02
221100  25915.6  0.02
222100  25915.6  0.02
223100  25915.6  0.02
224100  25915.6  0.02
225100  25915.6  0.02
226100  25915.6  0.02
227100  25915.6  0.02
228100  25915.6  0.02
229100  25915.6  0.02
230100  25915.6  0.02
231100  25915.6  0.02
232100  25915.6  0.02
233100  25915.6  0.02
234100  25915.6  0.02
235100  25915.6  0.02
236100  25915.6  0.02
237100  25915.6  0.02
238100  25915.6  0.02
239100  25915.6  0.02
240100  25915.6  0.02
241100  25915.6  0.02
242100  25915.6  0.02
243100  25915.6  0.02
244100  25915.6  0.02
245100  25915.6  0.02
246100  25915.6  0.02
247100  25915.6  0.02
248100  25915.6  0.02
249100  25915.6  0.02
250100  25915.6  0.02
251100  25915.6  0.02
252100  25915.6  0.02
253100  25915.6  0.02
254100  25915.6  0.02
255100  25915.6  0.02
256100  25915.6  0.02
257100  25915.6  0.02
258100  25915.6  0.02
259100  25915.6  0.02
260100  25915.6  0.02
261100  25915.6  0.02
262100  25915.6  0.02
263100  25915.6  0.02
264100  25915.6  0.02
265100  25915.6  0.02
266100  25915.6  0.02
267100  25915.6  0.02
268100  25915.6  0.02
269100  25915.6  0.02
270100  25915.6  0.02
271100  25915.6  0.02
272100  25915.6  0.02
273100  25915.6  0.02
274100  25915.6  0.02
275100  25915.6  0.02
276100  25915.6  0.02
277100  25915.6  0.02
278100  25915.6  0.02
279100  25915.6  0.02
280100  25915.6  0.02
281100  25915.6  0.02
282100  25915.6  0.02
283100  25915.6  0.02
284100  25915.6  0.02
285100  25915.6  0.02
286100  25915.6  0.02
287100  25915.6  0.02
288100  25915.6  0.02
289100  25915.6  0.02
290100  25915.6  0.02
291100  25915.6  0.02
292100  25915.6  0.02
293100  25915.6  0.02
294100  25915.6  0.02
295100  25915.6  0.02
296100  25915.6  0.02
297100  25915.6  0.02
298100  25915.6  0.02
299100  25915.6  0.02
300100  25915.6  0.02
301100  25915.6  0.02
302100  25915.6  0.02
303100  25915.6  0.02
304100  25915.6  0.02
305100  25915.6  0.02
306100  25915.6  0.02
307100  25915.6  0.02
308100  25915.6  0.02
309100  25915.6  0.02
310100  25915.6  0.02
311100  25915.6  0.02
312100  25915.6  0.02
313100  25915.6  0.02
314100  25915.6  0.02
315100  25915.6  0.02
316100  25915.6  0.02
317100  25915.6  0.02
318100  25915.6  0.02
319100  25915.6  0.02
320100  25915.6  0.02
321100  25915.6  0.02
322100  25915.6  0.02
323100  25915.6  0.02
324100  25915.6  0.02
325100  25915.6  0.02
326100  25915.6  0.02
327100  25915.6  0.02
328100  25915.6  0.02
329100  25915.6  0.02
330100  25915.6  0.02
331100  25915.6  0.02
332100  25915.6  0.02
333100  25915.6  0.02
334100  25915.6  0.02
335100  25915.6  0.02
336100  25915.6  0.02
337100  25915.6  0.02
338100  25915.6  0.02
339100  25915.6  0.02
340100  25915.6  0.02
341100  25915.6  0.02
342100  25915.6  0.02
343100  25915.6  0.02
344100  25915.6  0.02
345100  25915.6  0.02
346100  25915.6  0.02
347100  25915.6  0.02
348100  25915.6  0.02
349100  25915.6  0.02
350100  25915.6  0.02
351100  25915.6  0.02
352100  25915.6  0.02
353100  25915.6  0.02
354100  25915.6  0.02
355100  25915.6  0.02
356100  25915.6  0.02
357100  25915.6  0.02
358100  25915.6  0.02
359100  25915.6  0.02
360100  25915.6  0.02
361100  25915.6  0.02
362100  25915.6  0.02
363100  25915.6  0.02
364100  25915.6  0.02
365100  25915.6  0.02
366100  25915.6  0.02
367100  25915.6  0.02
368100  25915.6  0.02
369100  25915.6  0.02
370100  25915.6  0.02
371100  25915.6  0.02
372100  25915.6  0.02
373100  25915.6  0.02
374100  25915.6  0.02
375100  25915.6  0.02
376100  25915.6  0.02
377100  25915.6  0.02
378100  25915.6  0.02
379100  25915.6  0.02
380100  25915.6  0.02
381100  25915.6  0.02
382100  25915.6  0.02
383100  25915.6  0.02
384100  25915.6  0.02
385100  25915.6  0.02
386100  25915.6  0.02
387100  25915.6  0.02
388100  25915.6  0.02
389100  25915.6  0.02
390100  25915.6  0.02
391100  25915.6  0.02
392100  25915.6  0.02
393100  25915.6  0.02
394100  25915.6  0.02
395100  25915.6  0.02
396100  25915.6  0.02
397100  25915.6  0.02
398100  25915.6  0.02
399100  25915.6  0.02
400100  25915.6  0.02
401100  25915.6  0.02
402100  25915.6  0.02
403100  25915.6  0.02
404100  25915.6  0.02
405100  25915.6  0.02
406100  25915.6  0.02
407100  25915.6  0.02
408100  25915.6  0.02
409100  25915.6  0.02
410100  25915.6  0.02
411100  25915.6  0.02
412100  25915.6  0.02
413100  25915.6  0.02
414100  25915.6  0.02
415100  25915.6  0.02
416100  25915.6  0.02
417100  25915.6  0.02
418100  25915.6  0.02
419100  25915.6  0.02
420100  25915.6  0.02
421100  25915.6  0.02
422100  25915.6  0.02
423100  25915.6  0.02
424100  25915.6  0.02
425100  25915.6  0.02
426100  25915.6  0.02
427100  25915.6  0.02
428100  25915.6  0.02
429100  25915.6  0.02
430100  25915.6  0.02
431100  25915.6  0.02
432100  25915.6  0.02
433100  25915.6  0.02
434100  25915.6  0.02
435100  25915.6  0.02
436100  25915.6  0.02
437100  25915.6  0.02
438100  25915.6  0.02
439100  25915.6  0.02
440100  25915.6  0.02
441100  25915.6  0.02
442100  25915.6  0.02
443100  25915.6  0.02
444100  25915.6  0.02
445100  25915.6  0.02
446100  25915.6  0.02
447100  25915.6  0.02
448100  25915.6  0.02
449100  25915.6  0.02
450100  25915.6  0.02
451100  25915.6  0.02
452100  25915.6  0.02
453100  25915.6  0.02
454100  25915.6  0.02
455100  25915.6  0.02
456100  25915.6  0.02
457100  25915.6  0.02
458100  25915.6  0.02
459100  25915.6  0.02
460100  25915.6  0.02
461100  25915.6  0.02
462100  25915.6  0.02
463100  25915.6  0.02
464100  25915.6  0.02
465100  25915.6  0.02
466100  25915.6  0.02
467100  25915.6  0.02
468100  25915.6  0.02
469100  25915.6  0.02
470100  25915.6  0.02
471100  25915.6  0.02
472100  25915.6  0.02
473100  25915.6  0.02
474100  25915.6  0.02
475100  25915.6  0.02
476100  25915.6  0.02
477100  25915.6  0.02
478100  25915.6  0.02
479100  25915.6  0.02
480100  25915.6  0.02
481100  25915.6  0.02
482100  25915.6  0.02
483100  25915.6  0.02
484100  25915.6  0.02
485100  25915.6  0.02
486100  25915.6  0.02
487100  25915.6  0.02
488100  25915.6  0.02
489100  25915.6  0.02
490100  25915.6  0.02
491100  25915.6  0.02
492100  25915.6  0.02
493100  25915.6  0.02
494100  25915.6  0.02
495100  25915.6  0.02
496100  25915.6  0.02
497100  25915.6  0.02
498100  25915.6  0.02
499100  25915.6  0.02
500100  25915.6  0.02
501100  25915.6  0.02
502100  25915.6  0.02
503100  25915.6  0.02
504100  25915.6  0.02
505100  25915.6  0.02
506100  25915.6  0.02
507100  25915.6  0.02
508100  25915.6  0.02
509100  25915.6  0.02
510100  25915.6  0.02
511100  25915.6  0.02
512100  25915.6  0.02
513100  25915.6  0.02
514100  25915.6  0.02
515100  25915.6  0.02
516100  25915.6  0.02
517100  25915.6  0.02
518100  25915.6  0.02
519100  25915.6  0.02
520100  25915.6  0.02
521100  25915.6  0.02
522100  25915.6  0.02
523100  25915.6  0.02
524100  25915.6  0.02
525100  25915.6  0.02
526100  25915.6  0.02
527100  25915.6  0.02
528100  25915.6  0.02
529100  25915.6  0.02
530100  25915.6  0.02
531100  25915.6  0.02
532100  25915.6  0.02
533100  25915.6  0.02
534100  25915.6  0.02
535100  25915.6  0.02
536100  25915.6  0.02
537100  25915.6  0.02
538100  25915.6  0.02
539100  25915.6  0.02
540100  25915.6  0.02
541100  25915.6  0.02
542100  25915.6  0.02
543100  25915.6  0.02
544100  25915.6  0.02
545100  25915.6  0.02
546100  25915.6  0.02
547100  25915.6  0.02
548100  25915.6  0.02
549100  25915.6  0.02
550100  25915.6  0.02
551100  25915.6  0.02
552100  25915.6  0.02
553100  25915.6  0.02
554100  25915.6  0.02
555100  25915.6  0.02
556100  25915.6  0.02
557100  25915.6  0.02
558100  25915.6  0.02
559100  25915.6  0.02
560100  25915.6  0.02
561100  25915.6  0.02
562100  25915.6  0.02
563100  25915.6  0.02
564100  25915.6  0.02
565100  25915.6  0.02
566100  25915.6  0.02
567100  25915.6  0.02
568100  25915.6  0.02
569100  25915.6  0.02
570100  25915.6  0.02
571100  25915.6  0.02
572100  25915.6  0.02
573100  25915.6  0.02
574100  25915.6  0.02
575100  25915.6  0.02
576100  25915.6  0.02
577100  25915.6  0.02
578100  25915.6  0.02
579100  25915.6  0.02
580100  25915.6  0.02
581100  25915.6  0.02
582100  25915.6  0.02
583100  25915.6  0.02
584100  25915.6  0.02
585100  25915.6  0.02
586100  25915.6  0.02
587100  25915.6  0.02
588100  25915.6  0.02
589100  25915.6  0.02
590100  25915.6  0.02
591100  25915.6  0.02
592100  25915.6  0.02
593100  25915.6  0.02
594100  25915.6  0.02
595100  25915.6  0.02
596100  25915.6  0.02
597100  25915.6  0.02
598100  25915.6  0.02
599100  25915.6  0.02
600100  25915.6  0.02
601100  25915.6  0.02
602100  25915.6  0.02
603100  25915.6  0.02
604100  25915.6  0.02
605100  25915.6  0.02
606100  25915.6  0.02
607100  25915.6  0.02
608100  25915.6  0.02
609100  25915.6  0.02
610100  25915.6  0.02
611100  25915.6  0.02
612100  25915.6  0.02
613100  25915.6  0.02
614100  25915.6  0.02
615100  25915.6  0.02
616100  25915.6  0.02
617100  25915.6  0.02
618100  25915.6  0.02
619100  25915.6  0.02
620100  25915.6  0.02
621100  25915.6  0.02
622100  25915.6  0.02
623100  25915.6  0.02
624100  25915.6  0.02
625100  25915.6  0.02
626100  25915.6  0.02
627100  25915.6  0.02
628100  25915.6  0.02
629100  25915.6  0.02
630100  25915.6  0.02
631100  25915.6  0.02
632100  25915.6  0.02
633100  25915.6  0.02
634100  25915.6  0.02
635100  25915.6  0.02
636100  25915.6  0.02
637100  25915.6  0.02
638100  25915.6  0.02
639100  25915.6  0.02
640100  25915.6  0.02
641100  25915.6  0.02
642100  25915.6  0.02
643100  25915.6  0.02
644100  25915.6  0.02
645100  25915.6  0.02
646100  25915.6  0.02
647100  25915.6  0.02
648100  25915.6  0.02
649100  25915.6  0.02
650100  25915.6  0.02
651100  25915.6  0.02
652100  25915.6  0.02
653100  25915.6  0.02
654100  25915.6  0.02
655100  25915.6  0.02
656100  25915.6  0.02
657100  25915.6  0.02
658100  25915.6  0.02
659100  25915.6  0.02
660100  25915.6  0.02
661100  25915.6  0.02
662100  25915.6  0.02
663100  25915.6  0.02
664100  25915.6  0.02
665100  25915.6  0.02
666100  25915.6  0.02
667100  25915.6  0.02
668100  25915.6  0.02
669100  25915.6  0.02
670100  25915.6  0.02
671100  25915.6  0.02
672100  25915.6  0.02
673100  25915.6  0.02
674100  25915.6  0.02
675100  25915.6  0.02
676100  25915.6  0.02
677100  25915.6  0.02
678100  25915.6  0.02
679100  25915.6  0.02
680100  25915.6  0.02
681100  25915.6  0.02
682100  25915.6  0.02
683100  25915.6  0.02
684100  25915.6  0.02
685100  25915.6  0.02
686100  25915.6  0.02
687100  25915.6  0.02
688100  25915.6  0.02
689100  25915.6  0.02
690100  25915.6  0.02
691100  25915.6  0.02
692100  25915.6  0.02
693100  25915.6  0.02
694100  25915.6  0.02
695100  25915.6  0.02
696100  25915.6  0.02
697100  25915.6  0.02
698100  25915.6  0.02
699100  25915.6  0.02
700100  25915.6  0.02
701100  25915.6  0.02
702100  25915.6  0.02
703100  25915.6  0.02
704100  25915.6  0.02
705100  25915.6  0.02
706100  25915.6  0.02
707100  25915.6  0.02
708100  25915.6  0.02
709100  25915.6  0.02
710100  25915.6  0.02
711100  25915.6  0.02
712100  25915.6  0.02
713100  25915.6  0.02
714100  25915.6  0.02
715100  25915.6  0.02
716100  25915.6  0.02
717100  25915.6  0.02
718100  25915.6  0.02
719100  25915.6  0.02
720100  25915.6  0.02
721100  25915.6  0.02
722100  25915.6  0.02
723100  25915.6  0.02
724100  25915.6  0.02
725100  25915.6  0.02
726100  25915.6  0.02
727100  25915.6  0.02
728100  25915.6  0.02
729100  25915.6  0.02
730100  25915.6  0.02
731100  25915.6  0.02
732100  25915.6  0.02
733100  25915.6  0.02
734100  25915.6  0.02
735100  25915.6  0.02
736100  25915.6  0.02
737100  25915.6  0.02
738100  25915.6  0.02
739100  25915.6  0.02
740100  25915.6  0.02
741100  25915.6  0.02
742100  25915.6  0.02
743100  25915.6  0.02
744100  25915.6  0.02
745100  25915.6  0.02
746100  25915.6  0.02
747100  25915.6  0.02
748100  25915.6  0.02
749100  25915.6  0.02
750100  25915.6  0.02
751100  25915.6  0.02
752100  25915.6  0.02
753100  25915.6  0.02
754100  25915.6  0.02
755100  25915.6  0.02
756100  25915.6  0.02
757100  25915.6  0.02
758100  25915.6  0.02
759100  25915.6  0.02
760100  25915.6  0.02
761100  25915.6  0.02
762100  25915.6  0.02
763100  25915.6  0.02
764100  25915.6  0.02
765100  25915.6  0.02
766100  25915.6  0.02
767100  25915.6  0.02
768100  25915.6  0.02
769100  25915.6  0.02
770100  25915.6  0.02
771100  25915.6  0.02
772100  25915.6  0.02
773100  25915.6  0.02
774100  25915.6  0.02
775100  25915.6  0.02
776100  25915.6  0.02
777100  25915.6  0.02
778100  25915.6  0.02
779100  25915.6  0.02
780100  25915.6  0.02
781100  25915.6  0.02
782100  25915.6  0.02
783100  25915.6  0.02
784100  25915.6  0.02
785100  25915.6  0.02
786100  25915.6  0.02
787100  25915.6  0.02
788100  25915.6  0.02
789100  25915.6  0.02
790100  25915.6  0.02
791100  25915.6  0.02
792100  25915.6  0.02
793100  25915.6  0.02
794100  25915.6  0.02
795100  25915.6  0.02
796100  25915.6  0.02
797100  25915.6  0.02
798100  25915.6  0.02
799100  25915.6  0.02
800100  25915.6  0.02
801100  25915.6  0.02
802100  25915.6  0.02
803100  25915.6  0.02
804100  25915.6  0.02
805100  25915.6  0.02
806100  25915.6  0.02
807100  25915.6  0.02
808100  25915.6  0.02
809100  25915.6  0.02
810100  25915.6  0.02
811100  25915.6  0.02
812100  25915.6  0.02
813100  25915.6  0.02
814100  25915.6  0.02
815100  25915.6  0.02
816100  25915.6  0.02
817100  25915.6  0.02
818100  25915.6  0.02
819100  25915.6  0.02
820100  25915.6  0.02
821100  25915.6  0.02
822100  25915.6  0.02
823100  25915.6  0.02
824100  25915.6  0.02
825100  25915.6  0.02
826100  25915.6  0.02
827100  25915.6  0.02
828100  25915.6  0.02
829100  25915.6  0.02
830100  25915.6  0.02
831100  25915.6  0.02
832100  25915.6  0.02
833100  25915.6  0.02
834100  25915.6  0.02
835100  25915.6  0.02
836100  25915.6  0.02
837100  25915.6  0.02
838100  25915.6  0.02
839100  25915.6  0.02
840100  25915.6  0.02
841100  25915.6  0.02
842100  25915.6  0.02
843100  25915.6  0.02
844100  25915.6  0.02
845100  25915.6  0.02
846100  25915.6  0.02
847100  25915.6  0.02
848100  25915.6  0.02
849100  25915.6  0.02
850100  25915.6  0.02
851100  25915.6  0.02
852100  25915.6  0.02
853100  25915.6  0.02
854100  25915.6  0.02
855100  25915.6  0.02
856100  25915.6  0.02
857100  25915.6  0.02
858100  25915.6  0.02
859100  25915.6  0.02
860100  25915.6  0.02
861100  25915.6  0.02
862100  25915.6  0.02
863100  25915.6  0.02
864100  25915.6  0.02
865100  25915.6  0.02
866100  25915.6  0.02
867100  25915.6  0.02
868100  25915.6  0.02
869100  25915.6  0.02
870100  25915.6  0.02
871100  25915.6  0.02
872100  25915.6  0.02
873100  25915.6  0.02
874100  25915.6  0.02
875100  25915.6  0.02
876100  25915.6  0.02
877100  25915.6  0.02
878100  25915.6  0.02
879100  25915.6  0.02
880100  25915.6  0.02
881100  25915.6  0.02
882100  25915.6  0.02
883100  25915.6  0.02
884100  25915.6  0.02
885100  25915.6  0.02
886100  25915.6  0.02
887100  25915.6  0.02
888100  25915.6  0.02
889100  25915.6  0.02
890100  25915.6  0.02
891100  25915.6  0.02
892100  25915.6  0.02
893100  25915.6  0.02
894100  25915.6  0.02
895100  25915.6  0.02
896100  25915.6  0.02
897100  25915.6  0.02
898100  25915.6  0.02
899100  25915.6  0.02
900100  25915.6  0.02
901100  25915.6  0.02
902100  25915.6  0.02
903100  25915.6  0.02
904100  25915.6  0.02
905100  25915.6  0.02
906100  25915.6  0.02
907100  25915.6  0.02
908100  25915.6  0.02
909100  25915.6  0.02
910100  25915.6  0.02
911100  25915.6  0.02
912100  25915.6  0.02
913100  25915.6  0.02
914100  25915.6  0.02
915100  25915.6  0.02
916100  25915.6  0.02
917100  25915.6  0.02
918100  25915.6  0.02
919100  25915.6  0.02
920100  25915.6  0.02
921100  25915.6  0.02
922100  25915.6  0.02
923100  25915.6  0.02
924100  25915.6  0.02
925100  25915.6  0.02
926100  25915.6  0.02
927100  25915.6  0.02
928100  25915.6  0.02
929100  25915.6  0.02
930100  25915.6  0.02
931100  25915.6  0.02
932100  25915.6  0.02
933100  25915.6  0.02
934100  25915.6  0.02
935100  25915.6  0.02
936100  25915.6  0.02
937100  25915.6  0.02
938100  25915.6  0.02
939100  25915.6  0.02
940100  25915.6  0.02
941100  25915.6  0.02
942100  25915.6  0.02
943100  25915.6  0.02
944100  25915.6  0.02
945100  25915.6  0.02
946100  25915.6  0.02
947100  25915.6  0.02
948100  25915.6  0.02
949100  25915.6  0.02
950100  25915.6  0.02
951100  25915.6  0.02
952100  25915.6  0.02
953100  25915.6  0.02
954100  25915.6  0.02
955100  25915.6  0.02
956100  25915.6  0.02
957100  25915.6  0.02
958100  25915.6  0.02
959100  25915.6  0.02
960100  25915.6  0.02
961100  25915.6  0.02
962100  25915.6  0.02
963100  25915.6  0.02
964100  25915.6  0.02
965100  25915.6  0.02
966100  25915.6  0.02
967100  25915.6  0.02
968100  25915.6  0.02
969100  25915.6  0.02
970100  25915.6  0.02
971100  25915.6  0.02
972100  25915.6  0.02
973100  25915.6  0.02
974100  25915.6  0.02
975100  25915.6  0.02
976100  25915.6  0.02
977100  25915.6  0.02
978100  25915.6  0.02
979100  25915.6  0.02
980100  25915.6  0.02
981100  25915.6  0.02
982100  25915.6  0.02
983100  25915.6  0.02
984100  25915.6  0.02
985100  25915.6  0.02
986100  25915.6  0.02
987100  25915.6  0.02
988100  25915.6  0.02
989100  25915.6  0.02
990100  25915.6  0.02
991100  25915.6  0.02
992100  25915.6  0.02
993100  25915.6  0.02
994100  25915.6  0.02
995100  25915.6  0.02
996100  25915.6  0.02
997100  25915.6  0.02
998100  25915.6  0.02
999100  25915.6  0.02
