100  4434.92  0.98
1100  32882.7  0.6
2100  24895.3  0.24
3100  14256.6  0.1
4100  31357.2  0.16
5100  31295.2  0.14
6100  27051.2  0.1
7100  39994.6  0.12
8100  36863.1  0.1
9100  24795.8  0.06
10100  73344.5  0.16
11100  26717.3  0.06
12100  26744.4  0.06
13100  27989.5  0.06
14100  15890.3  0.04
15100  16890.8  0.04
16100  17891.3  0.04
17100  18954.1  0.04
18100  19454.8  0.04
19100  57287.4  0.06
20100  39177.8  0.04
21100  23714.9  0.04
22100  25327  0.04
23100  56487.1  0.06
24100  43431.4  0.04
25100  27647.2  0.04
26100  26101  0.02
27100  26193.4  0.02
28100  26193.4  0.02
29100  26193.4  0.02
30100  26193.4  0.02
31100  26193.4  0.02
32100  26193.4  0.02
33100  26193.4  0.02
34100  26193.4  0.02
35100  26193.4  0.02
36100  26193.4  0.02
37100  26193.4  0.02
38100  26193.4  0.02
39100  26193.4  0.02
40100  26193.4  0.02
41100  26193.4  0.02
42100  26193.4  0.02
43100  26193.4  0.02
44100  26193.4  0.02
45100  26193.4  0.02
46100  26193.4  0.02
47100  26193.4  0.02
48100  26193.4  0.02
49100  26193.4  0.02
50100  26193.4  0.02
51100  26193.4  0.02
52100  26193.4  0.02
53100  26193.4  0.02
54100  26193.4  0.02
55100  26193.4  0.02
56100  26193.4  0.02
57100  26193.4  0.02
58100  26193.4  0.02
59100  26193.4  0.02
60100  26193.4  0.02
61100  26193.4  0.02
62100  26193.4  0.02
63100  26193.4  0.02
64100  26193.4  0.02
65100  26193.4  0.02
66100  26193.4  0.02
67100  26193.4  0.02
68100  26193.4  0.02
69100  26193.4  0.02
70100  26193.4  0.02
71100  26193.4  0.02
72100  26193.4  0.02
73100  26193.4  0.02
74100  26193.4  0.02
75100  26193.4  0.02
76100  26193.4  0.02
77100  26193.4  0.02
78100  26193.4  0.02
79100  26193.4  0.02
80100  26193.4  0.02
81100  26193.4  0.02
82100  26193.4  0.02
83100  26193.4  0.02
84100  26193.4  0.02
85100  26193.4  0.02
86100  26193.4  0.02
87100  26193.4  0.02
88100  26193.4  0.02
89100  26193.4  0.02
90100  26193.4  0.02
91100  26193.4  0.02
92100  26193.4  0.02
93100  26193.4  0.02
94100  26193.4  0.02
95100  26193.4  0.02
96100  26193.4  0.02
97100  26193.4  0.02
98100  26193.4  0.02
99100  26193.4  0.02
100100  26193.4  0.02
101100  26193.4  0.02
102100  26193.4  0.02
103100  26193.4  0.02
104100  26193.4  0.02
105100  26193.4  0.02
106100  26193.4  0.02
107100  26193.4  0.02
108100  26193.4  0.02
109100  26193.4  0.02
110100  26193.4  0.02
111100  26193.4  0.02
112100  26193.4  0.02
113100  26193.4  0.02
114100  26193.4  0.02
115100  26193.4  0.02
116100  26193.4  0.02
117100  26193.4  0.02
118100  26193.4  0.02
119100  26193.4  0.02
120100  26193.4  0.02
121100  26193.4  0.02
122100  26193.4  0.02
123100  26193.4  0.02
124100  26193.4  0.02
125100  26193.4  0.02
126100  26193.4  0.02
127100  26193.4  0.02
128100  26193.4  0.02
129100  26193.4  0.02
130100  26193.4  0.02
131100  26193.4  0.02
132100  26193.4  0.02
133100  26193.4  0.02
134100  26193.4  0.02
135100  26193.4  0.02
136100  26193.4  0.02
137100  26193.4  0.02
138100  26193.4  0.02
139100  26193.4  0.02
140100  26193.4  0.02
141100  26193.4  0.02
142100  26193.4  0.02
143100  26193.4  0.02
144100  26193.4  0.02
145100  26193.4  0.02
146100  26193.4  0.02
147100  26193.4  0.02
148100  26193.4  0.02
149100  26193.4  0.02
150100  26193.4  0.02
151100  26193.4  0.02
152100  26193.4  0.02
153100  26193.4  0.02
154100  26193.4  0.02
155100  26193.4  0.02
156100  26193.4  0.02
157100  26193.4  0.02
158100  26193.4  0.02
159100  26193.4  0.02
160100  26193.4  0.02
161100  26193.4  0.02
162100  26193.4  0.02
163100  26193.4  0.02
164100  26193.4  0.02
165100  26193.4  0.02
166100  26193.4  0.02
167100  26193.4  0.02
168100  26193.4  0.02
169100  26193.4  0.02
170100  26193.4  0.02
171100  26193.4  0.02
172100  26193.4  0.02
173100  26193.4  0.02
174100  26193.4  0.02
175100  26193.4  0.02
176100  26193.4  0.02
177100  26193.4  0.02
178100  26193.4  0.02
179100  26193.4  0.02
180100  26193.4  0.02
181100  26193.4  0.02
182100  26193.4  0.02
183100  26193.4  0.02
184100  26193.4  0.02
185100  26193.4  0.02
186100  26193.4  0.02
187100  26193.4  0.02
188100  26193.4  0.02
189100  26193.4  0.02
190100  26193.4  0.02
191100  26193.4  0.02
192100  26193.4  0.02
193100  26193.4  0.02
194100  26193.4  0.02
195100  26193.4  0.02
196100  26193.4  0.02
197100  26193.4  0.02
198100  26193.4  0.02
199100  26193.4  0.02
200100  26193.4  0.02
201100  26193.4  0.02
202100  26193.4  0.02
203100  26193.4  0.02
204100  26193.4  0.02
205100  26193.4  0.02
206100  26193.4  0.02
207100  26193.4  0.02
208100  26193.4  0.02
209100  26193.4  0.02
210100  26193.4  0.02
211100  26193.4  0.02
212100  26193.4  0.02
213100  26193.4  0.02
214100  26193.4  0.02
215100  26193.4  0.02
216100  26193.4  0.02
217100  26193.4  0.02
218100  26193.4  0.02
219100  26193.4  0.02
220100  26193.4  0.02
221100  26193.4  0.02
222100  26193.4  0.02
223100  26193.4  0.02
224100  26193.4  0.02
225100  26193.4  0.02
226100  26193.4  0.02
227100  26193.4  0.02
228100  26193.4  0.02
229100  26193.4  0.02
230100  26193.4  0.02
231100  26193.4  0.02
232100  26193.4  0.02
233100  26193.4  0.02
234100  26193.4  0.02
235100  26193.4  0.02
236100  26193.4  0.02
237100  26193.4  0.02
238100  26193.4  0.02
239100  26193.4  0.02
240100  26193.4  0.02
241100  26193.4  0.02
242100  26193.4  0.02
243100  26193.4  0.02
244100  26193.4  0.02
245100  26193.4  0.02
246100  26193.4  0.02
247100  26193.4  0.02
248100  26193.4  0.02
249100  26193.4  0.02
250100  26193.4  0.02
251100  26193.4  0.02
252100  26193.4  0.02
253100  26193.4  0.02
254100  26193.4  0.02
255100  26193.4  0.02
256100  26193.4  0.02
257100  26193.4  0.02
258100  26193.4  0.02
259100  26193.4  0.02
260100  26193.4  0.02
261100  26193.4  0.02
262100  26193.4  0.02
263100  26193.4  0.02
264100  26193.4  0.02
265100  26193.4  0.02
266100  26193.4  0.02
267100  26193.4  0.02
268100  26193.4  0.02
269100  26193.4  0.02
270100  26193.4  0.02
271100  26193.4  0.02
272100  26193.4  0.02
273100  26193.4  0.02
274100  26193.4  0.02
275100  26193.4  0.02
276100  26193.4  0.02
277100  26193.4  0.02
278100  26193.4  0.02
279100  26193.4  0.02
280100  26193.4  0.02
281100  26193.4  0.02
282100  26193.4  0.02
283100  26193.4  0.02
284100  26193.4  0.02
285100  26193.4  0.02
286100  26193.4  0.02
287100  26193.4  0.02
288100  26193.4  0.02
289100  26193.4  0.02
290100  26193.4  0.02
291100  26193.4  0.02
292100  26193.4  0.02
293100  26193.4  0.02
294100  26193.4  0.02
295100  26193.4  0.02
296100  26193.4  0.02
297100  26193.4  0.02
298100  26193.4  0.02
299100  26193.4  0.02
300100  26193.4  0.02
301100  26193.4  0.02
302100  26193.4  0.02
303100  26193.4  0.02
304100  26193.4  0.02
305100  26193.4  0.02
306100  26193.4  0.02
307100  26193.4  0.02
308100  26193.4  0.02
309100  26193.4  0.02
310100  26193.4  0.02
311100  26193.4  0.02
312100  26193.4  0.02
313100  26193.4  0.02
314100  26193.4  0.02
315100  26193.4  0.02
316100  26193.4  0.02
317100  26193.4  0.02
318100  26193.4  0.02
319100  26193.4  0.02
320100  26193.4  0.02
321100  26193.4  0.02
322100  26193.4  0.02
323100  26193.4  0.02
324100  26193.4  0.02
325100  26193.4  0.02
326100  26193.4  0.02
327100  26193.4  0.02
328100  26193.4  0.02
329100  26193.4  0.02
330100  26193.4  0.02
331100  26193.4  0.02
332100  26193.4  0.02
333100  26193.4  0.02
334100  26193.4  0.02
335100  26193.4  0.02
336100  26193.4  0.02
337100  26193.4  0.02
338100  26193.4  0.02
339100  26193.4  0.02
340100  26193.4  0.02
341100  26193.4  0.02
342100  26193.4  0.02
343100  26193.4  0.02
344100  26193.4  0.02
345100  26193.4  0.02
346100  26193.4  0.02
347100  26193.4  0.02
348100  26193.4  0.02
349100  26193.4  0.02
350100  26193.4  0.02
351100  26193.4  0.02
352100  26193.4  0.02
353100  26193.4  0.02
354100  26193.4  0.02
355100  26193.4  0.02
356100  26193.4  0.02
357100  26193.4  0.02
358100  26193.4  0.02
359100  26193.4  0.02
360100  26193.4  0.02
361100  26193.4  0.02
362100  26193.4  0.02
363100  26193.4  0.02
364100  26193.4  0.02
365100  26193.4  0.02
366100  26193.4  0.02
367100  26193.4  0.02
368100  26193.4  0.02
369100  26193.4  0.02
370100  26193.4  0.02
371100  26193.4  0.02
372100  26193.4  0.02
373100  26193.4  0.02
374100  26193.4  0.02
375100  26193.4  0.02
376100  26193.4  0.02
377100  26193.4  0.02
378100  26193.4  0.02
379100  26193.4  0.02
380100  26193.4  0.02
381100  26193.4  0.02
382100  26193.4  0.02
383100  26193.4  0.02
384100  26193.4  0.02
385100  26193.4  0.02
386100  26193.4  0.02
387100  26193.4  0.02
388100  26193.4  0.02
389100  26193.4  0.02
390100  26193.4  0.02
391100  26193.4  0.02
392100  26193.4  0.02
393100  26193.4  0.02
394100  26193.4  0.02
395100  26193.4  0.02
396100  26193.4  0.02
397100  26193.4  0.02
398100  26193.4  0.02
399100  26193.4  0.02
400100  26193.4  0.02
401100  26193.4  0.02
402100  26193.4  0.02
403100  26193.4  0.02
404100  26193.4  0.02
405100  26193.4  0.02
406100  26193.4  0.02
407100  26193.4  0.02
408100  26193.4  0.02
409100  26193.4  0.02
410100  26193.4  0.02
411100  26193.4  0.02
412100  26193.4  0.02
413100  26193.4  0.02
414100  26193.4  0.02
415100  26193.4  0.02
416100  26193.4  0.02
417100  26193.4  0.02
418100  26193.4  0.02
419100  26193.4  0.02
420100  26193.4  0.02
421100  26193.4  0.02
422100  26193.4  0.02
423100  26193.4  0.02
424100  26193.4  0.02
425100  26193.4  0.02
426100  26193.4  0.02
427100  26193.4  0.02
428100  26193.4  0.02
429100  26193.4  0.02
430100  26193.4  0.02
431100  26193.4  0.02
432100  26193.4  0.02
433100  26193.4  0.02
434100  26193.4  0.02
435100  26193.4  0.02
436100  26193.4  0.02
437100  26193.4  0.02
438100  26193.4  0.02
439100  26193.4  0.02
440100  26193.4  0.02
441100  26193.4  0.02
442100  26193.4  0.02
443100  26193.4  0.02
444100  26193.4  0.02
445100  26193.4  0.02
446100  26193.4  0.02
447100  26193.4  0.02
448100  26193.4  0.02
449100  26193.4  0.02
450100  26193.4  0.02
451100  26193.4  0.02
452100  26193.4  0.02
453100  26193.4  0.02
454100  26193.4  0.02
455100  26193.4  0.02
456100  26193.4  0.02
457100  26193.4  0.02
458100  26193.4  0.02
459100  26193.4  0.02
460100  26193.4  0.02
461100  26193.4  0.02
462100  26193.4  0.02
463100  26193.4  0.02
464100  26193.4  0.02
465100  26193.4  0.02
466100  26193.4  0.02
467100  26193.4  0.02
468100  26193.4  0.02
469100  26193.4  0.02
470100  26193.4  0.02
471100  26193.4  0.02
472100  26193.4  0.02
473100  26193.4  0.02
474100  26193.4  0.02
475100  26193.4  0.02
476100  26193.4  0.02
477100  26193.4  0.02
478100  26193.4  0.02
479100  26193.4  0.02
480100  26193.4  0.02
481100  26193.4  0.02
482100  26193.4  0.02
483100  26193.4  0.02
484100  26193.4  0.02
485100  26193.4  0.02
486100  26193.4  0.02
487100  26193.4  0.02
488100  26193.4  0.02
489100  26193.4  0.02
490100  26193.4  0.02
491100  26193.4  0.02
492100  26193.4  0.02
493100  26193.4  0.02
494100  26193.4  0.02
495100  26193.4  0.02
496100  26193.4  0.02
497100  26193.4  0.02
498100  26193.4  0.02
499100  26193.4  0.02
500100  26193.4  0.02
501100  26193.4  0.02
502100  26193.4  0.02
503100  26193.4  0.02
504100  26193.4  0.02
505100  26193.4  0.02
506100  26193.4  0.02
507100  26193.4  0.02
508100  26193.4  0.02
509100  26193.4  0.02
510100  26193.4  0.02
511100  26193.4  0.02
512100  26193.4  0.02
513100  26193.4  0.02
514100  26193.4  0.02
515100  26193.4  0.02
516100  26193.4  0.02
517100  26193.4  0.02
518100  26193.4  0.02
519100  26193.4  0.02
520100  26193.4  0.02
521100  26193.4  0.02
522100  26193.4  0.02
523100  26193.4  0.02
524100  26193.4  0.02
525100  26193.4  0.02
526100  26193.4  0.02
527100  26193.4  0.02
528100  26193.4  0.02
529100  26193.4  0.02
530100  26193.4  0.02
531100  26193.4  0.02
532100  26193.4  0.02
533100  26193.4  0.02
534100  26193.4  0.02
535100  26193.4  0.02
536100  26193.4  0.02
537100  26193.4  0.02
538100  26193.4  0.02
539100  26193.4  0.02
540100  26193.4  0.02
541100  26193.4  0.02
542100  26193.4  0.02
543100  26193.4  0.02
544100  26193.4  0.02
545100  26193.4  0.02
546100  26193.4  0.02
547100  26193.4  0.02
548100  26193.4  0.02
549100  26193.4  0.02
550100  26193.4  0.02
551100  26193.4  0.02
552100  26193.4  0.02
553100  26193.4  0.02
554100  26193.4  0.02
555100  26193.4  0.02
556100  26193.4  0.02
557100  26193.4  0.02
558100  26193.4  0.02
559100  26193.4  0.02
560100  26193.4  0.02
561100  26193.4  0.02
562100  26193.4  0.02
563100  26193.4  0.02
564100  26193.4  0.02
565100  26193.4  0.02
566100  26193.4  0.02
567100  26193.4  0.02
568100  26193.4  0.02
569100  26193.4  0.02
570100  26193.4  0.02
571100  26193.4  0.02
572100  26193.4  0.02
573100  26193.4  0.02
574100  26193.4  0.02
575100  26193.4  0.02
576100  26193.4  0.02
577100  26193.4  0.02
578100  26193.4  0.02
579100  26193.4  0.02
580100  26193.4  0.02
581100  26193.4  0.02
582100  26193.4  0.02
583100  26193.4  0.02
584100  26193.4  0.02
585100  26193.4  0.02
586100  26193.4  0.02
587100  26193.4  0.02
588100  26193.4  0.02
589100  26193.4  0.02
590100  26193.4  0.02
591100  26193.4  0.02
592100  26193.4  0.02
593100  26193.4  0.02
594100  26193.4  0.02
595100  26193.4  0.02
596100  26193.4  0.02
597100  26193.4  0.02
598100  26193.4  0.02
599100  26193.4  0.02
600100  26193.4  0.02
601100  26193.4  0.02
602100  26193.4  0.02
603100  26193.4  0.02
604100  26193.4  0.02
605100  26193.4  0.02
606100  26193.4  0.02
607100  26193.4  0.02
608100  26193.4  0.02
609100  26193.4  0.02
610100  26193.4  0.02
611100  26193.4  0.02
612100  26193.4  0.02
613100  26193.4  0.02
614100  26193.4  0.02
615100  26193.4  0.02
616100  26193.4  0.02
617100  26193.4  0.02
618100  26193.4  0.02
619100  26193.4  0.02
620100  26193.4  0.02
621100  26193.4  0.02
622100  26193.4  0.02
623100  26193.4  0.02
624100  26193.4  0.02
625100  26193.4  0.02
626100  26193.4  0.02
627100  26193.4  0.02
628100  26193.4  0.02
629100  26193.4  0.02
630100  26193.4  0.02
631100  26193.4  0.02
632100  26193.4  0.02
633100  26193.4  0.02
634100  26193.4  0.02
635100  26193.4  0.02
636100  26193.4  0.02
637100  26193.4  0.02
638100  26193.4  0.02
639100  26193.4  0.02
640100  26193.4  0.02
641100  26193.4  0.02
642100  26193.4  0.02
643100  26193.4  0.02
644100  26193.4  0.02
645100  26193.4  0.02
646100  26193.4  0.02
647100  26193.4  0.02
648100  26193.4  0.02
649100  26193.4  0.02
650100  26193.4  0.02
651100  26193.4  0.02
652100  26193.4  0.02
653100  26193.4  0.02
654100  26193.4  0.02
655100  26193.4  0.02
656100  26193.4  0.02
657100  26193.4  0.02
658100  26193.4  0.02
659100  26193.4  0.02
660100  26193.4  0.02
661100  26193.4  0.02
662100  26193.4  0.02
663100  26193.4  0.02
664100  26193.4  0.02
665100  26193.4  0.02
666100  26193.4  0.02
667100  26193.4  0.02
668100  26193.4  0.02
669100  26193.4  0.02
670100  26193.4  0.02
671100  26193.4  0.02
672100  26193.4  0.02
673100  26193.4  0.02
674100  26193.4  0.02
675100  26193.4  0.02
676100  26193.4  0.02
677100  26193.4  0.02
678100  26193.4  0.02
679100  26193.4  0.02
680100  26193.4  0.02
681100  26193.4  0.02
682100  26193.4  0.02
683100  26193.4  0.02
684100  26193.4  0.02
685100  26193.4  0.02
686100  26193.4  0.02
687100  26193.4  0.02
688100  26193.4  0.02
689100  26193.4  0.02
690100  26193.4  0.02
691100  26193.4  0.02
692100  26193.4  0.02
693100  26193.4  0.02
694100  26193.4  0.02
695100  26193.4  0.02
696100  26193.4  0.02
697100  26193.4  0.02
698100  26193.4  0.02
699100  26193.4  0.02
700100  26193.4  0.02
701100  26193.4  0.02
702100  26193.4  0.02
703100  26193.4  0.02
704100  26193.4  0.02
705100  26193.4  0.02
706100  26193.4  0.02
707100  26193.4  0.02
708100  26193.4  0.02
709100  26193.4  0.02
710100  26193.4  0.02
711100  26193.4  0.02
712100  26193.4  0.02
713100  26193.4  0.02
714100  26193.4  0.02
715100  26193.4  0.02
716100  26193.4  0.02
717100  26193.4  0.02
718100  26193.4  0.02
719100  26193.4  0.02
720100  26193.4  0.02
721100  26193.4  0.02
722100  26193.4  0.02
723100  26193.4  0.02
724100  26193.4  0.02
725100  26193.4  0.02
726100  26193.4  0.02
727100  26193.4  0.02
728100  26193.4  0.02
729100  26193.4  0.02
730100  26193.4  0.02
731100  26193.4  0.02
732100  26193.4  0.02
733100  26193.4  0.02
734100  26193.4  0.02
735100  26193.4  0.02
736100  26193.4  0.02
737100  26193.4  0.02
738100  26193.4  0.02
739100  26193.4  0.02
740100  26193.4  0.02
741100  26193.4  0.02
742100  26193.4  0.02
743100  26193.4  0.02
744100  26193.4  0.02
745100  26193.4  0.02
746100  26193.4  0.02
747100  26193.4  0.02
748100  26193.4  0.02
749100  26193.4  0.02
750100  26193.4  0.02
751100  26193.4  0.02
752100  26193.4  0.02
753100  26193.4  0.02
754100  26193.4  0.02
755100  26193.4  0.02
756100  26193.4  0.02
757100  26193.4  0.02
758100  26193.4  0.02
759100  26193.4  0.02
760100  26193.4  0.02
761100  26193.4  0.02
762100  26193.4  0.02
763100  26193.4  0.02
764100  26193.4  0.02
765100  26193.4  0.02
766100  26193.4  0.02
767100  26193.4  0.02
768100  26193.4  0.02
769100  26193.4  0.02
770100  26193.4  0.02
771100  26193.4  0.02
772100  26193.4  0.02
773100  26193.4  0.02
774100  26193.4  0.02
775100  26193.4  0.02
776100  26193.4  0.02
777100  26193.4  0.02
778100  26193.4  0.02
779100  26193.4  0.02
780100  26193.4  0.02
781100  26193.4  0.02
782100  26193.4  0.02
783100  26193.4  0.02
784100  26193.4  0.02
785100  26193.4  0.02
786100  26193.4  0.02
787100  26193.4  0.02
788100  26193.4  0.02
789100  26193.4  0.02
790100  26193.4  0.02
791100  26193.4  0.02
792100  26193.4  0.02
793100  26193.4  0.02
794100  26193.4  0.02
795100  26193.4  0.02
796100  26193.4  0.02
797100  26193.4  0.02
798100  26193.4  0.02
799100  26193.4  0.02
800100  26193.4  0.02
801100  26193.4  0.02
802100  26193.4  0.02
803100  26193.4  0.02
804100  26193.4  0.02
805100  26193.4  0.02
806100  26193.4  0.02
807100  26193.4  0.02
808100  26193.4  0.02
809100  26193.4  0.02
810100  26193.4  0.02
811100  26193.4  0.02
812100  26193.4  0.02
813100  26193.4  0.02
814100  26193.4  0.02
815100  26193.4  0.02
816100  26193.4  0.02
817100  26193.4  0.02
818100  26193.4  0.02
819100  26193.4  0.02
820100  26193.4  0.02
821100  26193.4  0.02
822100  26193.4  0.02
823100  26193.4  0.02
824100  26193.4  0.02
825100  26193.4  0.02
826100  26193.4  0.02
827100  26193.4  0.02
828100  26193.4  0.02
829100  26193.4  0.02
830100  26193.4  0.02
831100  26193.4  0.02
832100  26193.4  0.02
833100  26193.4  0.02
834100  26193.4  0.02
835100  26193.4  0.02
836100  26193.4  0.02
837100  26193.4  0.02
838100  26193.4  0.02
839100  26193.4  0.02
840100  26193.4  0.02
841100  26193.4  0.02
842100  26193.4  0.02
843100  26193.4  0.02
844100  26193.4  0.02
845100  26193.4  0.02
846100  26193.4  0.02
847100  26193.4  0.02
848100  26193.4  0.02
849100  26193.4  0.02
850100  26193.4  0.02
851100  26193.4  0.02
852100  26193.4  0.02
853100  26193.4  0.02
854100  26193.4  0.02
855100  26193.4  0.02
856100  26193.4  0.02
857100  26193.4  0.02
858100  26193.4  0.02
859100  26193.4  0.02
860100  26193.4  0.02
861100  26193.4  0.02
862100  26193.4  0.02
863100  26193.4  0.02
864100  26193.4  0.02
865100  26193.4  0.02
866100  26193.4  0.02
867100  26193.4  0.02
868100  26193.4  0.02
869100  26193.4  0.02
870100  26193.4  0.02
871100  26193.4  0.02
872100  26193.4  0.02
873100  26193.4  0.02
874100  26193.4  0.02
875100  26193.4  0.02
876100  26193.4  0.02
877100  26193.4  0.02
878100  26193.4  0.02
879100  26193.4  0.02
880100  26193.4  0.02
881100  26193.4  0.02
882100  26193.4  0.02
883100  26193.4  0.02
884100  26193.4  0.02
885100  26193.4  0.02
886100  26193.4  0.02
887100  26193.4  0.02
888100  26193.4  0.02
889100  26193.4  0.02
890100  26193.4  0.02
891100  26193.4  0.02
892100  26193.4  0.02
893100  26193.4  0.02
894100  26193.4  0.02
895100  26193.4  0.02
896100  26193.4  0.02
897100  26193.4  0.02
898100  26193.4  0.02
899100  26193.4  0.02
900100  26193.4  0.02
901100  26193.4  0.02
902100  26193.4  0.02
903100  26193.4  0.02
904100  26193.4  0.02
905100  26193.4  0.02
906100  26193.4  0.02
907100  26193.4  0.02
908100  26193.4  0.02
909100  26193.4  0.02
910100  26193.4  0.02
911100  26193.4  0.02
912100  26193.4  0.02
913100  26193.4  0.02
914100  26193.4  0.02
915100  26193.4  0.02
916100  26193.4  0.02
917100  26193.4  0.02
918100  26193.4  0.02
919100  26193.4  0.02
920100  26193.4  0.02
921100  26193.4  0.02
922100  26193.4  0.02
923100  26193.4  0.02
924100  26193.4  0.02
925100  26193.4  0.02
926100  26193.4  0.02
927100  26193.4  0.02
928100  26193.4  0.02
929100  26193.4  0.02
930100  26193.4  0.02
931100  26193.4  0.02
932100  26193.4  0.02
933100  26193.4  0.02
934100  26193.4  0.02
935100  26193.4  0.02
936100  26193.4  0.02
937100  26193.4  0.02
938100  26193.4  0.02
939100  26193.4  0.02
940100  26193.4  0.02
941100  26193.4  0.02
942100  26193.4  0.02
943100  26193.4  0.02
944100  26193.4  0.02
945100  26193.4  0.02
946100  26193.4  0.02
947100  26193.4  0.02
948100  26193.4  0.02
949100  26193.4  0.02
950100  26193.4  0.02
951100  26193.4  0.02
952100  26193.4  0.02
953100  26193.4  0.02
954100  26193.4  0.02
955100  26193.4  0.02
956100  26193.4  0.02
957100  26193.4  0.02
958100  26193.4  0.02
959100  26193.4  0.02
960100  26193.4  0.02
961100  26193.4  0.02
962100  26193.4  0.02
963100  26193.4  0.02
964100  26193.4  0.02
965100  26193.4  0.02
966100  26193.4  0.02
967100  26193.4  0.02
968100  26193.4  0.02
969100  26193.4  0.02
970100  26193.4  0.02
971100  26193.4  0.02
972100  26193.4  0.02
973100  26193.4  0.02
974100  26193.4  0.02
975100  26193.4  0.02
976100  26193.4  0.02
977100  26193.4  0.02
978100  26193.4  0.02
979100  26193.4  0.02
980100  26193.4  0.02
981100  26193.4  0.02
982100  26193.4  0.02
983100  26193.4  0.02
984100  26193.4  0.02
985100  26193.4  0.02
986100  26193.4  0.02
987100  26193.4  0.02
988100  26193.4  0.02
989100  26193.4  0.02
990100  26193.4  0.02
991100  26193.4  0.02
992100  26193.4  0.02
993100  26193.4  0.02
994100  26193.4  0.02
995100  26193.4  0.02
996100  26193.4  0.02
997100  26193.4  0.02
998100  26193.4  0.02
999100  26193.4  0.02
