100  4473.51  1
120  5309.17  1
140  6230.8  0.96
160  7622.04  0.96
180  8436.04  0.96
200  9424.67  0.94
220  10866.7  0.96
240  11864.8  0.98
260  12053.5  0.88
280  14126.3  0.98
300  15189  0.98
320  14436.3  0.88
340  15444.9  0.9
360  16290.7  0.9
380  16888.2  0.9
400  17036  0.86
420  17932.7  0.86
440  18622.9  0.86
460  19127.2  0.86
480  19897.6  0.82
500  21190  0.84
520  21137.2  0.82
540  23614.4  0.88
560  23350.4  0.84
580  22020  0.76
600  21851.2  0.74
620  23621.7  0.76
640  24874.9  0.78
660  25594.3  0.78
680  23039.3  0.68
700  25253.2  0.72
720  23088.9  0.66
740  29245.3  0.82
760  25762.4  0.68
780  28856.2  0.74
800  26006.8  0.64
820  23995.6  0.58
840  26450.1  0.64
860  25541.4  0.6
880  30824.8  0.72
900  26667.8  0.6
920  28715  0.64
940  32659.2  0.72
960  26407.7  0.56
980  25656.5  0.54
1000  25740.1  0.52
1020  31191.9  0.62
1040  28722.1  0.56
1060  33970  0.64
1080  30542.6  0.58
1100  22201  0.42
1120  37416.9  0.68
1140  25456.2  0.46
1160  34472.2  0.6
1180  30590.7  0.54
1200  28040.1  0.48
1220  30806.7  0.52
1240  27904.8  0.46
1260  37928.2  0.62
1280  25991.6  0.42
1300  27347.8  0.42
1320  38129.3  0.58
1340  23165.7  0.36
1360  24070.1  0.36
1380  30243.4  0.44
1400  29090.5  0.42
1420  31951.7  0.46
1440  40804.4  0.58
1460  36879.3  0.5
1480  40751.6  0.56
1500  33887.1  0.46
1520  28720  0.38
1540  29059.6  0.38
1560  33734.3  0.44
1580  43450.9  0.56
1600  31739.1  0.4
1620  20860.8  0.26
1640  29085.5  0.36
1660  29024.9  0.36
1680  28936.7  0.36
1700  37675.6  0.46
1720  41754.9  0.5
1740  39385.5  0.46
1760  31796.3  0.36
1780  22802.9  0.26
1800  35115.6  0.4
1820  34756  0.38
1840  40935.6  0.46
1860  37319.2  0.4
1880  24109.3  0.26
1900  45062.7  0.48
1920  29385.2  0.32
1940  30683.2  0.32
1960  42428.6  0.44
1980  23162.6  0.24
2000  28021  0.3
2020  34098.3  0.34
2040  36695.9  0.36
2060  39374.4  0.4
2080  38241.6  0.38
2100  33102.1  0.32
2120  35849.5  0.36
2140  37894.8  0.36
2160  30608.3  0.3
2180  35001.7  0.34
2200  40025.6  0.38
2220  36358.1  0.34
2240  30572.7  0.28
2260  30206.1  0.28
2280  37404.7  0.34
2300  48036.3  0.42
2320  32152.5  0.28
2340  28598  0.26
2360  32240.1  0.28
2380  32999.7  0.28
2400  40852.6  0.34
2420  47629.9  0.4
2440  29197.2  0.24
2460  48919.2  0.4
2480  36129.9  0.3
2500  29132.9  0.24
2520  39027.4  0.32
2540  34018.5  0.28
2560  47995.6  0.38
2580  42977.1  0.34
2600  33553.9  0.26
2620  27246.4  0.22
2640  46183.2  0.36
2660  38883.4  0.3
2680  45545.4  0.34
2700  29934.1  0.24
2720  37113.9  0.28
2740  33738.6  0.26
2760  26960.8  0.2
2780  24281.3  0.18
2800  25211.9  0.2
2820  56831.2  0.42
2840  40926.1  0.3
2860  30822.5  0.22
2880  46471.8  0.34
2900  36574.5  0.26
2920  30620.3  0.22
2940  51136  0.36
2960  49573.7  0.34
2980  55151.5  0.38
3000  29709.1  0.2
3020  40886.6  0.28
3040  49101.8  0.34
3060  19157.1  0.14
3080  34165.5  0.24
3100  26680.8  0.18
3120  54996.7  0.36
3140  42332.4  0.28
3160  64214.8  0.42
3180  47886.3  0.3
3200  49767.5  0.32
3220  42606  0.28
3240  36918.7  0.24
3260  39481.7  0.26
3280  26665.9  0.18
3300  31803.4  0.2
3320  30303.1  0.2
3340  68484.1  0.42
3360  27814.8  0.18
3380  43191.8  0.26
3400  34186.3  0.2
3420  46705  0.28
3440  37329  0.22
3460  33427.8  0.2
3480  30698.9  0.18
3500  22476.7  0.14
3520  32315.6  0.2
3540  31717.1  0.18
3560  30101.2  0.18
3580  46369.7  0.26
3600  48623.7  0.28
3620  29995.9  0.18
3640  45054.3  0.26
3660  67769.7  0.38
3680  46177.2  0.26
3700  30800.1  0.18
3720  42815.9  0.24
3740  46023.3  0.26
3760  39723.4  0.22
3780  34235.9  0.2
3800  39278.8  0.22
3820  44254.8  0.24
3840  58505  0.32
3860  52627.5  0.28
3880  37330.7  0.2
3900  63421.1  0.34
3920  49949.3  0.26
3940  39753.4  0.22
3960  41109.7  0.22
3980  39903  0.22
4000  61637.7  0.32
4020  75750.2  0.38
4040  19181  0.1
4060  74267.2  0.38
4080  46311.3  0.24
4100  32407.3  0.16
4120  49031.5  0.24
4140  59683.2  0.3
4160  52159  0.26
4180  56529.5  0.28
4200  52935.1  0.26
4220  39168.7  0.2
4240  41689.3  0.2
4260  27086.6  0.14
4280  39238.2  0.2
4300  55628.6  0.26
4320  44047.8  0.22
4340  41131.6  0.2
4360  28979.9  0.14
4380  41583.8  0.2
4400  67011.9  0.32
4420  40884.4  0.2
4440  20383.7  0.1
4460  39284.1  0.18
4480  23834.6  0.12
4500  15685.5  0.08
4520  47362.3  0.22
4540  46887.7  0.22
4560  35419.9  0.16
4580  47779.1  0.22
4600  59607.9  0.26
4620  38724  0.18
4640  50428.6  0.22
4660  43917.9  0.2
4680  57160.4  0.26
4700  47361.3  0.22
4720  21404.9  0.1
4740  34069.3  0.16
4760  30670.1  0.14
4780  51462.8  0.22
4800  24532.5  0.12
4820  48274.6  0.2
4840  41862.2  0.18
4860  78547.1  0.34
4880  84595.7  0.36
4900  26697.3  0.12
4920  85311.2  0.36
4940  21866.1  0.1
4960  34538.6  0.14
4980  31436.7  0.14
5000  71346.1  0.3
5020  106659  0.44
5040  24554.2  0.1
5060  41957.6  0.18
5080  27992.7  0.12
5100  43932.7  0.18
5120  67516.6  0.28
5140  39706.5  0.16
5160  46110  0.18
5180  23392.5  0.1
5200  34927.3  0.14
5220  43132.1  0.18
5240  74143.5  0.3
5260  65425.9  0.26
5280  40642.5  0.16
5300  43231.3  0.18
5320  56998.4  0.22
5340  37835.9  0.16
5360  49370.3  0.2
5380  50435.4  0.2
5400  70530.1  0.28
5420  82508.9  0.32
5440  75232.3  0.28
5460  39243.4  0.16
5480  65568.4  0.26
5500  52473.5  0.2
5520  84275.5  0.32
5540  45193.1  0.18
5560  37525.5  0.14
5580  45982.5  0.18
5600  41567.2  0.16
5620  45374.4  0.18
5640  39898  0.16
5660  23802.4  0.1
5680  66488.2  0.24
5700  26461.9  0.1
5720  48509.9  0.18
5740  41748.8  0.16
5760  55162.1  0.2
5780  70577.1  0.26
5800  65197.1  0.24
5820  49666.4  0.18
5840  33107.9  0.12
5860  67287.3  0.24
5880  35114.6  0.12
5900  25202.7  0.1
5920  17357  0.06
5940  91195.2  0.32
5960  52635.5  0.18
5980  58079.1  0.2
6000  42600.9  0.16
6020  26843  0.1
6040  63134.6  0.22
6060  37385.9  0.14
6080  86215.1  0.3
6100  25595.8  0.1
6120  28442.5  0.1
6140  40003.3  0.14
6160  62246.9  0.22
6180  20544.8  0.08
6200  32737.9  0.12
6220  34485.9  0.12
6240  50833.7  0.18
6260  63776.5  0.22
6280  27483.2  0.1
6300  66105  0.22
6320  34430  0.12
6340  34246.7  0.12
6360  20684.8  0.08
6380  45449  0.16
6400  44973.1  0.16
6420  59880.6  0.2
6440  52885  0.18
6460  68442.6  0.22
6480  33004.5  0.12
6500  20913.1  0.08
6520  55421  0.18
6540  70417  0.22
6560  86126.1  0.28
6580  43173.7  0.14
6600  62973.9  0.2
6620  55789.5  0.18
6640  59831.1  0.2
6660  26774.9  0.1
6680  76663.9  0.24
6700  88232.2  0.28
6720  60250.4  0.18
6740  50468.2  0.16
6760  20951.6  0.08
6780  122971  0.38
6800  14678.9  0.06
6820  96449.6  0.3
6840  84272.1  0.26
6860  33452.5  0.1
6880  91871.2  0.28
6900  20481.8  0.06
6920  13713.7  0.04
6940  87192.9  0.26
6960  71247.3  0.22
6980  61665.6  0.18
7000  55263  0.16
7020  31134.7  0.1
7040  50166  0.16
7060  92182  0.28
7080  28968  0.1
7100  60347.8  0.18
7120  54655.4  0.16
7140  100149  0.3
7160  28395.2  0.08
7180  82106.9  0.24
7200  65590.8  0.2
7220  36583.9  0.12
7240  69700.2  0.2
7260  50541.1  0.14
7280  29066.8  0.08
7300  96771.3  0.28
7320  83141.4  0.24
7340  118501  0.34
7360  28455.8  0.08
7380  75729.4  0.22
7400  50060.2  0.14
7420  82965.7  0.24
7440  21510.6  0.06
7460  75549.5  0.22
7480  14220  0.04
7500  21240.7  0.06
7520  113606  0.32
7540  107661  0.3
7560  21731.8  0.06
7580  66234.5  0.18
7600  107901  0.3
7620  54017.9  0.16
7640  93900  0.26
7660  15282.4  0.04
7680  85357  0.24
7700  108896  0.3
7720  26329.2  0.08
7740  15361.6  0.04
7760  68137.8  0.18
7780  71562.4  0.2
7800  68489.5  0.18
7820  29804.7  0.08
7840  23003.5  0.06
7860  88117  0.24
7880  15485.6  0.04
7900  84662.4  0.22
7920  119132  0.32
7940  62841  0.16
7960  105073  0.28
7980  23431.1  0.06
8000  15591.2  0.04
8020  65436.5  0.18
8040  73198.5  0.2
8060  31273.4  0.08
8080  98999.6  0.26
8100  58778.3  0.16
8120  39452.8  0.1
8140  15717.7  0.04
8160  14830.7  0.04
8180  83842.8  0.22
8200  14867.6  0.04
8220  93575.5  0.24
8240  15805.9  0.04
8260  51821.3  0.14
8280  55165.4  0.14
8300  23847.6  0.06
8320  54023.2  0.14
8340  24081.6  0.06
8360  103508  0.26
8380  82694.7  0.2
8400  97605.6  0.24
8420  15073.8  0.04
8440  82589.3  0.2
8460  23231.9  0.06
8480  77121.6  0.2
8500  71066.7  0.18
8520  48433.6  0.12
8540  43392.8  0.12
8560  59859  0.14
8580  76545  0.18
8600  42582  0.1
8620  73084.7  0.18
8640  105181  0.26
8660  87754.5  0.22
8680  41750.1  0.1
8700  45619.1  0.12
8720  16233.6  0.04
8740  24597  0.06
8760  88224.9  0.22
8780  24907.7  0.06
8800  15413.9  0.04
8820  24390.1  0.06
8840  15447.8  0.04
8860  71327.4  0.18
8880  33152.5  0.08
8900  55625.1  0.14
8920  45988  0.12
8940  104515  0.24
8960  16442.2  0.04
8980  63773.4  0.16
9000  70234.7  0.16
9020  16499.8  0.04
9040  76208.8  0.18
9060  100971  0.24
9080  54120  0.12
9100  74603.6  0.18
9120  56739.6  0.14
9140  33972.1  0.08
9160  33236  0.08
9180  121678  0.28
9200  48251.6  0.12
9220  42484.9  0.1
9240  16695.3  0.04
9260  16714.6  0.04
9280  15841.5  0.04
9300  87971.4  0.2
9320  57314.2  0.14
9340  95762.4  0.22
9360  38264.4  0.1
9380  21819.7  0.06
9400  94588.7  0.22
9420  16855.9  0.04
9440  26157.4  0.06
9460  89239.7  0.2
9480  56823.5  0.12
9500  83544.9  0.18
9520  106061  0.24
9540  99536.6  0.22
9560  120763  0.26
9580  127551  0.28
9600  77317.8  0.18
9620  116546  0.26
9640  17051.4  0.04
9660  77646.4  0.18
9680  35945.8  0.08
9700  71900.1  0.16
9720  53947  0.12
9740  80554.4  0.18
9760  105696  0.22
9780  68039.7  0.14
9800  73606.6  0.16
9820  45361.3  0.1
9840  70524.6  0.16
9860  76644.5  0.16
9880  99011.1  0.22
9900  84541.1  0.18
9920  36560.7  0.08
9940  44867.7  0.1
9960  70062.2  0.16
9980  39661.4  0.08
10000  43591.8  0.1
10020  49943.9  0.1
10040  27287  0.06
10060  46140.3  0.1
10080  45436.5  0.1
10100  86471.6  0.18
10120  26330  0.06
10140  82259.4  0.18
10160  61293.3  0.14
10180  56987  0.12
10200  93780.1  0.2
10220  106063  0.22
10240  104202  0.22
10260  84617.9  0.18
10280  62242.2  0.14
10300  135372  0.28
10320  16787.4  0.04
10340  46528.4  0.1
10360  17693.9  0.04
10380  93601.7  0.2
10400  62435.2  0.14
10420  46708.8  0.1
10440  105209  0.22
10460  36877.6  0.08
10480  76601.5  0.16
10500  45383  0.1
10520  62997.9  0.14
10540  17851.1  0.04
10560  17870.3  0.04
10580  75229.8  0.16
10600  63928.5  0.14
10620  49134.5  0.1
10640  28175  0.06
10660  33108.2  0.08
10680  59649.1  0.12
10700  67855.9  0.14
10720  118045  0.22
10740  54842.7  0.12
10760  56151.7  0.12
10780  27638.4  0.06
10800  17217.3  0.04
10820  45522  0.1
10840  50736.3  0.1
10860  142916  0.28
10880  77243.1  0.16
10900  66780.8  0.14
10920  89576.9  0.18
10940  36665.3  0.08
10960  32529  0.06
10980  83623.9  0.16
11000  28034.6  0.06
11020  78494.7  0.16
11040  63545.5  0.12
11060  54686.9  0.1
11080  141166  0.26
11100  17493.6  0.04
11120  101095  0.2
11140  63585.3  0.12
11160  138575  0.26
11180  131766  0.24
11200  73698.3  0.14
11220  60571.3  0.12
11240  39068.5  0.08
11260  71705.4  0.14
11280  75774.1  0.14
11300  18531.8  0.04
11320  169958  0.32
11340  71507.9  0.14
11360  39833.3  0.08
11380  75928.7  0.14
11400  28120.7  0.06
11420  89656.5  0.16
11440  103374  0.2
11460  18671.5  0.04
11480  70224.6  0.14
11500  65092.8  0.12
11520  18724.8  0.04
11540  55940.7  0.1
11560  85152.5  0.16
11580  33292.8  0.06
11600  74408.4  0.14
11620  30281.8  0.06
11640  17972.3  0.04
11660  73209.7  0.14
11680  44287.5  0.08
11700  130149  0.24
11720  84174.9  0.16
11740  30152.7  0.06
11760  47893.5  0.1
11780  125379  0.22
11800  18126.3  0.04
11820  75372  0.14
11840  54591.5  0.1
11860  30447.4  0.06
11880  68214.8  0.12
11900  88990  0.16
11920  19082.6  0.04
11940  102238  0.18
11960  75666.3  0.14
11980  93710.6  0.16
12000  54380.8  0.1
12020  49340.8  0.1
12040  18345.9  0.04
12060  98703.8  0.18
12080  19228.4  0.04
12100  56232.5  0.1
12120  46613.5  0.08
12140  118453  0.2
12160  93188.1  0.16
12180  38398.9  0.08
12200  32094.9  0.06
12220  41641.3  0.08
12240  63356.5  0.12
12260  44029  0.08
12280  18558.5  0.04
12300  42093.5  0.08
12320  19437.9  0.04
12340  30690.1  0.06
12360  36196.4  0.06
12380  81728.6  0.14
12400  40233.5  0.08
12420  18686  0.04
12440  81843.5  0.14
12460  132524  0.22
12480  125487  0.22
12500  42203.9  0.08
12520  115090  0.2
12540  43380.5  0.08
12560  81093.5  0.14
12580  138625  0.24
12600  19691  0.04
12620  87133.3  0.14
12640  43526.8  0.08
12660  107620  0.18
12680  49270.5  0.08
12700  19780.1  0.04
12720  19794  0.04
12740  67522.1  0.12
12760  104077  0.18
12780  52037.1  0.1
12800  78405.6  0.14
12820  25028.8  0.04
12840  43632.2  0.08
12860  103319  0.18
12880  63523.2  0.1
12900  118829  0.2
12920  120772  0.2
12940  77471.4  0.12
12960  25146.3  0.04
12980  94604.9  0.16
13000  43205.1  0.08
13020  20068.1  0.04
13040  169352  0.28
13060  171146  0.28
13080  31859  0.06
13100  33020.4  0.06
13120  38059.4  0.06
13140  109759  0.18
13160  20186.8  0.04
13180  106445  0.18
13200  45501.7  0.08
13220  145603  0.24
13240  66340.6  0.12
13260  37779.2  0.06
13280  51397.4  0.08
13300  162305  0.26
13320  136034  0.22
13340  33617.4  0.06
13360  46000.5  0.08
13380  67081.3  0.12
13400  140473  0.22
13420  135511  0.22
13440  121130  0.2
13460  66245.8  0.1
13480  20470.5  0.04
13500  19663.6  0.04
13520  136875  0.22
13540  47322.4  0.08
13560  40589.8  0.06
13580  25647.4  0.04
13600  33239.7  0.06
13620  38951  0.06
13640  77809.5  0.12
13660  19804.5  0.04
13680  76455.8  0.12
13700  237960  0.36
13720  33903.6  0.06
13740  25771.7  0.04
13760  20724.5  0.04
13780  89230.5  0.14
13800  87329.4  0.14
13820  39428.9  0.06
13840  101125  0.16
13860  19990.2  0.04
13880  25886.2  0.04
13900  61273.8  0.1
13920  139843  0.22
13940  57222.7  0.1
13960  20903.5  0.04
13980  57199.4  0.1
14000  148606  0.22
14020  41456  0.06
14040  73304.8  0.12
14060  99978.9  0.16
14080  72690.4  0.12
14100  61328.9  0.1
14120  142586  0.22
14140  124745  0.18
14160  70406.4  0.1
14180  143247  0.22
14200  48376.2  0.08
14220  21135.6  0.04
14240  88711.7  0.14
14260  102129  0.16
14280  21181.9  0.04
14300  171726  0.26
14320  76448  0.12
14340  33684.2  0.06
14360  51000  0.08
14380  26289  0.04
14400  145923  0.22
14420  21311  0.04
14440  26345.7  0.04
14460  38571.8  0.06
14480  47030.4  0.08
14500  69140  0.1
14520  38672.2  0.06
14540  117322  0.18
14560  153079  0.22
14580  26461.7  0.04
14600  20655.4  0.04
14620  68401.5  0.1
14640  87689.3  0.12
14660  26523.9  0.04
14680  121839  0.18
14700  90383.3  0.14
14720  76924.8  0.12
14740  34943.3  0.06
14760  49659.5  0.08
14780  54532.3  0.08
14800  74845.7  0.12
14820  41063.8  0.06
14840  59440.7  0.1
14860  68146.8  0.1
14880  68432.4  0.1
14900  35995.7  0.06
14920  57907.4  0.08
14940  53872.5  0.08
14960  41334.4  0.06
14980  55203  0.08
