100  4544.17  1
120  5319.4  1
140  6334.29  1
160  7051.71  0.92
180  8735.09  0.96
200  9726.14  0.96
220  11195.6  0.96
240  11749.9  0.94
260  12623  0.94
280  13746.2  0.98
300  14771  1
320  14278.8  0.88
340  14897.4  0.88
360  15780.9  0.88
380  15927.5  0.86
400  15809.8  0.82
420  17686.4  0.88
440  16718.7  0.78
460  19120.6  0.86
480  19057.9  0.82
500  19606.1  0.78
520  22727.9  0.86
540  22387.9  0.82
560  20020.4  0.72
580  21180.4  0.74
600  23407.9  0.8
620  23397.8  0.76
640  24982.5  0.8
660  23452.2  0.72
680  19347.2  0.58
700  25936.2  0.76
720  23601.1  0.66
740  23234.2  0.64
760  28222.7  0.76
780  22254.1  0.58
800  26017.3  0.66
820  31012.8  0.76
840  24342.7  0.58
860  20792.7  0.48
880  26535.3  0.6
900  23984.5  0.54
920  30745.2  0.68
940  14566.5  0.32
960  29842.3  0.64
980  25627.1  0.54
1000  22203.9  0.46
1020  27842.3  0.56
1040  26854.6  0.54
1060  27848.5  0.54
1080  26082.1  0.5
1100  31492.1  0.58
1120  28873.5  0.52
1140  18711.8  0.34
1160  31147.4  0.54
1180  36585.1  0.62
1200  27140.4  0.46
1220  26743.6  0.44
1240  30955.3  0.5
1260  34701.7  0.56
1280  36559  0.58
1300  30541  0.48
1320  33036.1  0.52
1340  33991.9  0.52
1360  30870.9  0.46
1380  31717.7  0.48
1400  36089.9  0.54
1420  34645.1  0.5
1440  30463.1  0.44
1460  34015.7  0.48
1480  27663.3  0.38
1500  35181.2  0.48
1520  29954  0.4
1540  36301.1  0.48
1560  38444.8  0.5
1580  19694.8  0.26
1600  42198.8  0.54
1620  37932.4  0.48
1640  26341.4  0.34
1660  35756.3  0.44
1680  32499.5  0.4
1700  18412.1  0.22
1720  32481.1  0.4
1740  38126.6  0.44
1760  31807.6  0.38
1780  36872.9  0.42
1800  30370.3  0.34
1820  29406.7  0.34
1840  38017.5  0.42
1860  42371  0.46
1880  25919  0.28
1900  29873.6  0.32
1920  46045.1  0.5
1940  28410.5  0.3
1960  21906  0.24
1980  36345.7  0.38
2000  37510.1  0.38
2020  24747.5  0.26
2040  37495  0.38
2060  39056.8  0.4
2080  26873.4  0.26
2100  33391.4  0.34
2120  42523.8  0.4
2140  32883.5  0.32
2160  55009.7  0.52
2180  52904.9  0.5
2200  37669.1  0.36
2220  41771.6  0.38
2240  47845.5  0.44
2260  32633.6  0.3
2280  24746.9  0.22
2300  29536.5  0.26
2320  36384.9  0.32
2340  37281.8  0.32
2360  31489.3  0.28
2380  51266.1  0.44
2400  46738.6  0.4
2420  35800.3  0.3
2440  53731.6  0.44
2460  29516.4  0.24
2480  46968.1  0.38
2500  35316.3  0.3
2520  40201.5  0.32
2540  36166.7  0.3
2560  33634.8  0.28
2580  54986.1  0.44
2600  22737  0.18
2620  49094.6  0.38
2640  28417.8  0.22
2660  38035.8  0.3
2680  46380.7  0.36
2700  47788.6  0.36
2720  37420.5  0.28
2740  52042.6  0.4
2760  31463  0.24
2780  46697.1  0.34
2800  49629.7  0.36
2820  45748.4  0.34
2840  37707.7  0.28
2860  36325.1  0.26
2880  46990.8  0.34
2900  26655.4  0.2
2920  37842  0.26
2940  35962.9  0.26
2960  34468.3  0.24
2980  48168.9  0.34
3000  25791.7  0.18
3020  26084.4  0.18
3040  24304.6  0.18
3060  33883.8  0.24
3080  18449.2  0.14
3100  37205.3  0.24
3120  36387.1  0.24
3140  44230.3  0.3
3160  50540.3  0.34
3180  46207.3  0.3
3200  58013.9  0.38
3220  32752.4  0.22
3240  30919.6  0.2
3260  36317.9  0.24
3280  31698.3  0.2
3300  44789.6  0.28
3320  25250.9  0.16
3340  22800.9  0.14
3360  43463.5  0.26
3380  16193.2  0.1
3400  36935.6  0.22
3420  43188.5  0.26
3440  34459  0.22
3460  55981.6  0.34
3480  44766.9  0.26
3500  44501.9  0.26
3520  53135.7  0.32
3540  40150.6  0.24
3560  47428.7  0.28
3580  46633.4  0.26
3600  48541.7  0.28
3620  64244.9  0.36
3640  59949.3  0.34
3660  58081.4  0.32
3680  17814.1  0.1
3700  37318.1  0.22
3720  47609.3  0.26
3740  25793.2  0.14
3760  31993  0.18
3780  68737.7  0.38
3800  42764.3  0.24
3820  44991.2  0.24
3840  23996.4  0.14
3860  18019.1  0.1
3880  30628.5  0.16
3900  38120.7  0.2
3920  74562.5  0.4
3940  46196.7  0.24
3960  51673.6  0.28
3980  63735.2  0.34
4000  41112  0.22
4020  23351.6  0.12
4040  37829.2  0.2
4060  45797  0.24
4080  66191.2  0.34
4100  37306.9  0.2
4120  26874.2  0.14
4140  47909.3  0.24
4160  41255.1  0.2
4180  16372.6  0.08
4200  40971.9  0.2
4220  64018.1  0.32
4240  46092.6  0.22
4260  51191.3  0.26
4280  46196.9  0.22
4300  20728.7  0.1
4320  28510.5  0.14
4340  79350.9  0.38
4360  55166  0.26
4380  39214.8  0.18
4400  68932  0.32
4420  59827.3  0.28
4440  37236.8  0.18
4460  42219.8  0.2
4480  46381  0.22
4500  62614.5  0.28
4520  50298.2  0.24
4540  36779.9  0.18
4560  40738.2  0.18
4580  47895.4  0.22
4600  30518.5  0.14
4620  21819.9  0.1
4640  35943.9  0.16
4660  54806.2  0.24
4680  42231.6  0.2
4700  47872  0.22
4720  46947.5  0.2
4740  42295.8  0.18
4760  72217.6  0.32
4780  50372.4  0.22
4800  64516.2  0.28
4820  51538.7  0.22
4840  55801  0.24
4860  42165.9  0.18
4880  24099.1  0.1
4900  63724.3  0.28
4920  56740.9  0.24
4940  52685.4  0.22
4960  52450.7  0.22
4980  49183.5  0.2
5000  79298.8  0.32
5020  88066.1  0.36
5040  69664.7  0.28
5060  43523.3  0.18
5080  56337.6  0.24
5100  23686.7  0.1
5120  41087.1  0.18
5140  44210  0.18
5160  38151.6  0.16
5180  55168.2  0.22
5200  30763  0.12
5220  36419.8  0.14
5240  26836.7  0.12
5260  64070.1  0.26
5280  54691.3  0.22
5300  64525.2  0.26
5320  20447.4  0.08
5340  41516.7  0.16
5360  34695.4  0.14
5380  46846.4  0.18
5400  18550.6  0.08
5420  36662.2  0.14
5440  109737  0.42
5460  60576.1  0.24
5480  54494.3  0.2
5500  74195.6  0.28
5520  69281.9  0.26
5540  17296.3  0.08
5560  41276.8  0.16
5580  54419  0.2
5600  42524.6  0.16
5620  24735.5  0.1
5640  71241.5  0.26
5660  54095.2  0.2
5680  80080.3  0.3
5700  51052  0.18
5720  30637  0.12
5740  37960.8  0.14
5760  78302.4  0.28
5780  32628.7  0.12
5800  66694.7  0.24
5820  93600.7  0.34
5840  48926.4  0.18
5860  54993.4  0.2
5880  35442.3  0.14
5900  54259.9  0.2
5920  65598.2  0.24
5940  51152.9  0.18
5960  47706.6  0.18
5980  29297.8  0.1
6000  51068  0.18
6020  31929.1  0.12
6040  50163  0.18
6060  40904.3  0.14
6080  23306.8  0.08
6100  40076.9  0.14
6120  46688.9  0.16
6140  26868.3  0.1
6160  49305  0.18
6180  43280.1  0.16
6200  35419.2  0.12
6220  42097.1  0.14
6240  78891.3  0.26
6260  71559.8  0.24
6280  33383.5  0.12
6300  36372.9  0.12
6320  63400.5  0.22
6340  20636.6  0.08
6360  70289.8  0.24
6380  64252.3  0.22
6400  36573.3  0.12
6420  30554.6  0.1
6440  90992.4  0.3
6460  19016  0.06
6480  51833.8  0.16
6500  43434.1  0.14
6520  66430  0.22
6540  50918  0.16
6560  56316.8  0.18
6580  36883.4  0.12
6600  61336.6  0.2
6620  46849.1  0.16
6640  54631.2  0.18
6660  44183.8  0.14
6680  67415.2  0.22
6700  30256.1  0.1
6720  32866.6  0.1
6740  72416  0.22
6760  45178.2  0.14
6780  31644.4  0.1
6800  59800.2  0.18
6820  117444  0.36
6840  44483.3  0.14
6860  75601.5  0.24
6880  44697.8  0.14
6900  62365.4  0.2
6920  46230.7  0.14
6940  46727.7  0.14
6960  56688.8  0.18
6980  40373.7  0.12
7000  73001.1  0.22
7020  43855.2  0.14
7040  20147.1  0.06
7060  61190.8  0.18
7080  30459.1  0.1
7100  74778.8  0.22
7120  20306.3  0.06
7140  26589.6  0.08
7160  57063.6  0.16
7180  79083.8  0.24
7200  66357.4  0.2
7220  20480.4  0.06
7240  91199  0.26
7260  29026.5  0.08
7280  65715.2  0.2
7300  39264.1  0.12
7320  59102.1  0.18
7340  28946.3  0.08
7360  34595.7  0.1
7380  33554.9  0.1
7400  20818  0.06
7420  49194.6  0.14
7440  66857.4  0.18
7460  54235  0.16
7480  28427.5  0.08
7500  35718.3  0.1
7520  72798.4  0.2
7540  60509.5  0.18
7560  38220.2  0.12
7580  54930  0.16
7600  48233.5  0.14
7620  38368.4  0.12
7640  51000.8  0.14
7660  21308.3  0.06
7680  65616.4  0.18
7700  29011.7  0.08
7720  21359  0.06
7740  49039.7  0.14
7760  58441.3  0.16
7780  43529.5  0.12
7800  32432.7  0.1
7820  37590.9  0.1
7840  65798.2  0.18
7860  57302.7  0.16
7880  59761.8  0.16
7900  73040.9  0.2
7920  45406.8  0.12
7940  21819.2  0.06
7960  84299.1  0.22
7980  59892  0.16
8000  66425.9  0.18
8020  71595.6  0.18
8040  40716.6  0.12
8060  43534.4  0.12
8080  37786.2  0.1
8100  76283.1  0.2
8120  69237.8  0.18
8140  32562  0.1
8160  58017.9  0.16
8180  54197.9  0.14
8200  84910.7  0.22
8220  30092.7  0.08
8240  33072.4  0.1
8260  56832.2  0.14
8280  62263.7  0.16
8300  47541.5  0.12
8320  46879.6  0.12
8340  112600  0.28
8360  30293.4  0.08
8380  31076.4  0.08
8400  39432  0.1
8420  25127.5  0.06
8440  77962.2  0.2
8460  35875.8  0.1
8480  56414.6  0.14
8500  53474.2  0.14
8520  39264.8  0.1
8540  71961.4  0.18
8560  25420.1  0.06
8580  64011.9  0.16
8600  70494.9  0.18
8620  31787.5  0.08
8640  25481.6  0.06
8660  107179  0.26
8680  52574.1  0.14
8700  40573.7  0.1
8720  57961.8  0.14
8740  60405.5  0.14
8760  59394.4  0.14
8780  25776.3  0.06
8800  77803.6  0.18
8820  43143.1  0.1
8840  60820.4  0.14
8860  23507.8  0.06
8880  44997.3  0.12
8900  73823  0.18
8920  57382  0.14
8940  55789.8  0.14
8960  57612.3  0.14
8980  32706.6  0.08
9000  32614.5  0.08
9020  77120.6  0.18
9040  95270.7  0.22
9060  94947.6  0.22
9080  36602.4  0.1
9100  41201.8  0.1
9120  33080.1  0.08
9140  71764.2  0.16
9160  38314.4  0.1
9180  59952.4  0.14
9200  26559.4  0.06
9220  86055.5  0.2
9240  157194  0.36
9260  35933.7  0.08
9280  63714.1  0.14
9300  45179.4  0.1
9320  46585.5  0.12
9340  40576.2  0.1
9360  28306.3  0.08
9380  76737.9  0.18
9400  41020.7  0.1
9420  24533.4  0.06
9440  79937.1  0.18
9460  36337.6  0.08
9480  68383.9  0.16
9500  56704.1  0.12
9520  144209  0.32
9540  69644.4  0.16
9560  60889.1  0.14
9580  51654.1  0.12
9600  89445.7  0.2
9620  46371.8  0.1
9640  109187  0.24
9660  36905.5  0.08
9680  89504  0.2
9700  27408.1  0.06
9720  71550.5  0.16
9740  41757.6  0.1
9760  82709.5  0.18
9780  84291.2  0.18
9800  85921.4  0.18
9820  46929.3  0.1
9840  52379.6  0.12
9860  53237.1  0.12
9880  37410.9  0.08
9900  47194.2  0.1
9920  54273.5  0.12
9940  113151  0.24
9960  60074.2  0.14
9980  37940.7  0.08
10000  57652.3  0.12
10020  64871.8  0.14
10040  29582.6  0.06
10060  92211.2  0.2
10080  25733.1  0.06
10100  135774  0.28
10120  28195.2  0.06
10140  36913.9  0.08
10160  39841.2  0.08
10180  88461.5  0.18
10200  48388.5  0.1
10220  74555.9  0.16
10240  66093.7  0.14
10260  28394.3  0.06
10280  62530.9  0.14
10300  95836.2  0.2
10320  28531.6  0.06
10340  58094.2  0.12
10360  58902.8  0.12
10380  30199.3  0.06
10400  50758.7  0.1
10420  80538.7  0.16
10440  116434  0.24
10460  74713.2  0.16
10480  39170.3  0.08
10500  51094  0.1
10520  49585.2  0.1
10540  47222.8  0.1
10560  26682.9  0.06
10580  111433  0.22
10600  41201.3  0.08
10620  98782.9  0.2
10640  67620.3  0.14
10660  51767.3  0.1
10680  101262  0.2
10700  30712.8  0.06
10720  132155  0.26
10740  50566.6  0.1
10760  39988.4  0.08
10780  69390.3  0.14
10800  102457  0.2
10820  100552  0.2
10840  52250.9  0.1
10860  40167.2  0.08
10880  37959.3  0.08
10900  99815.1  0.2
10920  29644.1  0.06
10940  72646.7  0.14
10960  49351.1  0.1
10980  81508.9  0.16
11000  48945.2  0.1
11020  112791  0.22
11040  67761.5  0.14
11060  60301.6  0.12
11080  38209.1  0.08
11100  40962  0.08
11120  92775.1  0.18
11140  53398.6  0.1
11160  31511.9  0.06
11180  81104.2  0.16
11200  42691.1  0.08
11220  150314  0.28
11240  27899  0.06
11260  50211.8  0.1
11280  75029.2  0.14
11300  30309.9  0.06
11320  80381.1  0.16
11340  31825.4  0.06
11360  28093.9  0.06
11380  28201.6  0.06
11400  43299.6  0.08
11420  50580.2  0.1
11440  28252.3  0.06
11460  138221  0.26
11480  39756.7  0.08
11500  42000.7  0.08
11520  106090  0.2
11540  66579.4  0.12
11560  72693.2  0.14
11580  41462  0.08
11600  55410.4  0.1
11620  96811.9  0.18
11640  142181  0.26
11660  40216.5  0.08
11680  52179.9  0.1
11700  55570.9  0.1
11720  40689.5  0.08
11740  119520  0.22
11760  108408  0.2
11780  53976.4  0.1
11800  28918.2  0.06
11820  31263.2  0.06
11840  100354  0.18
11860  40728.7  0.08
11880  60987.5  0.12
11900  111010  0.2
11920  88055.1  0.16
11940  105088  0.18
11960  111726  0.2
11980  169097  0.3
12000  40888.3  0.08
12020  156846  0.28
12040  182106  0.32
12060  37317  0.08
12080  31651.2  0.06
12100  31757.7  0.06
12120  45212.8  0.08
12140  41654.6  0.08
12160  41260.2  0.08
12180  65238.3  0.12
12200  101393  0.18
12220  45574.2  0.08
12240  51751.2  0.1
12260  53980.4  0.1
12280  29873.8  0.06
12300  54547.3  0.1
12320  41808.6  0.08
12340  64418.7  0.12
12360  45913.2  0.08
12380  42282.5  0.08
12400  32268.2  0.06
12420  58363.7  0.1
12440  104257  0.18
12460  42024.7  0.08
12480  29903.4  0.06
12500  162422  0.26
12520  104765  0.18
12540  66242.6  0.12
12560  46301.9  0.08
12580  127717  0.22
12600  118748  0.2
12620  95736.6  0.16
12640  79044.3  0.14
12660  66869  0.12
12680  135590  0.22
12700  141959  0.24
12720  59469.1  0.1
12740  131151  0.22
12760  55710.3  0.1
12780  81316.9  0.14
12800  43444.8  0.08
12820  80226.8  0.14
12840  56535.4  0.1
12860  81180.5  0.14
12880  67771.4  0.12
12900  34541.2  0.06
12920  43742.2  0.08
12940  104665  0.18
12960  68090.2  0.12
12980  30785.6  0.06
13000  132429  0.22
13020  132315  0.22
13040  70409.4  0.12
13060  69831.9  0.12
13080  115509  0.18
13100  97066.2  0.16
13120  124161  0.2
13140  60811.5  0.1
13160  44189.5  0.08
13180  85220.2  0.14
13200  157042  0.24
13220  33728.8  0.06
13240  48107.1  0.08
13260  97019.1  0.16
13280  137080  0.22
13300  82025.1  0.14
13320  31757.9  0.06
13340  31459.7  0.06
13360  267448  0.42
13380  96720.9  0.16
13400  84607.3  0.14
13420  84173  0.14
13440  109645  0.18
13460  123090  0.2
13480  167316  0.26
13500  184105  0.28
13520  72959.3  0.12
13540  101119  0.16
13560  172380  0.26
13580  47223.4  0.08
13600  112041  0.18
13620  34411.5  0.06
13640  32082.5  0.06
13660  32410.9  0.06
13680  34546.7  0.06
13700  96625.6  0.16
13720  68071.6  0.1
13740  86756.3  0.14
13760  34705.1  0.06
13780  34720  0.06
13800  46293  0.08
13820  69374.5  0.12
13840  82521.1  0.12
13860  155525  0.24
13880  170732  0.26
13900  105011  0.16
13920  50310.4  0.08
13940  64178.6  0.1
13960  170237  0.26
13980  103105  0.16
14000  118930  0.18
14020  115017  0.18
14040  77633  0.12
14060  33114.6  0.06
14080  59842.5  0.1
14100  88946.7  0.14
14120  46917.4  0.08
14140  88139.2  0.14
14160  33292.3  0.06
14180  107546  0.16
14200  59930.2  0.1
14220  146829  0.22
14240  164027  0.24
14260  61556.7  0.1
14280  75073.6  0.12
14300  59770.1  0.1
14320  129125  0.2
14340  71573.5  0.1
14360  103209  0.16
14380  33443.7  0.06
14400  132173  0.2
14420  131423  0.2
14440  84688.3  0.12
14460  78736.1  0.12
14480  33618.2  0.06
14500  43370.2  0.06
14520  140825  0.2
14540  50573.7  0.08
14560  57822.1  0.08
14580  133496  0.2
14600  89607.6  0.14
14620  77171.8  0.12
14640  89940.5  0.14
14660  52232.8  0.08
14680  66073.9  0.1
14700  81208.8  0.12
14720  65547  0.1
14740  63370.4  0.1
14760  47990.9  0.08
14780  120889  0.18
14800  108584  0.16
14820  109485  0.16
14840  82018.7  0.12
14860  63979.1  0.1
14880  201420  0.28
14900  150751  0.22
14920  93725.2  0.14
14940  87309.1  0.12
14960  36830.5  0.06
14980  97306.3  0.14
