100  4561.64  1
120  5850.54  1
140  6822.13  1
160  7316.64  0.94
180  8677.16  1
200  9993.17  0.98
220  11398.2  1
240  11367.4  0.94
260  11880.4  0.88
280  14394.1  1
300  14621.8  0.96
320  15880.7  0.98
340  15503.3  0.9
360  17248.5  0.96
380  15796.7  0.84
400  18143.4  0.92
420  17815.6  0.84
440  20738.6  0.94
460  19147.9  0.84
480  19554.2  0.82
500  20114.7  0.82
520  21457.5  0.84
540  22351.5  0.84
560  24444.2  0.88
580  20456.6  0.7
600  23605.3  0.78
620  24418.3  0.78
640  24315.2  0.78
660  24991.7  0.76
680  25519.3  0.76
700  25870.4  0.74
720  27125.6  0.76
740  23509.9  0.64
760  26172.2  0.68
780  26753.1  0.68
800  23279.8  0.58
820  28039.7  0.7
840  21625.1  0.52
860  28368.4  0.68
880  24204  0.56
900  30266.5  0.7
920  29322.5  0.64
940  26768.9  0.58
960  26871.8  0.56
980  27409  0.56
1000  29309.3  0.6
1020  23479.3  0.46
1040  28034.1  0.56
1060  27473.3  0.52
1080  32786.4  0.62
1100  32103.3  0.58
1120  29831.2  0.54
1140  28588.8  0.5
1160  37194.9  0.64
1180  24496  0.42
1200  24926.1  0.42
1220  24150.8  0.4
1240  28309.4  0.46
1260  22123  0.36
1280  25159.4  0.4
1300  25670.8  0.4
1320  26677.9  0.42
1340  31676.1  0.48
1360  42652.7  0.64
1380  28376.2  0.42
1400  26398.4  0.38
1420  40402.1  0.58
1440  27031  0.38
1460  32409.5  0.46
1480  32438.3  0.46
1500  22295.2  0.32
1520  35019.2  0.48
1540  29275.8  0.38
1560  28988.5  0.38
1580  43586.9  0.56
1600  30075.7  0.38
1620  41175.8  0.52
1640  39525.4  0.48
1660  27728.3  0.34
1680  29237.1  0.36
1700  40678.7  0.5
1720  25477.6  0.3
1740  31948.8  0.38
1760  23280  0.28
1780  36457  0.42
1800  33642  0.38
1820  35467.7  0.4
1840  37936.3  0.42
1860  39628  0.44
1880  29233.9  0.32
1900  23836.7  0.26
1920  16364  0.18
1940  36337.7  0.38
1960  39853.1  0.42
1980  38434  0.4
2000  39312.4  0.4
2020  26155.8  0.26
2040  29503.9  0.3
2060  37035.5  0.36
2080  40335.8  0.4
2100  41048.2  0.4
2120  46155.1  0.44
2140  35345.1  0.34
2160  38229.2  0.36
2180  44241.3  0.42
2200  20647.2  0.2
2220  32160.3  0.3
2240  28846.7  0.26
2260  60452.5  0.54
2280  33377.7  0.3
2300  35320.8  0.32
2320  46932.3  0.42
2340  40730.5  0.36
2360  30275.2  0.26
2380  23039.8  0.2
2400  43156.1  0.36
2420  48902.2  0.42
2440  46789.8  0.4
2460  34661.8  0.3
2480  24573.8  0.2
2500  31517.4  0.26
2520  31524.7  0.26
2540  27644.2  0.22
2560  36423.2  0.3
2580  20091.3  0.16
2600  33762.3  0.28
2620  40708.5  0.32
2640  56236  0.44
2660  34291.4  0.26
2680  29389.2  0.22
2700  18709.7  0.14
2720  41994  0.32
2740  28213.1  0.22
2760  36927.5  0.28
2780  31980.2  0.24
2800  32169  0.24
2820  39202.7  0.3
2840  35949.9  0.26
2860  38583.3  0.28
2880  47025.7  0.34
2900  36754.2  0.26
2920  41250.4  0.3
2940  30146.1  0.22
2960  30476.9  0.22
2980  30625  0.22
3000  39215.7  0.26
3020  35098.1  0.24
3040  40236.3  0.28
3060  25452.5  0.18
3080  22686.3  0.16
3100  48342.7  0.32
3120  38802.7  0.26
3140  26145.2  0.18
3160  43521  0.28
3180  34771.9  0.22
3200  43495.8  0.28
3220  50411.3  0.32
3240  62908.4  0.4
3260  39247.3  0.26
3280  26621.9  0.18
3300  41509.5  0.26
3320  35655.3  0.22
3340  42961.2  0.26
3360  29727  0.18
3380  36805.3  0.22
3400  35543.4  0.22
3420  18375.1  0.12
3440  36349.2  0.22
3460  43454.3  0.26
3480  35876.8  0.22
3500  53918.3  0.32
3520  43207.9  0.26
3540  38238.3  0.22
3560  30998.2  0.18
3580  30974.9  0.18
3600  40406  0.24
3620  48373.8  0.28
3640  58008.3  0.32
3660  10376.1  0.06
3680  32294.1  0.18
3700  45524.8  0.26
3720  67078.3  0.36
3740  42148.3  0.24
3760  38706.8  0.22
3780  33198.9  0.18
3800  29375.5  0.16
3820  45955.5  0.24
3840  50982.8  0.28
3860  38557.3  0.2
3880  33371.3  0.18
3900  39090  0.22
3920  43863.4  0.24
3940  22195.8  0.12
3960  41912.6  0.22
3980  52814.6  0.28
4000  31166.3  0.16
4020  49144.7  0.26
4040  22174  0.12
4060  39652.1  0.2
4080  26655  0.14
4100  28381.6  0.14
4120  58347.4  0.3
4140  29545  0.16
4160  26260.5  0.14
4180  32237.1  0.16
4200  40178.4  0.2
4220  32354.4  0.16
4240  57152.8  0.28
4260  45771.9  0.22
4280  29411.3  0.14
4300  23481.4  0.12
4320  43098  0.2
4340  47194.4  0.22
4360  17680.8  0.1
4380  37599.4  0.18
4400  37819.5  0.18
4420  32906.1  0.16
4440  20572.9  0.1
4460  21131.4  0.1
4480  36876.3  0.18
4500  56539.7  0.26
4520  50680.5  0.24
4540  25385.7  0.12
4560  28087.7  0.14
4580  34259.4  0.16
4600  55270.7  0.24
4620  44155  0.2
4640  25844.1  0.12
4660  23005.2  0.1
4680  45895.6  0.2
4700  26172.4  0.12
4720  17109.8  0.08
4740  12905.2  0.06
4760  58630.5  0.26
4780  62879.7  0.28
4800  36620.1  0.16
4820  37322.7  0.16
4840  54047.1  0.24
4860  52088.4  0.22
4880  12063.4  0.06
4900  26440.5  0.12
4920  17666.5  0.08
4940  41570.6  0.18
4960  31825.6  0.14
4980  31017.7  0.14
5000  32677.8  0.14
5020  52358.2  0.22
5040  56854.6  0.24
5060  24228.2  0.1
5080  59432.5  0.24
5100  34888  0.14
5120  36544.1  0.16
5140  51635  0.22
5160  21800.9  0.1
5180  38572.6  0.16
5200  33806  0.14
5220  17528.8  0.08
5240  43044  0.18
5260  40251.3  0.16
5280  34230  0.14
5300  58698.5  0.24
5320  64415  0.26
5340  37987.2  0.16
5360  44079.9  0.18
5380  37911.2  0.16
5400  44334.8  0.18
5420  59695.1  0.24
5440  49609.5  0.2
5460  49924.9  0.2
5480  26650.3  0.1
5500  35647.2  0.14
5520  47310.7  0.18
5540  52941.9  0.2
5560  45966  0.18
5580  46319.7  0.18
5600  47287.8  0.18
5620  58434.1  0.22
5640  56359.1  0.2
5660  37358.7  0.14
5680  30647.3  0.12
5700  38837.5  0.14
5720  42266.6  0.16
5740  42197.7  0.16
5760  48245.7  0.18
5780  59911.2  0.22
5800  94087.3  0.34
5820  39865.3  0.14
5840  31936.6  0.12
5860  22658  0.08
5880  48553.3  0.18
5900  36412.2  0.14
5920  30971.4  0.12
5940  42628.6  0.16
5960  57124.4  0.2
5980  79722  0.28
6000  108889  0.38
6020  54515.7  0.2
6040  64713.7  0.22
6060  30577.3  0.12
6080  20483.3  0.08
6100  37970.6  0.14
6120  30540.3  0.1
6140  26896.6  0.1
6160  47020.1  0.16
6180  28769.5  0.1
6200  65601.5  0.22
6220  42805.4  0.14
6240  62629.7  0.22
6260  34576.6  0.12
6280  31550.9  0.12
6300  65114.6  0.22
6320  48064.8  0.16
6340  27370.5  0.1
6360  48949.1  0.16
6380  53531  0.18
6400  42012.2  0.14
6420  50275.2  0.16
6440  36003.6  0.12
6460  34433.3  0.12
6480  87440.8  0.28
6500  52935.6  0.18
6520  58096.4  0.18
6540  61885  0.2
6560  35829.3  0.12
6580  36587.4  0.12
6600  68252.8  0.22
6620  47530.3  0.16
6640  53887.8  0.18
6660  53682.1  0.18
6680  45284  0.14
6700  35739  0.12
6720  32370.3  0.1
6740  19623.6  0.06
6760  77087.6  0.24
6780  37773.7  0.12
6800  26623.2  0.08
6820  47480.6  0.14
6840  35462.1  0.12
6860  30741.2  0.1
6880  25572.9  0.08
6900  29395.1  0.1
6920  73258.1  0.22
6940  61746  0.18
6960  79702.5  0.24
6980  42416  0.14
7000  28630.4  0.1
7020  15179.1  0.06
7040  33494  0.1
7060  13029.1  0.04
7080  33545.2  0.1
7100  30884.8  0.1
7120  32790  0.1
7140  25940.5  0.08
7160  45617.8  0.14
7180  79944.4  0.24
7200  30699.8  0.1
7220  45121.5  0.14
7240  51997.8  0.16
7260  79160  0.22
7280  40719.2  0.12
7300  41258.9  0.12
7320  38271.3  0.12
7340  68443  0.2
7360  72191.5  0.2
7380  13246.5  0.04
7400  26627.6  0.08
7420  29815.4  0.1
7440  83214.1  0.24
7460  33870.7  0.1
7480  26997.6  0.08
7500  51544.6  0.14
7520  33779  0.1
7540  13305  0.04
7560  19769.2  0.06
7580  20491.7  0.06
7600  77045.6  0.22
7620  52798.7  0.14
7640  43338.1  0.12
7660  26099.7  0.08
7680  72087.7  0.2
7700  35596  0.1
7720  27382.3  0.08
7740  11452.1  0.04
7760  36981.4  0.1
7780  48269.8  0.14
7800  22247.5  0.06
7820  47620.1  0.14
7840  51288.6  0.14
7860  65312.8  0.18
7880  70335.6  0.18
7900  21342  0.06
7920  72713.9  0.2
7940  59472  0.16
7960  51343.4  0.14
7980  66298.1  0.18
8000  36290.3  0.1
8020  75053.5  0.2
8040  49574.7  0.14
8060  43500  0.12
8080  73615.2  0.2
8100  39163.6  0.1
8120  36536.6  0.1
8140  82857.2  0.22
8160  28480.9  0.08
8180  11700.6  0.04
8200  116483  0.3
8220  34895.7  0.1
8240  29199.6  0.08
8260  30143.4  0.08
8280  43576.4  0.12
8300  44000.4  0.12
8320  13577.1  0.04
8340  52097.1  0.14
8360  81446.6  0.2
8380  53021.4  0.14
8400  27284.8  0.08
8420  36625.9  0.1
8440  46480.5  0.12
8460  44666.5  0.12
8480  59362.2  0.16
8500  50994.5  0.12
8520  71449.9  0.18
8540  51538.7  0.14
8560  63871.4  0.16
8580  54614.7  0.14
8600  27547.9  0.08
8620  54173.9  0.14
8640  80799.1  0.2
8660  41403.7  0.1
8680  38994.2  0.1
8700  58166.2  0.14
8720  37626.9  0.1
8740  33200.7  0.08
8760  21742  0.06
8780  40513.4  0.1
8800  60468.6  0.14
8820  105808  0.26
8840  42387  0.1
8860  16072.2  0.04
8880  70555.1  0.16
8900  21859.8  0.06
8920  52279.3  0.12
8940  29967.9  0.08
8960  62397.1  0.14
8980  23858.4  0.06
9000  138222  0.32
9020  90784.8  0.22
9040  20834.2  0.06
9060  40558.1  0.1
9080  54462.4  0.14
9100  20322.2  0.06
9120  49957.7  0.12
9140  48736.5  0.12
9160  31650.5  0.08
9180  12270.3  0.04
9200  37222.9  0.1
9220  23021.4  0.06
9240  41093.8  0.1
9260  43281.3  0.1
9280  23197.4  0.06
9300  88835.8  0.2
9320  14928.4  0.04
9340  66129.5  0.16
9360  36599.4  0.08
9380  45288.1  0.1
9400  21800.7  0.06
9420  46473.3  0.1
9440  28052.9  0.06
9460  35957.1  0.08
9480  41639.2  0.1
9500  55062.1  0.12
9520  56397.7  0.12
9540  21690.4  0.06
9560  102779  0.22
9580  63303.2  0.14
9600  23003.9  0.06
9620  24599.2  0.06
9640  74664.6  0.16
9660  16102.6  0.04
9680  47013.4  0.1
9700  14054.7  0.04
9720  56717.7  0.12
9740  33546.3  0.08
9760  35305.1  0.08
9780  60945.6  0.14
9800  23915.1  0.06
9820  23751.4  0.06
9840  26349.8  0.06
9860  33599.7  0.08
9880  126965  0.26
9900  48239.5  0.1
9920  45385.9  0.1
9940  66698.1  0.14
9960  33404.4  0.08
9980  46976.1  0.1
10000  22467.6  0.06
10020  43773.2  0.1
10040  42885.3  0.1
10060  34302.4  0.08
10080  121794  0.26
10100  130888  0.26
10120  27508.9  0.06
10140  32702.3  0.08
10160  78057.5  0.16
10180  120179  0.24
10200  22799.6  0.06
10220  64792.7  0.14
10240  15590.6  0.04
10260  26540  0.06
10280  71302  0.14
10300  46996.9  0.1
10320  55133.1  0.12
10340  81278.4  0.16
10360  74544.9  0.16
10380  45057.5  0.1
10400  80254.6  0.16
10420  44871.7  0.1
10440  33487  0.08
10460  24744.5  0.06
10480  90659.7  0.18
10500  65353.7  0.14
10520  46695.6  0.1
10540  24314.9  0.06
10560  16141.4  0.04
10580  24785.6  0.06
10600  36016  0.08
10620  27762.5  0.06
10640  44090.7  0.1
10660  12826.3  0.04
10680  37323.7  0.08
10700  30987.6  0.06
10720  28616.5  0.06
10740  51371.3  0.1
10760  74781.5  0.14
10780  52381.5  0.1
10800  78271.2  0.16
10820  24882.8  0.06
10840  66768.6  0.14
10860  47434  0.1
10880  46670  0.1
10900  59348.8  0.12
10920  34400  0.08
10940  62164.2  0.12
10960  72432  0.14
10980  38752  0.08
11000  59406.2  0.12
11020  121500  0.24
11040  53447.1  0.1
11060  90868.4  0.18
11080  43605.1  0.08
11100  25719.1  0.06
11120  57128.2  0.12
11140  78487.5  0.16
11160  80046.7  0.16
11180  65008.6  0.12
11200  45504.5  0.1
11220  59119.4  0.12
11240  14584.3  0.04
11260  14592.3  0.04
11280  37651.2  0.08
11300  47100.2  0.1
11320  27374.5  0.06
11340  25800.8  0.06
11360  14570.8  0.04
11380  38145.6  0.08
11400  96628.9  0.18
11420  42081.5  0.08
11440  103609  0.2
11460  50520.7  0.1
11480  71865.3  0.14
11500  19618.2  0.04
11520  56018  0.1
11540  49274.7  0.1
11560  41776.9  0.08
11580  40481.3  0.08
11600  49138.8  0.1
11620  129114  0.24
11640  60517.6  0.12
11660  59656.1  0.12
11680  26409.3  0.06
11700  38083.6  0.08
11720  107106  0.2
11740  38048.4  0.08
11760  26380.4  0.06
11780  48222.4  0.1
11800  25382.6  0.06
11820  26507.4  0.06
11840  94719.3  0.18
11860  63334.6  0.12
11880  106309  0.18
11900  97741.9  0.18
11920  82123.4  0.14
11940  25585.8  0.06
11960  56897.3  0.1
11980  90388.3  0.16
12000  89673.4  0.16
12020  63265  0.12
12040  72767.2  0.14
12060  48717.3  0.1
12080  61528.7  0.12
12100  85478.3  0.16
12120  50492.2  0.1
12140  54880.3  0.1
12160  75392.3  0.14
12180  49561  0.1
12200  64348.7  0.12
12220  39219.8  0.08
12240  27134.1  0.06
12260  31437.1  0.06
12280  47302.4  0.08
12300  55626.1  0.1
12320  78591.7  0.14
12340  16516.1  0.04
12360  39340.1  0.08
12380  70292.6  0.12
12400  17750.8  0.04
12420  74449.7  0.14
12440  26529.1  0.06
12460  65371.4  0.12
12480  27335.9  0.06
12500  86683  0.14
12520  41226.2  0.08
12540  75971.4  0.14
12560  14001.8  0.04
12580  41628.4  0.08
12600  90230.9  0.16
12620  40359.6  0.08
12640  39197.7  0.08
12660  29086.2  0.06
12680  64563.2  0.12
12700  91864.2  0.16
12720  30370.9  0.06
12740  40523  0.08
12760  81407.5  0.14
12780  51156.5  0.1
12800  27835.5  0.06
12820  52456.9  0.1
12840  64901.8  0.12
12860  62351.8  0.1
12880  52537.7  0.1
12900  15653.7  0.04
12920  77943.8  0.14
12940  16223.7  0.04
12960  70973.6  0.12
12980  53278.2  0.1
13000  67250.6  0.12
13020  37350.2  0.06
13040  17335  0.04
13060  56214.9  0.1
13080  40298.2  0.08
13100  57051.2  0.1
13120  63421.1  0.1
13140  61406.8  0.1
13160  79769.2  0.14
13180  67233.8  0.12
13200  15710.6  0.04
13220  31135.5  0.06
13240  36585  0.06
13260  31028.5  0.06
13280  28417  0.06
13300  112571  0.18
13320  70420.8  0.12
13340  80848  0.14
13360  35421.4  0.06
13380  67576.1  0.12
13400  55874.4  0.1
13420  17928.9  0.04
13440  67436.3  0.12
13460  23567.9  0.04
13480  55353.2  0.1
13500  28069.6  0.06
13520  18263.5  0.04
13540  85707.4  0.14
13560  74233.9  0.12
13580  59848.4  0.1
13600  41620.8  0.08
13620  44258.1  0.08
13640  63017.7  0.1
13660  61060.4  0.1
13680  46351.6  0.08
13700  56028.9  0.1
13720  70248.1  0.12
13740  55814.6  0.1
13760  56748.9  0.1
13780  46327.1  0.08
13800  42113.9  0.08
13820  30825.1  0.06
13840  29937.9  0.06
13860  28571.2  0.06
13880  43905.1  0.08
13900  59081.9  0.1
13920  44871.9  0.08
13940  98157.3  0.16
13960  70015  0.12
13980  63940.3  0.1
14000  43407.1  0.08
14020  57864.7  0.1
14040  72072.5  0.12
14060  72029.8  0.12
14080  43291.6  0.08
14100  45350  0.08
14120  69466.6  0.1
14140  44684  0.08
14160  35824  0.06
14180  85218.7  0.14
14200  17097.6  0.04
14220  77857.5  0.12
14240  71960.3  0.12
14260  44142  0.08
14280  17082.6  0.04
14300  44725.9  0.08
14320  47713.5  0.08
14340  42794.4  0.06
14360  43896.2  0.08
14380  44089.8  0.08
14400  49379.2  0.08
14420  75993.9  0.12
14440  46265.8  0.08
14460  42552.9  0.06
14480  88372.6  0.14
14500  42635.4  0.06
14520  103193  0.16
14540  39977.6  0.06
14560  16983.9  0.04
14580  20767.9  0.04
14600  74752.7  0.12
14620  63912.6  0.1
14640  59710.3  0.1
14660  15766.1  0.04
14680  60547.2  0.1
14700  44741.1  0.08
14720  39490.3  0.06
14740  59536.3  0.1
14760  60011.4  0.1
14780  45993.9  0.08
14800  76518.3  0.12
14820  68501.8  0.1
14840  60571.5  0.1
14860  51948.3  0.08
14880  30010.5  0.06
14900  60483.4  0.1
14920  82612.1  0.12
14940  45711.5  0.08
14960  54349.3  0.08
14980  45558.7  0.08
