100  4460.84  1
120  5250.8  1
140  6884.83  1
160  7677.78  1
180  8275.08  0.92
200  10759.1  1
220  10613.6  0.92
240  11668  0.94
260  12114.6  0.92
280  12332.3  0.86
300  14266.1  0.94
320  13151.5  0.82
340  13525.3  0.8
360  15524.6  0.88
380  15119.1  0.82
400  15285.4  0.76
420  16007.6  0.76
440  17516.1  0.8
460  18319.9  0.8
480  17357.6  0.74
500  17075.7  0.68
520  20268.8  0.78
540  13731  0.52
560  17697.4  0.66
580  17925.6  0.62
600  21469.3  0.72
620  21229.6  0.7
640  18201.9  0.56
660  20194  0.6
680  18258.5  0.54
700  17052.2  0.5
720  23153.6  0.64
740  22305.8  0.62
760  22433.5  0.6
780  23706.4  0.62
800  18704.4  0.48
820  18921.5  0.46
840  23362.3  0.56
860  19598.8  0.48
880  27275.8  0.62
900  18945.1  0.44
920  21971  0.48
940  25359  0.54
960  23269.3  0.48
980  27516.5  0.56
1000  24243.3  0.48
1020  24454  0.48
1040  19724.5  0.38
1060  26958.2  0.52
1080  31010.9  0.58
1100  20368.5  0.38
1120  20653.5  0.38
1140  20428.9  0.36
1160  24174.1  0.42
1180  24228.8  0.42
1200  29882.5  0.5
1220  19996.3  0.34
1240  30367  0.5
1260  30325.9  0.48
1280  23160.3  0.38
1300  29580.1  0.46
1320  21510  0.34
1340  32120.1  0.5
1360  17542  0.26
1380  28192.5  0.42
1400  18102  0.28
1420  31332.8  0.44
1440  14836.6  0.22
1460  21649.2  0.32
1480  27133.5  0.36
1500  22597.2  0.3
1520  29142.9  0.38
1540  31260.9  0.42
1560  24142.6  0.32
1580  24645.8  0.32
1600  38156.1  0.48
1620  24516.4  0.32
1640  24185.1  0.3
1660  27157.3  0.34
1680  29161.9  0.36
1700  31622.8  0.38
1720  23050  0.28
1740  25559.2  0.3
1760  32659.9  0.38
1780  41272.3  0.46
1800  27497.8  0.32
1820  24650.4  0.28
1840  18854.7  0.22
1860  35852.2  0.4
1880  19327.2  0.22
1900  24278.3  0.26
1920  30549.1  0.32
1940  26836.7  0.28
1960  32166.8  0.34
1980  38279.4  0.4
2000  27387.6  0.28
2020  27379.1  0.28
2040  22281.6  0.22
2060  38103.7  0.38
2080  29570.2  0.3
2100  26794.7  0.26
2120  39416.8  0.38
2140  26857.2  0.26
2160  41292.9  0.38
2180  30970.4  0.3
2200  16932.2  0.16
2220  20889  0.2
2240  40542.3  0.36
2260  27209  0.24
2280  31648  0.28
2300  26322.5  0.24
2320  42564.8  0.38
2340  17833.5  0.16
2360  28473.1  0.26
2380  47901.2  0.42
2400  43685.5  0.38
2420  20060.3  0.18
2440  21569.5  0.18
2460  28644.7  0.24
2480  30953.9  0.26
2500  21377.9  0.18
2520  22580.7  0.18
2540  33485.9  0.28
2560  32147.7  0.26
2580  19332.3  0.16
2600  40122.1  0.32
2620  23005  0.18
2640  44538.5  0.34
2660  20533  0.16
2680  20365.4  0.16
2700  20409.2  0.16
2720  30590.6  0.24
2740  32833  0.24
2760  25222.3  0.2
2780  33334.4  0.26
2800  50540.4  0.36
2820  56680.1  0.42
2840  34854.7  0.26
2860  23353.3  0.18
2880  35441.1  0.26
2900  26643.8  0.2
2920  29554.5  0.22
2940  23035.9  0.16
2960  41389.9  0.28
2980  24771.9  0.18
3000  32646.1  0.22
3020  36535  0.26
3040  37233  0.26
3060  28452.5  0.2
3080  28376.4  0.2
3100  43318.4  0.28
3120  53204.1  0.34
3140  25814.4  0.18
3160  32174  0.22
3180  36682.1  0.24
3200  14994.1  0.1
3220  33641.6  0.22
3240  21273.8  0.14
3260  34222.5  0.22
3280  35817.9  0.22
3300  33492.2  0.22
3320  57216.6  0.36
3340  20492.4  0.14
3360  30665.9  0.2
3380  30326.6  0.18
3400  41604.8  0.26
3420  33454.1  0.2
3440  41581  0.26
3460  21281.8  0.14
3480  32226.2  0.2
3500  26665.4  0.16
3520  19348.9  0.12
3540  28200.6  0.18
3560  27828.5  0.16
3580  26515.3  0.16
3600  23905.3  0.14
3620  13856.9  0.08
3640  27262.9  0.16
3660  37376.4  0.22
3680  26989  0.16
3700  48863.6  0.28
3720  27167.1  0.16
3740  18559.6  0.1
3760  40287.9  0.22
3780  27722.1  0.16
3800  37242.4  0.2
3820  49901.9  0.28
3840  44794.4  0.24
3860  15314.3  0.08
3880  23926.9  0.14
3900  29670.9  0.16
3920  31704.2  0.18
3940  30334.6  0.16
3960  43948.3  0.24
3980  32909.3  0.18
4000  60105.4  0.32
4020  26085.5  0.14
4040  11588.5  0.06
4060  33450.1  0.18
4080  30470.6  0.16
4100  30943.9  0.16
4120  22553.9  0.12
4140  54746.1  0.28
4160  44555.2  0.22
4180  58970.2  0.3
4200  43579.8  0.22
4220  11981.4  0.06
4240  39365.9  0.2
4260  33466.3  0.16
4280  16288.1  0.08
4300  43678.5  0.22
4320  20679.3  0.1
4340  41397.1  0.2
4360  53145.6  0.26
4380  39239.5  0.18
4400  53284.1  0.26
4420  32047.6  0.16
4440  30276.2  0.14
4460  25840.4  0.12
4480  32310.9  0.16
4500  58698.6  0.26
4520  60263.7  0.28
4540  27417.7  0.14
4560  23254.7  0.12
4580  15690.7  0.08
4600  30658.9  0.14
4620  26554.4  0.12
4640  27537.1  0.12
4660  37263.9  0.16
4680  25683.9  0.12
4700  40074.9  0.18
4720  47291.6  0.22
4740  19132.5  0.1
4760  13156  0.06
4780  41049.2  0.18
4800  38965  0.18
4820  22593.4  0.1
4840  65154.2  0.28
4860  13187.5  0.06
4880  28956.1  0.12
4900  46063.8  0.2
4920  49715.1  0.22
4940  28664.4  0.12
4960  32524  0.14
4980  28704.9  0.12
5000  12693.8  0.06
5020  33782.3  0.14
5040  44226  0.18
5060  13243.3  0.06
5080  51153  0.22
5100  28542.3  0.12
5120  35258.7  0.14
5140  30809  0.12
5160  46879.3  0.2
5180  33752.8  0.14
5200  18378.2  0.08
5220  13377.2  0.06
5240  47397.5  0.2
5260  23654.5  0.1
5280  13396.3  0.06
5300  39562.9  0.16
5320  29955.4  0.12
5340  25833.6  0.1
5360  34324.8  0.14
5380  34866  0.14
5400  51074.2  0.2
5420  40425.8  0.16
5440  50673.8  0.2
5460  36938.4  0.14
5480  45529.6  0.18
5500  35739.7  0.14
5520  21001.5  0.08
5540  21809.7  0.08
5560  19433.6  0.08
5580  34187.9  0.14
5600  14768.3  0.06
5620  50667.3  0.18
5640  25187.1  0.1
5660  27504.5  0.1
5680  41365.2  0.16
5700  26118.2  0.1
5720  42188  0.16
5740  42927.7  0.16
5760  20786.6  0.08
5780  32341.8  0.12
5800  33759.6  0.12
5820  17737.8  0.08
5840  48342.1  0.18
5860  32858.6  0.12
5880  60534.3  0.22
5900  53224  0.2
5920  32846.8  0.12
5940  42790.5  0.16
5960  66179.3  0.24
5980  29685.6  0.1
6000  32226.1  0.12
6020  39261.5  0.14
6040  43615.5  0.16
6060  32519.5  0.12
6080  50140.9  0.18
6100  29569.6  0.1
6120  47416.9  0.16
6140  64302.1  0.22
6160  24131.9  0.08
6180  54890.8  0.18
6200  46170.1  0.16
6220  30442.2  0.1
6240  59642.3  0.2
6260  21987.6  0.08
6280  52337.1  0.18
6300  20903.7  0.08
6320  36913.6  0.12
6340  53086.3  0.18
6360  44830.8  0.16
6380  60735.8  0.2
6400  24519.2  0.08
6420  57143.5  0.18
6440  21556.3  0.08
6460  43188.9  0.14
6480  53151.4  0.18
6500  30882.2  0.1
6520  65981.6  0.22
6540  42280.5  0.14
6560  40736.3  0.14
6580  15926.1  0.06
6600  66075.9  0.22
6620  34960.3  0.12
6640  16289  0.06
6660  37874.6  0.12
6680  45909.8  0.14
6700  40726.4  0.14
6720  48917.2  0.16
6740  41790.9  0.14
6760  44959.7  0.14
6780  49162  0.16
6800  68396.7  0.22
6820  45274.9  0.14
6840  55345.1  0.18
6860  91130.7  0.28
6880  44017  0.14
6900  62257.2  0.18
6920  15767.9  0.06
6940  25114.3  0.08
6960  61476.1  0.18
6980  22574.8  0.08
7000  23570  0.08
7020  16303  0.06
7040  56488.3  0.18
7060  63649.8  0.2
7080  44767  0.14
7100  58394.5  0.18
7120  61222  0.18
7140  16000.9  0.06
7160  17135  0.06
7180  29349.2  0.1
7200  16944.9  0.06
7220  25537.3  0.08
7240  25524.3  0.08
7260  44104.4  0.14
7280  55544.7  0.16
7300  45141.6  0.14
7320  18315.5  0.06
7340  80589.9  0.22
7360  44251.4  0.14
7380  66766.2  0.2
7400  32287.2  0.1
7420  43038.9  0.12
7440  32519.4  0.1
7460  67444.8  0.2
7480  32117.3  0.1
7500  40732.9  0.12
7520  31369.2  0.1
7540  67793.4  0.18
7560  58692.1  0.16
7580  32387  0.1
7600  32661.7  0.1
7620  44810.5  0.12
7640  37685.5  0.1
7660  47306.8  0.14
7680  39108.6  0.12
7700  32595.3  0.1
7720  61492.5  0.16
7740  31917.2  0.1
7760  65897.5  0.18
7780  32664.6  0.1
7800  45909.9  0.12
7820  70932.4  0.2
7840  32593.9  0.1
7860  29176.8  0.08
7880  72975.3  0.2
7900  55804.9  0.16
7920  43709.6  0.12
7940  25583.7  0.08
7960  33252.6  0.1
7980  48113  0.14
8000  64594.7  0.18
8020  25582.8  0.08
8040  39577.8  0.1
8060  88614.9  0.24
8080  56395.6  0.16
8100  68037  0.18
8120  44583.8  0.12
8140  55437.8  0.14
8160  51988.3  0.14
8180  17363.3  0.06
8200  82921.7  0.22
8220  66640.3  0.18
8240  33710.9  0.1
8260  25710.5  0.08
8280  17409.4  0.06
8300  50856.3  0.14
8320  34996  0.1
8340  26087.5  0.08
8360  30596.4  0.08
8380  48000.5  0.12
8400  26438.2  0.08
8420  18089.3  0.06
8440  18730.8  0.06
8460  37539.3  0.1
8480  53784.9  0.14
8500  51302.8  0.14
8520  43349.4  0.12
8540  60399.9  0.16
8560  43240.2  0.12
8580  42888.1  0.12
8600  35352.1  0.1
8620  27424.1  0.08
8640  35817.4  0.1
8660  53068.6  0.14
8680  28977  0.08
8700  62105.8  0.16
8720  70559.7  0.18
8740  74907.3  0.18
8760  62492.4  0.16
8780  30080.2  0.08
8800  27445  0.08
8820  52405.5  0.12
8840  53597.9  0.14
8860  37541.2  0.1
8880  35782.4  0.1
8900  57847.6  0.14
8920  36435.5  0.1
8940  31539.2  0.08
8960  26811  0.08
8980  36052.1  0.1
9000  29878.8  0.08
9020  46226.4  0.12
9040  54780.8  0.14
9060  36897.8  0.1
9080  42204.3  0.1
9100  29560.5  0.08
9120  64070.5  0.16
9140  36743  0.1
9160  46331.4  0.12
9180  37099  0.1
9200  27988.3  0.08
9220  27899.6  0.08
9240  39023.5  0.1
9260  48855.6  0.12
9280  24293.3  0.06
9300  44751.3  0.1
9320  38615.2  0.1
9340  46490.4  0.12
9360  48121.3  0.12
9380  29453.7  0.08
9400  56953.5  0.14
9420  48508.8  0.12
9440  19161.1  0.06
9460  19128.1  0.06
9480  42334.6  0.1
9500  24383.7  0.06
9520  20294.5  0.06
9540  40925.6  0.1
9560  29158.8  0.08
9580  28761.2  0.08
9600  47837.3  0.1
9620  34752.5  0.08
9640  40132.7  0.1
9660  23398.2  0.06
9680  29153.7  0.06
9700  29268.2  0.08
9720  24049.9  0.06
9740  19574.7  0.04
9760  19574.7  0.04
9780  19574.7  0.04
9800  19574.7  0.04
9820  19574.7  0.04
9840  19574.7  0.04
9860  19574.7  0.04
9880  19574.7  0.04
9900  19574.7  0.04
9920  19574.7  0.04
9940  19574.7  0.04
9960  19574.7  0.04
9980  19574.7  0.04
10000  19574.7  0.04
10020  19902.7  0.04
10040  19902.7  0.04
10060  19902.7  0.04
10080  19902.7  0.04
10100  19902.7  0.04
10120  19902.7  0.04
10140  19902.7  0.04
10160  19902.7  0.04
10180  19902.7  0.04
10200  19902.7  0.04
10220  19902.7  0.04
10240  19902.7  0.04
10260  19902.7  0.04
10280  19902.7  0.04
10300  19902.7  0.04
10320  19902.7  0.04
10340  20230.7  0.04
10360  20230.7  0.04
10380  20230.7  0.04
10400  20230.7  0.04
10420  20230.7  0.04
10440  20230.7  0.04
10460  20230.7  0.04
10480  20230.7  0.04
10500  20230.7  0.04
10520  20230.7  0.04
10540  20230.7  0.04
10560  20230.7  0.04
10580  20230.7  0.04
10600  20230.7  0.04
10620  20230.7  0.04
10640  20230.7  0.04
10660  20558.7  0.04
10680  20558.7  0.04
10700  20558.7  0.04
10720  20558.7  0.04
10740  20558.7  0.04
10760  20558.7  0.04
10780  20558.7  0.04
10800  20558.7  0.04
10820  20558.7  0.04
10840  20558.7  0.04
10860  20558.7  0.04
10880  20558.7  0.04
10900  20558.7  0.04
10920  20558.7  0.04
10940  20558.7  0.04
10960  20558.7  0.04
10980  20558.7  0.04
11000  20886.6  0.04
11020  20886.6  0.04
11040  20886.6  0.04
11060  20886.6  0.04
11080  20886.6  0.04
11100  20886.6  0.04
11120  20886.6  0.04
11140  20886.6  0.04
11160  20886.6  0.04
11180  20886.6  0.04
11200  20886.6  0.04
11220  20886.6  0.04
11240  20886.6  0.04
11260  20886.6  0.04
11280  20886.6  0.04
11300  20886.6  0.04
11320  21214.6  0.04
11340  21214.6  0.04
11360  21214.6  0.04
11380  21214.6  0.04
11400  21214.6  0.04
11420  21214.6  0.04
11440  21214.6  0.04
11460  21214.6  0.04
11480  21214.6  0.04
11500  21214.6  0.04
11520  21214.6  0.04
11540  21214.6  0.04
11560  21214.6  0.04
11580  21214.6  0.04
11600  21214.6  0.04
11620  21214.6  0.04
11640  21214.6  0.04
11660  21542.6  0.04
11680  21542.6  0.04
11700  21542.6  0.04
11720  21542.6  0.04
11740  21542.6  0.04
11760  21542.6  0.04
11780  21542.6  0.04
11800  21542.6  0.04
11820  21542.6  0.04
11840  21542.6  0.04
11860  21542.6  0.04
11880  21542.6  0.04
11900  21542.6  0.04
11920  21542.6  0.04
11940  21542.6  0.04
11960  21542.6  0.04
11980  21870.5  0.04
12000  21870.5  0.04
12020  21870.5  0.04
12040  21870.5  0.04
12060  21870.5  0.04
12080  21870.5  0.04
12100  21870.5  0.04
12120  21870.5  0.04
12140  21870.5  0.04
12160  21870.5  0.04
12180  21870.5  0.04
12200  21870.5  0.04
12220  21870.5  0.04
12240  21870.5  0.04
12260  21870.5  0.04
12280  21870.5  0.04
12300  22198.5  0.04
12320  22198.5  0.04
12340  22198.5  0.04
12360  22198.5  0.04
12380  22198.5  0.04
12400  22198.5  0.04
12420  22198.5  0.04
12440  22198.5  0.04
12460  22198.5  0.04
12480  22198.5  0.04
12500  22198.5  0.04
12520  22198.5  0.04
12540  22198.5  0.04
12560  22198.5  0.04
12580  22198.5  0.04
12600  22198.5  0.04
12620  22198.5  0.04
12640  22526.5  0.04
12660  22526.5  0.04
12680  22526.5  0.04
12700  22526.5  0.04
12720  22526.5  0.04
12740  22526.5  0.04
12760  22526.5  0.04
12780  22526.5  0.04
12800  22526.5  0.04
12820  22526.5  0.04
12840  22526.5  0.04
12860  22526.5  0.04
12880  22526.5  0.04
12900  22526.5  0.04
12920  22526.5  0.04
12940  22526.5  0.04
12960  22854.5  0.04
12980  22854.5  0.04
13000  22854.5  0.04
13020  22854.5  0.04
13040  22854.5  0.04
13060  22854.5  0.04
13080  22854.5  0.04
13100  22854.5  0.04
13120  22854.5  0.04
13140  22854.5  0.04
13160  22854.5  0.04
13180  22854.5  0.04
13200  22854.5  0.04
13220  22854.5  0.04
13240  22854.5  0.04
13260  22854.5  0.04
13280  22854.5  0.04
13300  23182.4  0.04
13320  23182.4  0.04
13340  23182.4  0.04
13360  23182.4  0.04
13380  23182.4  0.04
13400  23182.4  0.04
13420  23182.4  0.04
13440  23182.4  0.04
13460  23182.4  0.04
13480  23182.4  0.04
13500  23182.4  0.04
13520  23182.4  0.04
13540  23182.4  0.04
13560  23182.4  0.04
13580  23182.4  0.04
13600  23182.4  0.04
13620  23510.4  0.04
13640  23510.4  0.04
13660  23510.4  0.04
13680  23510.4  0.04
13700  23510.4  0.04
13720  23510.4  0.04
13740  23510.4  0.04
13760  23510.4  0.04
13780  23510.4  0.04
13800  23510.4  0.04
13820  23510.4  0.04
13840  23510.4  0.04
13860  23510.4  0.04
13880  23510.4  0.04
13900  23510.4  0.04
13920  23510.4  0.04
13940  23838.4  0.04
13960  23838.4  0.04
13980  23838.4  0.04
14000  23838.4  0.04
14020  23838.4  0.04
14040  23838.4  0.04
14060  23838.4  0.04
14080  23838.4  0.04
14100  23838.4  0.04
14120  23838.4  0.04
14140  23838.4  0.04
14160  23838.4  0.04
14180  23838.4  0.04
14200  23838.4  0.04
14220  23838.4  0.04
14240  23838.4  0.04
14260  23838.4  0.04
14280  24166.4  0.04
14300  24166.4  0.04
14320  24166.4  0.04
14340  24166.4  0.04
14360  24166.4  0.04
14380  24166.4  0.04
14400  24166.4  0.04
14420  24166.4  0.04
14440  24166.4  0.04
14460  24166.4  0.04
14480  24166.4  0.04
14500  24166.4  0.04
14520  24166.4  0.04
14540  24166.4  0.04
14560  24166.4  0.04
14580  24166.4  0.04
14600  24494.3  0.04
14620  24494.3  0.04
14640  24494.3  0.04
14660  24494.3  0.04
14680  24494.3  0.04
14700  24494.3  0.04
14720  24494.3  0.04
14740  24494.3  0.04
14760  24494.3  0.04
14780  24494.3  0.04
14800  24494.3  0.04
14820  24494.3  0.04
14840  24494.3  0.04
14860  24494.3  0.04
14880  24494.3  0.04
14900  24494.3  0.04
14920  24494.3  0.04
14940  24822.3  0.04
14960  24822.3  0.04
14980  24822.3  0.04
