100  4808.79  1
120  5629.07  1
140  6484.7  1
160  7580.4  1
180  8452.25  1
200  8998.4  0.96
220  10040.1  0.96
240  12263  1
260  12919.3  0.94
280  13907.7  0.94
300  15264  0.98
320  15092.6  0.94
340  16149.6  0.94
360  16495.4  0.9
380  16551.7  0.86
400  18489  0.92
420  18986.7  0.9
440  19873.5  0.9
460  20849.5  0.9
480  19600.1  0.82
500  21445.8  0.86
520  23321.4  0.9
540  23161.9  0.86
560  18558.1  0.68
580  21063.6  0.74
600  24784.5  0.84
620  21807.6  0.72
640  25373.3  0.82
660  25879.1  0.8
680  22463.9  0.68
700  26325.6  0.76
720  27069.3  0.76
740  24249.4  0.66
760  24377  0.66
780  28909.9  0.74
800  31708.7  0.78
820  32801.3  0.8
840  29099.3  0.7
860  24454.7  0.58
880  30256.2  0.7
900  28532.8  0.64
920  26745  0.6
940  32805.6  0.7
960  31359.3  0.66
980  26734.1  0.56
1000  30581.5  0.62
1020  30546.7  0.62
1040  38463.2  0.76
1060  29121.8  0.56
1080  29035.6  0.56
1100  27526.2  0.52
1120  32641.6  0.6
1140  34326.7  0.62
1160  34838.8  0.62
1180  29968.6  0.5
1200  32657.1  0.56
1220  31796.7  0.52
1240  35903.6  0.58
1260  35939  0.58
1280  30167.9  0.48
1300  26361.2  0.4
1320  32962.3  0.5
1340  32217.5  0.48
1360  35305.8  0.52
1380  35017.7  0.52
1400  39973.1  0.58
1420  30259.9  0.44
1440  28439.5  0.4
1460  42236.4  0.58
1480  27721  0.38
1500  41574.2  0.56
1520  43498.6  0.58
1540  23574.8  0.32
1560  36757.7  0.48
1580  27508.8  0.36
1600  36338.5  0.46
1620  34426  0.44
1640  34392.3  0.42
1660  39788.5  0.48
1680  37903.8  0.46
1700  42027.1  0.5
1720  30475.7  0.36
1740  36359.2  0.42
1760  35566.7  0.42
1780  26216.6  0.3
1800  38651.2  0.44
1820  25109.9  0.28
1840  42821.6  0.48
1860  46076.6  0.5
1880  42884.4  0.46
1900  43027.9  0.46
1920  27390.9  0.3
1940  36048.4  0.38
1960  34229  0.36
1980  43608.7  0.44
2000  39844.2  0.42
2020  35627.6  0.36
2040  41823.4  0.42
2060  40538.4  0.4
2080  50515.4  0.5
2100  36839.1  0.36
2120  35177.9  0.34
2140  41270.8  0.4
2160  33344.9  0.32
2180  38154.3  0.36
2200  46925.1  0.44
2220  46352.2  0.42
2240  27522.2  0.26
2260  44003.2  0.4
2280  42417  0.38
2300  45019.7  0.4
2320  33832.5  0.3
2340  26757.3  0.24
2360  47164  0.42
2380  48663.2  0.42
2400  28737.4  0.24
2420  43813.3  0.38
2440  44087.6  0.38
2460  38241.8  0.32
2480  35675.8  0.3
2500  48847.4  0.4
2520  48981.4  0.4
2540  34557.5  0.28
2560  38378.3  0.3
2580  30414.6  0.24
2600  35427.5  0.28
2620  57342.7  0.44
2640  47244.2  0.36
2660  35885.9  0.28
2680  29846.5  0.24
2700  36375.5  0.28
2720  39116.7  0.3
2740  36414.8  0.28
2760  50225.2  0.38
2780  42604  0.32
2800  36282.7  0.26
2820  28734.2  0.22
2840  37873.1  0.28
2860  52880.3  0.38
2880  28867.1  0.22
2900  37790.8  0.28
2920  56322.9  0.4
2940  56304.7  0.4
2960  27862.4  0.2
2980  45209.6  0.32
3000  34716.5  0.24
3020  23020.1  0.16
3040  22977.8  0.16
3060  28312.8  0.2
3080  35763.5  0.24
3100  45947.9  0.3
3120  26670.8  0.18
3140  38667.2  0.26
3160  28195.2  0.18
3180  29799.4  0.2
3200  41017.4  0.26
3220  38216.7  0.24
3240  46939.6  0.3
3260  44145.6  0.28
3280  28818.3  0.18
3300  43510.2  0.28
3320  32649.3  0.2
3340  35406.3  0.22
3360  53657.1  0.34
3380  55004  0.34
3400  31297  0.2
3420  44743.5  0.28
3440  49118.9  0.3
3460  32627.8  0.2
3480  29387.2  0.18
3500  47725.9  0.28
3520  42826.5  0.26
3540  57651.6  0.34
3560  38241.1  0.22
3580  61060.2  0.36
3600  42835.1  0.24
3620  33969.4  0.2
3640  52595.7  0.3
3660  52837.8  0.3
3680  31868  0.18
3700  42327.8  0.24
3720  33731.3  0.2
3740  48756.5  0.28
3760  24247.4  0.14
3780  57516.2  0.32
3800  35977.6  0.2
3820  41934.7  0.22
3840  53983.7  0.3
3860  39931.2  0.22
3880  40746.6  0.22
3900  35820.9  0.2
3920  52134.5  0.28
3940  23018.6  0.12
3960  36459.5  0.2
3980  57376.7  0.3
4000  28765.4  0.16
4020  30850  0.16
4040  23301.7  0.12
4060  23232  0.12
4080  33617.2  0.18
4100  39515.8  0.2
4120  31170.3  0.16
4140  38858.9  0.2
4160  39184.9  0.2
4180  33040.4  0.16
4200  35092.1  0.18
4220  72272  0.36
4240  37919.4  0.18
4260  38614.4  0.2
4280  43560.7  0.22
4300  66778.4  0.32
4320  25587.7  0.12
4340  41172.7  0.2
4360  34178.5  0.16
4380  70163.7  0.34
4400  40932.6  0.2
4420  53803.3  0.26
4440  22365.8  0.12
4460  54857.9  0.26
4480  36794.3  0.18
4500  63959.1  0.3
4520  69010.7  0.32
4540  45329.8  0.2
4560  27047.5  0.12
4580  37759.4  0.18
4600  22368.2  0.1
4620  53056.8  0.24
4640  17290.8  0.08
4660  27594.3  0.12
4680  40095.4  0.18
4700  46205.8  0.2
4720  62915.3  0.28
4740  39419.5  0.18
4760  50688.6  0.22
4780  43147.5  0.2
4800  53538.1  0.24
4820  45116.7  0.2
4840  47264.6  0.2
4860  44887.1  0.2
4880  42300.4  0.18
4900  42723.2  0.18
4920  59638.3  0.26
4940  30657.6  0.14
4960  37794.8  0.16
4980  35782.1  0.16
5000  31619.6  0.14
5020  48223.4  0.2
5040  53248.4  0.22
5060  40661.3  0.18
5080  35566.1  0.14
5100  69282.5  0.28
5120  47360.4  0.2
5140  48394.1  0.2
5160  12066  0.06
5180  31805.1  0.14
5200  43277.3  0.18
5220  30020  0.12
5240  61646.7  0.24
5260  40463.6  0.16
5280  21119.2  0.08
5300  62422.3  0.24
5320  27153.2  0.12
5340  19037.8  0.08
5360  56427.3  0.22
5380  62847.2  0.24
5400  89883.8  0.34
5420  74237.1  0.28
5440  31333.4  0.12
5460  51900.9  0.2
5480  44056.9  0.18
5500  66815.8  0.26
5520  18709.6  0.08
5540  39769.8  0.16
5560  53839.5  0.2
5580  33785.9  0.14
5600  68653.9  0.26
5620  16433.4  0.06
5640  27870.8  0.1
5660  39067.2  0.14
5680  35282.6  0.14
5700  38263.8  0.14
5720  34096.4  0.12
5740  10960.4  0.04
5760  40046.6  0.14
5780  16647.6  0.06
5800  31047.9  0.12
5820  53115  0.2
5840  19302.5  0.08
5860  17252.7  0.06
5880  36517.7  0.14
5900  46483.9  0.16
5920  40845.6  0.14
5940  50964.8  0.18
5960  64533.1  0.22
5980  65894.8  0.24
6000  55932.4  0.2
6020  29731.9  0.1
6040  38765.1  0.14
6060  26372.9  0.1
6080  50738.3  0.18
6100  52365.8  0.18
6120  40395.9  0.14
6140  47319.9  0.16
6160  62790.6  0.22
6180  17768.8  0.06
6200  52491.4  0.18
6220  86590.7  0.28
6240  11090.6  0.04
6260  70063.1  0.24
6280  74631.3  0.24
6300  46751.8  0.16
6320  11112.4  0.04
6340  57682.4  0.2
6360  73565.6  0.24
6380  26927.1  0.1
6400  40840.8  0.14
6420  41063.5  0.14
6440  17334.5  0.06
6460  40049.6  0.14
6480  43645.6  0.14
6500  45303.5  0.14
6520  36938.1  0.12
6540  56818.3  0.18
6560  63657.6  0.2
6580  25018.3  0.08
6600  29302.6  0.1
6620  36665.5  0.12
6640  54267.4  0.18
6660  19661.7  0.06
6680  45506.6  0.14
6700  40971.9  0.14
6720  38282.1  0.12
6740  33514.2  0.1
6760  78926.8  0.24
6780  18412.8  0.06
6800  45131.9  0.14
6820  25280.6  0.08
6840  22499.6  0.08
6860  24921.5  0.08
6880  11709  0.04
6900  91083.4  0.28
6920  21680.6  0.08
6940  44940.9  0.14
6960  11963  0.04
6980  70960.1  0.22
7000  46582  0.14
7020  19066  0.06
7040  32924.8  0.1
7060  31948.5  0.1
7080  38051.7  0.12
7100  35254.6  0.1
7120  83766.1  0.24
7140  14020.7  0.04
7160  51264.3  0.16
7180  27629.6  0.08
7200  20974.2  0.06
7220  42067.3  0.12
7240  62644.5  0.18
7260  41820.9  0.12
7280  38605.6  0.12
7300  26269.5  0.08
7320  35675.4  0.1
7340  70338.3  0.2
7360  25763.9  0.08
7380  11387.9  0.04
7400  58256.2  0.16
7420  32154.7  0.1
7440  57757.2  0.16
7460  59432.3  0.16
7480  82882  0.24
7500  44915.1  0.12
7520  34234.4  0.1
7540  11428.6  0.04
7560  73189.3  0.2
7580  42383.4  0.12
7600  12981.5  0.04
7620  29236.1  0.08
7640  19585  0.06
7660  63461.7  0.18
7680  21116.4  0.06
7700  21368  0.06
7720  58451.2  0.16
7740  41398.2  0.12
7760  42938.3  0.12
7780  25982.5  0.08
7800  49176.8  0.14
7820  35639.4  0.1
7840  19869.5  0.06
7860  43827.3  0.12
7880  14431.1  0.04
7900  20836.9  0.06
7920  46404.2  0.12
7940  27377.6  0.08
7960  54777.3  0.14
7980  15894.6  0.04
8000  21317.9  0.06
8020  58569  0.16
8040  37821.2  0.1
8060  80289.4  0.2
8080  55170.8  0.14
8100  37746.4  0.1
8120  28859.7  0.08
8140  28057.9  0.08
8160  54880.2  0.14
8180  29859.8  0.08
8200  52324.8  0.14
8220  12959.6  0.04
8240  93482.3  0.24
8260  70540.2  0.18
8280  37111.1  0.1
8300  12157.8  0.04
8320  42110.3  0.12
8340  67919.3  0.18
8360  30219.9  0.08
8380  46581.9  0.12
8400  20206.2  0.06
8420  52458.3  0.14
8440  45268.5  0.12
8460  21238.4  0.06
8480  60016.2  0.16
8500  52833.8  0.14
8520  39452.5  0.1
8540  29821.9  0.08
8560  29313  0.08
8580  27762.6  0.08
8600  79763.7  0.2
8620  29120.8  0.08
8640  40713.5  0.1
8660  44190.5  0.12
8680  43421.8  0.1
8700  20502.2  0.06
8720  54321.3  0.14
8740  56045.2  0.14
8760  44504.8  0.12
8780  31137.6  0.08
8800  34236.6  0.08
8820  36271.5  0.1
8840  22238.6  0.06
8860  33593  0.08
8880  37995  0.1
8900  13810.9  0.04
8920  48105.6  0.12
8940  20721.4  0.06
8960  47909.8  0.12
8980  71904.7  0.18
9000  46815.2  0.12
9020  31516.1  0.08
9040  68905.4  0.16
9060  31304  0.08
9080  30403.1  0.08
9100  38741.1  0.1
9120  29986.1  0.08
9140  16040.6  0.04
9160  24172.2  0.06
9180  13574.5  0.04
9200  58340.2  0.14
9220  47351  0.12
9240  23526.2  0.06
9260  30782.2  0.08
9280  58063.5  0.14
9300  22586.4  0.06
9320  26194  0.06
9340  66057.7  0.16
9360  55752.2  0.12
9380  12167.6  0.04
9400  12169.3  0.04
9420  63502.1  0.14
9440  18293  0.04
9460  59421.9  0.14
9480  38743.7  0.1
9500  30810.1  0.08
9520  31206.8  0.08
9540  27546.4  0.06
9560  50719  0.12
9580  40876.7  0.1
9600  45594.6  0.1
9620  27936.4  0.06
9640  69132.4  0.16
9660  35847.8  0.08
9680  59474.9  0.14
9700  54205  0.12
9720  42287.8  0.1
9740  32565.5  0.08
9760  32683  0.08
9780  37274  0.08
9800  98278.9  0.22
9820  52491.3  0.12
9840  34047.4  0.08
9860  12254.8  0.04
9880  44096.8  0.1
9900  23284.7  0.06
9920  41631.3  0.1
9940  72296.1  0.16
9960  14610.7  0.04
9980  54985.5  0.12
10000  50262.9  0.12
10020  42983.8  0.1
10040  51237.1  0.12
10060  61862.7  0.14
10080  70910.3  0.16
10100  59711.7  0.12
10120  46106.3  0.1
10140  22101.7  0.06
10160  43889.1  0.1
10180  82413.2  0.18
10200  45232.9  0.1
10220  15082.4  0.04
10240  62861.5  0.14
10260  84186.5  0.18
10280  43511.9  0.1
10300  33552.6  0.08
10320  32817.8  0.08
10340  54865  0.12
10360  43481.8  0.1
10380  80129.3  0.16
10400  38281.5  0.08
10420  34688.5  0.08
10440  73287.4  0.16
10460  26170.2  0.06
10480  26827.7  0.06
10500  37203.6  0.08
10520  39310.5  0.08
10540  12379.9  0.04
10560  48691.5  0.1
10580  12387.2  0.04
10600  64569.6  0.14
10620  29810.3  0.06
10640  54510.2  0.12
10660  19142.5  0.04
10680  24070.6  0.06
10700  64332.6  0.14
10720  40897.6  0.08
10740  56971.2  0.12
10760  26402.7  0.06
10780  44020  0.1
10800  49391.2  0.1
10820  45783.6  0.1
10840  34175.7  0.08
10860  14038.9  0.04
10880  57106.2  0.12
10900  18423.4  0.04
10920  26292.2  0.06
10940  47241.8  0.1
10960  47621.5  0.1
10980  47209.9  0.1
11000  13259.6  0.04
11020  35166.3  0.08
11040  34130.3  0.08
11060  39342.9  0.08
11080  37057.3  0.08
11100  60914.9  0.12
11120  35752.2  0.08
11140  24047  0.06
11160  12564.5  0.04
11180  45801.6  0.1
11200  47410.6  0.1
11220  56855.4  0.12
11240  12382.6  0.04
11260  35317.8  0.08
11280  34945  0.08
11300  55030  0.1
11320  13396.7  0.04
11340  69628.8  0.14
11360  57420.9  0.12
11380  28836.4  0.06
11400  39770.6  0.08
11420  68992.8  0.14
11440  70354.8  0.14
11460  69411.6  0.14
11480  47472.1  0.1
11500  23704.9  0.06
11520  35891.5  0.08
11540  14455.7  0.04
11560  35567.9  0.08
11580  58868.5  0.12
11600  51429.7  0.1
11620  37480.1  0.08
11640  24444.6  0.06
11660  82503.3  0.16
11680  61822.3  0.12
11700  47112.6  0.1
11720  47635.7  0.1
11740  44760.4  0.08
11760  38386.6  0.08
11780  15801.6  0.04
11800  37833.8  0.08
11820  16755.6  0.04
11840  37013.4  0.08
11860  59784.7  0.12
11880  47325.5  0.1
11900  36336.8  0.08
11920  60582.1  0.12
11940  60186.8  0.12
11960  35916.3  0.08
11980  72234.2  0.14
12000  12933.3  0.04
12020  37357.2  0.08
12040  37968.5  0.08
12060  60670.4  0.12
12080  34661.1  0.06
12100  60794.8  0.12
12120  25119.9  0.06
12140  37137.7  0.08
12160  21007.8  0.04
12180  31437.1  0.06
12200  36831.4  0.08
12220  25828.8  0.06
12240  12908.1  0.04
12260  65672.1  0.12
12280  24711.7  0.06
12300  49142.4  0.1
12320  41818.5  0.08
12340  47592.8  0.08
12360  38350  0.08
12380  50111.4  0.1
12400  25308.5  0.06
12420  49733.2  0.1
12440  21960.3  0.04
12460  29180.3  0.06
12480  26273.7  0.06
12500  25073.6  0.06
12520  44104.5  0.08
12540  47937.2  0.08
12560  52359.2  0.1
12580  37637.1  0.08
12600  33884  0.06
12620  12841.7  0.04
12640  42502.3  0.08
12660  20469.1  0.04
12680  31074  0.06
12700  16937.7  0.04
12720  25793.8  0.06
12740  15249.4  0.04
12760  26133.5  0.06
12780  12791  0.04
12800  12799.8  0.02
12820  12801.1  0.02
12840  12801.1  0.02
12860  12801.1  0.02
12880  12801.1  0.02
12900  12801.1  0.02
12920  12801.1  0.02
12940  12801.1  0.02
12960  12801.1  0.02
12980  12801.1  0.02
13000  12801.1  0.02
13020  12801.1  0.02
13040  12801.1  0.02
13060  12801.1  0.02
13080  12801.1  0.02
13100  12801.1  0.02
13120  12801.1  0.02
13140  12801.1  0.02
13160  12801.1  0.02
13180  12801.1  0.02
13200  12801.1  0.02
13220  12801.1  0.02
13240  12801.1  0.02
13260  12801.1  0.02
13280  12801.1  0.02
13300  12801.1  0.02
13320  12801.1  0.02
13340  12801.1  0.02
13360  12801.1  0.02
13380  12801.1  0.02
13400  12801.1  0.02
13420  12801.1  0.02
13440  12801.1  0.02
13460  12801.1  0.02
13480  12801.1  0.02
13500  12801.1  0.02
13520  12801.1  0.02
13540  12801.1  0.02
13560  12801.1  0.02
13580  12801.1  0.02
13600  12801.1  0.02
13620  12801.1  0.02
13640  12801.1  0.02
13660  12801.1  0.02
13680  12801.1  0.02
13700  12801.1  0.02
13720  12801.1  0.02
13740  12801.1  0.02
13760  12801.1  0.02
13780  12801.1  0.02
13800  12801.1  0.02
13820  12801.1  0.02
13840  12801.1  0.02
13860  12801.1  0.02
13880  12801.1  0.02
13900  12801.1  0.02
13920  12801.1  0.02
13940  12801.1  0.02
13960  12801.1  0.02
13980  12801.1  0.02
14000  12801.1  0.02
14020  12801.1  0.02
14040  12801.1  0.02
14060  12801.1  0.02
14080  12801.1  0.02
14100  12801.1  0.02
14120  12801.1  0.02
14140  12801.1  0.02
14160  12801.1  0.02
14180  12801.1  0.02
14200  12801.1  0.02
14220  12801.1  0.02
14240  12801.1  0.02
14260  12801.1  0.02
14280  12801.1  0.02
14300  12801.1  0.02
14320  12801.1  0.02
14340  12801.1  0.02
14360  12801.1  0.02
14380  12801.1  0.02
14400  12801.1  0.02
14420  12801.1  0.02
14440  12801.1  0.02
14460  12801.1  0.02
14480  12801.1  0.02
14500  12801.1  0.02
14520  12801.1  0.02
14540  12801.1  0.02
14560  12801.1  0.02
14580  12801.1  0.02
14600  12801.1  0.02
14620  12801.1  0.02
14640  12801.1  0.02
14660  12801.1  0.02
14680  12801.1  0.02
14700  12801.1  0.02
14720  12801.1  0.02
14740  12801.1  0.02
14760  12801.1  0.02
14780  12801.1  0.02
14800  12801.1  0.02
14820  12801.1  0.02
14840  12801.1  0.02
14860  12801.1  0.02
14880  12801.1  0.02
14900  12801.1  0.02
14920  12801.1  0.02
14940  12801.1  0.02
14960  12801.1  0.02
14980  12801.1  0.02
