100  4481.43  1
120  5390.54  1
140  6263.68  1
160  7203.93  1
180  8224.06  0.98
200  9779.68  1
220  10716.4  1
240  11956.2  1
260  13093.2  0.98
280  13735.5  0.96
300  14878.5  0.98
320  16144.2  1
340  17221.8  0.98
360  17848.9  0.96
380  17974.4  0.92
400  18294.7  0.9
420  21126.3  1
440  21268  0.96
460  19924.2  0.86
480  22541.6  0.94
500  21882.6  0.88
520  23611.6  0.92
540  23713.1  0.88
560  24614.7  0.88
580  23552.7  0.82
600  26477.1  0.88
620  24797.9  0.8
640  25465.4  0.8
660  29516.7  0.9
680  28115.9  0.82
700  30155.8  0.86
720  28583.9  0.8
740  28708.9  0.78
760  29014.6  0.78
780  27367.7  0.7
800  27308.8  0.68
820  31747.1  0.78
840  28000.9  0.68
860  34582.4  0.82
880  28720.6  0.66
900  29724  0.66
920  30166.5  0.66
940  31653.8  0.68
960  24511.9  0.52
980  31891.1  0.64
1000  30690  0.62
1020  37288.6  0.74
1040  37042.4  0.72
1060  30964.1  0.58
1080  35709.3  0.66
1100  31650.8  0.58
1120  36850.1  0.66
1140  36888.2  0.66
1160  34135.3  0.6
1180  31813.6  0.54
1200  41149.4  0.7
1220  36059.9  0.6
1240  37531.5  0.62
1260  34695.6  0.56
1280  36257.4  0.58
1300  34308.2  0.54
1320  36187.3  0.56
1340  37634.4  0.58
1360  35109.3  0.52
1380  32179.3  0.48
1400  32549.5  0.48
1420  40122.3  0.58
1440  36241.9  0.52
1460  37732  0.52
1480  41803.2  0.58
1500  38835.3  0.54
1520  43171.6  0.58
1540  36222.7  0.48
1560  34686.5  0.46
1580  42760.5  0.54
1600  38044.5  0.48
1620  33289.6  0.42
1640  34355.5  0.42
1660  37648.2  0.46
1680  40545.7  0.48
1700  38723  0.46
1720  34144.2  0.4
1740  44878.5  0.52
1760  40142.7  0.46
1780  38382.9  0.44
1800  34275.1  0.38
1820  42931.1  0.48
1840  36998.8  0.4
1860  34861.6  0.38
1880  39609.1  0.44
1900  43862.3  0.48
1920  41858.4  0.44
1940  28257.1  0.3
1960  43609.6  0.46
1980  40067.5  0.42
2000  47755.2  0.48
2020  38935.7  0.4
2040  43107.3  0.44
2060  46440  0.46
2080  37987.2  0.38
2100  39226.3  0.38
2120  49018.2  0.48
2140  29068.6  0.28
2160  41602.5  0.4
2180  37666.1  0.36
2200  37944.7  0.36
2220  40433.4  0.38
2240  40856.6  0.38
2260  48533.4  0.44
2280  51817.6  0.46
2300  31473.9  0.28
2320  44544.2  0.38
2340  47210.2  0.4
2360  35372.7  0.3
2380  29707.4  0.26
2400  51522  0.44
2420  44699.3  0.38
2440  40732.4  0.34
2460  52151.8  0.44
2480  27092.1  0.22
2500  39479.7  0.32
2520  47434.1  0.38
2540  34817.8  0.28
2560  42432.2  0.34
2580  51678.3  0.4
2600  41633.7  0.32
2620  45981.1  0.36
2640  33879.8  0.26
2660  54227.4  0.42
2680  46755.9  0.36
2700  40028.7  0.3
2720  54988.1  0.42
2740  54782.7  0.42
2760  44994.7  0.34
2780  40545  0.3
2800  46619.7  0.34
2820  50530.9  0.38
2840  44391.4  0.32
2860  27443  0.2
2880  45810.5  0.32
2900  30494.6  0.22
2920  40171.3  0.28
2940  51440.8  0.36
2960  50883.3  0.36
2980  44858.6  0.3
3000  57401.2  0.38
3020  44868  0.3
3040  45491  0.3
3060  38186.1  0.26
3080  54083.2  0.36
3100  49654.2  0.32
3120  43781.9  0.28
3140  43095.9  0.28
3160  40261.2  0.26
3180  43125.3  0.28
3200  45790.6  0.3
3220  52843.1  0.34
3240  58048.2  0.38
3260  47167.7  0.3
3280  50051.3  0.32
3300  56300.4  0.36
3320  51657.3  0.32
3340  48034.9  0.3
3360  48577.9  0.3
3380  34811.9  0.22
3400  51704.3  0.32
3420  59511.3  0.36
3440  60374.9  0.36
3460  33523.2  0.2
3480  47171.8  0.28
3500  47287.4  0.28
3520  44714.9  0.26
3540  37812.9  0.22
3560  28124.2  0.16
3580  25388  0.14
3600  57183.9  0.32
3620  54761  0.32
3640  36072.7  0.2
3660  48391.7  0.28
3680  36687  0.2
3700  35629  0.2
3720  60733.3  0.34
3740  56188.5  0.3
3760  37369  0.2
3780  64333.5  0.36
3800  50676.1  0.28
3820  43394.4  0.24
3840  50509.1  0.28
3860  35546.6  0.2
3880  62351.9  0.32
3900  47974.1  0.26
3920  36055  0.2
3940  32437.7  0.18
3960  63713.8  0.34
3980  51739.2  0.26
4000  31790.3  0.16
4020  49852.7  0.26
4040  63772.8  0.32
4060  47357.9  0.24
4080  70169.5  0.36
4100  79094.8  0.4
4120  38704.1  0.2
4140  59039.7  0.3
4160  37824.7  0.2
4180  58966.8  0.3
4200  39613.4  0.2
4220  42542.1  0.22
4240  32021.7  0.16
4260  42469.5  0.2
4280  40345.2  0.2
4300  51712.4  0.26
4320  36734.5  0.18
4340  43661.9  0.2
4360  47416.3  0.22
4380  20493.1  0.1
4400  61858.6  0.28
4420  48885  0.24
4440  60891.6  0.28
4460  65178.9  0.3
4480  38969.3  0.18
4500  47733.9  0.22
4520  56880.8  0.26
4540  66626.6  0.3
4560  47641  0.22
4580  39640.3  0.18
4600  57213.4  0.26
4620  51250.6  0.24
4640  40924.9  0.18
4660  61601.7  0.28
4680  22935.8  0.1
4700  62801.9  0.28
4720  73018.7  0.32
4740  63676.4  0.28
4760  37854.4  0.16
4780  42622.6  0.2
4800  48344.6  0.22
4820  32948.5  0.14
4840  70541.3  0.3
4860  50263  0.22
4880  29352.6  0.12
4900  48246.2  0.2
4920  30778.1  0.14
4940  57371.5  0.24
4960  56496.1  0.24
4980  46303.3  0.2
5000  48457.3  0.2
5020  24479.4  0.1
5040  37475.2  0.16
5060  68753.9  0.28
5080  50464.3  0.2
5100  72271.5  0.3
5120  40687.7  0.16
5140  30451.1  0.12
5160  31098.6  0.14
5180  48695.6  0.2
5200  59459.1  0.24
5220  38744.4  0.16
5240  34312.4  0.14
5260  34587.4  0.14
5280  49993.9  0.2
5300  28423.6  0.12
5320  78003.9  0.3
5340  41641.6  0.16
5360  46525.9  0.18
5380  41462  0.16
5400  61445.4  0.24
5420  43199.1  0.16
5440  54049.2  0.2
5460  71863.8  0.28
5480  45686.7  0.18
5500  35559.8  0.14
5520  41759.7  0.16
5540  31823.2  0.12
5560  41178.2  0.16
5580  62957.6  0.24
5600  27618.6  0.1
5620  62786.6  0.24
5640  61586.4  0.22
5660  56483.4  0.2
5680  33710.6  0.12
5700  34394.4  0.14
5720  36273.5  0.14
5740  60305.8  0.22
5760  60430.7  0.22
5780  57573.6  0.2
5800  49408.1  0.18
5820  44434.6  0.16
5840  44597.3  0.16
5860  54848.7  0.2
5880  55443.3  0.2
5900  53732.8  0.2
5920  34236.8  0.12
5940  56248.5  0.2
5960  58506.6  0.2
5980  47380.4  0.16
6000  40624.4  0.14
6020  38575.6  0.14
6040  50581.7  0.18
6060  32995.6  0.12
6080  48431.6  0.18
6100  35999  0.12
6120  58087.2  0.2
6140  56185.7  0.2
6160  61520.8  0.2
6180  54927.7  0.18
6200  33148.7  0.12
6220  31216.8  0.1
6240  32758.9  0.12
6260  60656.7  0.2
6280  99421.1  0.32
6300  47041.8  0.16
6320  39597.1  0.14
6340  60805.4  0.2
6360  62066.8  0.2
6380  52864.3  0.18
6400  51406.7  0.18
6420  32584.8  0.12
6440  68360.6  0.22
6460  55961.7  0.18
6480  60759  0.2
6500  50151.2  0.16
6520  56123.1  0.18
6540  25514.2  0.08
6560  37975.9  0.12
6580  87190.1  0.28
6600  51309.7  0.16
6620  43716.2  0.14
6640  58507.3  0.18
6660  73926.8  0.24
6680  60090.4  0.2
6700  71261.7  0.22
6720  81316.9  0.26
6740  46046.7  0.14
6760  65566.7  0.2
6780  47650.7  0.16
6800  48926.5  0.16
6820  73786.8  0.22
6840  36468.3  0.12
6860  53703.3  0.16
6880  42088  0.14
6900  80618.8  0.24
6920  66163.6  0.2
6940  51119.8  0.16
6960  56186.7  0.18
6980  46453.4  0.14
7000  57484  0.18
7020  97055.5  0.28
7040  78757.9  0.24
7060  39904.2  0.12
7080  40139.3  0.12
7100  67750.9  0.2
7120  23056.9  0.08
7140  45348.1  0.14
7160  74637.8  0.22
7180  55515.8  0.16
7200  48350.6  0.14
7220  39528.4  0.12
7240  40137  0.12
7260  58932.5  0.18
7280  41213.7  0.12
7300  80403.7  0.24
7320  73641.8  0.22
7340  35971.9  0.1
7360  32587.9  0.1
7380  41107.3  0.12
7400  74850.8  0.22
7420  47526.3  0.14
7440  30836  0.1
7460  85390.7  0.24
7480  49678.4  0.14
7500  35115.6  0.1
7520  69505.7  0.2
7540  44505.4  0.12
7560  35759.1  0.1
7580  37377.2  0.1
7600  76211.4  0.22
7620  110002  0.3
7640  42111.6  0.12
7660  50215  0.14
7680  65215.7  0.18
7700  72990.5  0.2
7720  38442.2  0.1
7740  28162.2  0.08
7760  81962.5  0.22
7780  40993  0.12
7800  38322.1  0.1
7820  60001.2  0.16
7840  30562.6  0.08
7860  46233.7  0.12
7880  30954.4  0.08
7900  33698.2  0.1
7920  28354.2  0.08
7940  39582.5  0.1
7960  49810.2  0.14
7980  44053.9  0.12
8000  109015  0.28
8020  80797  0.22
8040  38879.3  0.1
8060  54073.4  0.14
8080  38439.3  0.1
8100  44718.6  0.12
8120  31522  0.08
8140  31577.5  0.08
8160  54755  0.14
8180  24477.3  0.06
8200  86500.5  0.22
8220  54211.8  0.14
8240  29415  0.08
8260  69821.9  0.18
8280  72067.8  0.18
8300  100849  0.26
8320  23044.9  0.06
8340  76442.6  0.2
8360  31792.7  0.08
8380  39895.5  0.1
8400  84235.9  0.22
8420  57753.7  0.14
8440  48037.3  0.12
8460  71280.5  0.18
8480  39374.8  0.1
8500  48343.8  0.12
8520  93030.3  0.22
8540  78603.3  0.2
8560  21408.2  0.06
8580  62635.4  0.16
8600  21421  0.06
8620  41802.9  0.1
8640  50393  0.12
8660  23853.3  0.06
8680  65316.1  0.16
8700  86118.9  0.2
8720  82181.8  0.2
8740  50106.5  0.12
8760  142238  0.34
8780  22141.9  0.06
8800  58433.7  0.14
8820  77961.9  0.18
8840  67312.1  0.16
8860  56891.4  0.14
8880  58542.7  0.14
8900  34081.5  0.08
8920  84440.8  0.2
8940  34085.1  0.08
8960  34082.8  0.08
8980  22219.3  0.06
9000  31221.1  0.08
9020  49504.7  0.12
9040  47368.4  0.12
9060  69870  0.16
9080  71905.4  0.16
9100  60705.5  0.14
9120  66843.8  0.16
9140  25089.7  0.06
9160  40770.1  0.1
9180  71133  0.16
9200  42584.1  0.1
9220  51306.3  0.12
9240  57531.4  0.14
9260  31771.8  0.08
9280  42859  0.1
9300  42348.9  0.1
9320  101208  0.22
9340  52295.3  0.12
9360  59838.7  0.14
9380  78738.9  0.18
9400  92146.2  0.2
9420  43620.1  0.1
9440  107973  0.24
9460  34415.6  0.08
9480  81688.1  0.18
9500  42545.5  0.1
9520  75270.6  0.16
9540  23084  0.06
9560  26852.1  0.06
9580  49910.3  0.12
9600  49375.3  0.12
9620  32923.8  0.08
9640  91247.6  0.2
9660  65305.9  0.14
9680  96401.2  0.2
9700  34931  0.08
9720  36688.7  0.08
9740  74429.5  0.16
9760  32446.6  0.08
9780  25008.4  0.06
9800  57488.7  0.12
9820  71384.4  0.16
9840  95498.3  0.2
9860  100559  0.22
9880  85153.1  0.18
9900  40691.1  0.1
9920  55938.2  0.12
9940  57264.2  0.12
9960  32908.8  0.08
9980  35795.1  0.08
10000  23313.4  0.06
10020  64917.8  0.14
10040  39013.2  0.08
10060  65790.8  0.14
10080  62780.8  0.14
10100  64185  0.14
10120  56084.8  0.12
10140  24019.2  0.06
10160  54452.2  0.12
10180  85200.7  0.18
10200  74420.9  0.16
10220  110716  0.22
10240  55802.5  0.12
10260  93373.5  0.2
10280  75851.6  0.16
10300  55677  0.12
10320  34226.2  0.08
10340  100199  0.2
10360  96783.6  0.2
10380  36447.4  0.08
10400  76472.4  0.16
10420  50833  0.1
10440  35930.1  0.08
10460  36757  0.08
10480  88548.2  0.18
10500  40363.3  0.08
10520  70365.9  0.14
10540  67659.7  0.14
10560  56395.4  0.12
10580  64323.7  0.14
10600  45388.7  0.1
10620  116841  0.24
10640  78905.3  0.16
10660  40174.6  0.08
10680  64442.4  0.14
10700  58100.3  0.12
10720  69471.3  0.14
10740  52299.9  0.1
10760  99235.3  0.2
10780  58544.3  0.12
10800  59405.6  0.12
10820  47461.7  0.1
10840  68077.8  0.14
10860  72398.6  0.14
10880  36681.3  0.08
10900  26550.8  0.06
10920  41784.1  0.08
10940  48653.3  0.1
10960  49377  0.1
10980  63701  0.12
11000  46505.6  0.1
11020  48093.8  0.1
11040  44385.5  0.1
11060  67419.5  0.14
11080  104615  0.2
11100  47197.8  0.1
11120  69557.9  0.14
11140  82519.7  0.16
11160  82886.8  0.16
11180  84083.7  0.16
11200  36268.9  0.08
11220  59787.8  0.12
11240  72252.2  0.14
11260  58775.5  0.12
11280  86027.4  0.16
11300  63208  0.12
11320  30589.7  0.06
11340  88715.2  0.16
11360  70504.8  0.14
11380  89604  0.16
11400  48594.3  0.1
11420  27229.8  0.06
11440  55776.7  0.1
11460  25771.5  0.06
11480  116471  0.22
11500  26778.5  0.06
11520  46040.2  0.08
11540  82410  0.16
11560  37590.7  0.08
11580  100917  0.18
11600  82752.3  0.16
11620  82715  0.16
11640  50009.2  0.1
11660  56005.9  0.1
11680  89633.6  0.16
11700  101828  0.18
11720  72241  0.14
11740  79937.2  0.14
11760  60997.8  0.12
11780  53712.6  0.1
11800  34683.2  0.06
11820  44208.9  0.08
11840  52180.1  0.1
11860  38561.9  0.08
11880  75226.3  0.14
11900  38851.2  0.08
11920  61137.1  0.12
11940  39324  0.08
11960  32316.1  0.06
11980  27579.7  0.06
12000  117151  0.2
12020  113719  0.2
12040  51723.1  0.1
12060  65981.4  0.12
12080  40580  0.08
12100  73881.1  0.14
12120  76085  0.14
12140  63090.2  0.12
12160  63381.3  0.12
12180  63138  0.12
12200  69682.8  0.12
12220  51927.9  0.1
12240  93634.3  0.16
12260  62927.2  0.12
12280  51905.5  0.1
12300  56610.6  0.1
12320  83456.3  0.14
12340  80408.5  0.14
12360  92821.4  0.16
12380  45914.7  0.08
12400  77702.8  0.14
12420  50893.2  0.1
12440  90665.4  0.16
12460  81538.9  0.14
12480  46385.1  0.08
12500  42672.3  0.08
12520  55293.7  0.1
12540  40748.5  0.08
12560  45249.8  0.08
12580  101761  0.18
12600  40909.7  0.08
12620  66074.7  0.12
12640  79045.1  0.14
12660  41606.9  0.08
12680  71944.5  0.12
12700  55123.2  0.1
12720  41789  0.08
12740  85841.9  0.14
12760  67045.9  0.12
12780  45304.2  0.08
12800  55922.2  0.1
12820  42630.6  0.08
12840  67229  0.12
12860  49076.7  0.08
12880  72625.2  0.12
12900  28255  0.06
12920  67508.1  0.12
12940  28599.5  0.06
12960  66405.4  0.12
12980  70870.5  0.12
13000  69170.5  0.12
13020  66379  0.12
13040  66967.8  0.12
13060  28275.5  0.06
13080  72730.8  0.12
13100  85488.8  0.14
13120  41516.3  0.08
13140  69454.7  0.12
13160  79511.5  0.14
13180  85882.6  0.14
13200  71083.3  0.12
13220  93584.4  0.16
13240  68318.9  0.12
13260  94785.1  0.16
13280  41562.5  0.08
13300  43126.3  0.08
13320  55481.7  0.1
13340  81894.2  0.14
13360  29471.6  0.06
13380  56200.3  0.1
13400  73914.7  0.12
13420  49335.7  0.08
13440  70229.4  0.12
13460  30875.2  0.06
13480  57193.7  0.1
13500  49971  0.08
13520  69122.4  0.12
13540  109287  0.18
13560  96290.1  0.16
13580  95812.7  0.16
13600  56520.7  0.1
13620  44301.9  0.08
13640  63752.6  0.1
13660  69752  0.12
13680  33740.6  0.06
13700  97379.4  0.16
13720  57784.2  0.1
13740  65860.8  0.1
13760  84031.6  0.14
13780  107205  0.16
13800  60449.3  0.1
13820  83294.5  0.14
13840  42072.4  0.08
13860  87351  0.14
13880  59688.5  0.1
13900  70554.8  0.12
13920  50407  0.08
13940  57180.9  0.1
13960  71377.3  0.12
13980  43286.1  0.08
14000  57827.8  0.1
14020  58460.8  0.1
14040  44410.2  0.08
14060  71265.3  0.12
14080  67389.2  0.1
14100  44699.4  0.08
14120  49239.6  0.08
14140  80710  0.12
14160  100530  0.16
14180  63444.9  0.1
14200  86723.7  0.14
14220  32023.1  0.06
14240  47476.3  0.08
14260  76531.7  0.12
14280  50092.6  0.08
14300  55300.2  0.08
14320  76065.4  0.12
14340  46844.6  0.08
14360  72724.1  0.12
14380  77896.4  0.12
14400  87300  0.14
14420  63209.9  0.1
14440  59139  0.1
14460  75996.8  0.12
14480  45436  0.08
14500  86679.8  0.14
14520  72824  0.12
14540  101745  0.16
14560  62004.3  0.1
14580  61803.9  0.1
14600  30941.8  0.06
14620  90843.8  0.14
14640  64692.7  0.1
14660  34579.6  0.06
14680  45704.6  0.08
14700  32061.8  0.06
14720  38807.9  0.06
14740  75098.3  0.12
14760  62466.9  0.1
14780  91100.7  0.14
14800  53335.9  0.08
14820  85553.7  0.12
14840  74622.6  0.12
14860  75006.7  0.12
14880  91204.1  0.14
14900  93444.8  0.14
14920  90732.4  0.14
14940  67608.7  0.1
14960  45696.8  0.08
14980  45347  0.08
