100  4532.11  1
120  5282.59  0.96
140  7131.49  1
160  7728.36  0.94
180  9071.76  0.96
200  10177.9  1
220  10049.9  0.92
240  10870.1  0.92
260  12657.7  0.94
280  13770.9  0.96
300  14913.9  0.98
320  14769.1  0.92
340  14845  0.88
360  16432.3  0.92
380  16738.4  0.9
400  17452.8  0.88
420  19656.9  0.92
440  19932.8  0.9
460  19819.3  0.86
480  20338.8  0.84
500  22115.4  0.88
520  21709.6  0.84
540  22638.1  0.84
560  23338.3  0.84
580  23077.9  0.8
600  23370.6  0.78
620  19879.9  0.66
640  24250.2  0.78
660  26960.7  0.82
680  27749.2  0.82
700  26529.4  0.76
720  25952.3  0.72
740  26959  0.72
760  27498.3  0.72
780  25252  0.64
800  22549.3  0.58
820  25838.1  0.64
840  28591  0.68
860  28207.3  0.66
880  23777.9  0.56
900  25944.5  0.58
920  27166.1  0.6
940  22605.2  0.48
960  31738.4  0.66
980  28466  0.58
1000  27854.9  0.56
1020  32658.3  0.64
1040  26728.5  0.52
1060  29186  0.56
1080  29167.3  0.56
1100  30320  0.56
1120  29366.8  0.54
1140  26898.1  0.48
1160  33148.2  0.58
1180  32779.2  0.56
1200  37456.5  0.64
1220  29436.5  0.5
1240  27292.4  0.46
1260  33795.8  0.54
1280  26740.8  0.42
1300  33881.5  0.52
1320  27235.7  0.42
1340  33796.7  0.52
1360  29491.7  0.44
1380  28354.3  0.42
1400  32391.8  0.48
1420  34540.4  0.48
1440  27775.4  0.4
1460  27991.5  0.4
1480  33974.1  0.46
1500  28104.3  0.38
1520  28059.7  0.38
1540  38583.9  0.5
1560  35990.4  0.46
1580  27487.4  0.36
1600  31241.5  0.4
1620  32170.2  0.4
1640  43958.8  0.54
1660  33803.7  0.42
1680  34252.7  0.42
1700  39710.7  0.48
1720  41675.9  0.48
1740  34324.5  0.4
1760  37935.2  0.44
1780  39750.8  0.46
1800  32574.3  0.38
1820  29023.3  0.32
1840  35171.4  0.4
1860  39079.2  0.44
1880  32316.1  0.36
1900  31265.9  0.34
1920  45404.2  0.48
1940  26662.6  0.28
1960  28859.9  0.3
1980  33865.8  0.36
2000  32466.7  0.34
2020  28572.5  0.28
2040  29432.3  0.3
2060  32190  0.32
2080  32705.4  0.32
2100  48813.3  0.48
2120  37169.5  0.36
2140  31809.7  0.32
2160  34852.7  0.34
2180  34388.5  0.32
2200  36452.5  0.34
2220  35764.9  0.32
2240  35614.3  0.32
2260  27015  0.24
2280  45708.8  0.42
2300  27031.5  0.24
2320  29933.9  0.26
2340  37546.5  0.32
2360  28199.2  0.24
2380  30164.2  0.26
2400  40994.1  0.36
2420  35937.5  0.3
2440  32114  0.28
2460  38926.9  0.32
2480  40611.3  0.34
2500  29717.8  0.24
2520  35725.3  0.3
2540  44199.2  0.36
2560  34136.5  0.28
2580  44190.4  0.36
2600  34048.2  0.28
2620  40764.2  0.32
2640  29225  0.24
2660  45754.9  0.36
2680  33747  0.26
2700  40508.9  0.3
2720  50298.5  0.38
2740  32794.2  0.24
2760  38477.5  0.28
2780  27352.6  0.2
2800  48412.8  0.36
2820  36325.8  0.26
2840  41822.1  0.3
2860  36424.3  0.26
2880  38812.9  0.28
2900  35369.6  0.26
2920  19523.7  0.14
2940  34657.6  0.24
2960  41938.5  0.3
2980  32832.9  0.22
3000  39561.7  0.28
3020  43261.7  0.3
3040  51896.5  0.34
3060  52838.9  0.36
3080  33941.7  0.22
3100  52622.2  0.36
3120  31993.7  0.22
3140  39829.7  0.26
3160  45118.3  0.3
3180  36077.6  0.24
3200  40218.1  0.26
3220  48573.7  0.32
3240  49695.8  0.32
3260  29002.9  0.18
3280  57865.2  0.36
3300  48291.9  0.3
3320  34862  0.22
3340  43812  0.28
3360  35041.4  0.22
3380  64558.5  0.4
3400  45705.5  0.28
3420  31393.3  0.2
3440  46319.7  0.28
3460  36852.7  0.22
3480  40127.8  0.24
3500  32734.5  0.2
3520  34643.3  0.2
3540  27185.7  0.16
3560  34025.2  0.2
3580  42758.2  0.24
3600  29021.7  0.18
3620  28077.9  0.16
3640  60134  0.34
3660  51824.1  0.3
3680  34553  0.2
3700  42269.6  0.24
3720  37361  0.22
3740  45488.3  0.26
3760  40766.6  0.22
3780  51302.9  0.28
3800  32580.4  0.18
3820  28615.3  0.16
3840  39833.7  0.22
3860  42653.3  0.24
3880  36118.4  0.2
3900  35622.7  0.2
3920  45344.2  0.24
3940  45370.8  0.24
3960  49421.8  0.26
3980  76204.1  0.4
4000  46275.7  0.24
4020  44510.7  0.24
4040  54196.6  0.28
4060  42083.4  0.22
4080  37990.9  0.2
4100  42305.3  0.22
4120  49939.2  0.26
4140  39173.2  0.2
4160  32184.8  0.16
4180  26552.2  0.14
4200  45375.5  0.22
4220  52124  0.26
4240  49104.1  0.24
4260  40765.6  0.2
4280  45466.1  0.22
4300  27392  0.14
4320  42802.5  0.2
4340  41246.3  0.2
4360  39684.1  0.2
4380  55482.9  0.26
4400  45322.9  0.22
4420  25550.2  0.12
4440  50616.2  0.24
4460  45188.9  0.22
4480  44095.3  0.2
4500  53598.1  0.24
4520  46686.4  0.22
4540  60618.9  0.28
4560  63994  0.3
4580  45349.5  0.2
4600  23160.8  0.12
4620  48795.3  0.22
4640  43717.3  0.2
4660  54670.7  0.24
4680  57121.4  0.26
4700  39111.1  0.18
4720  37484.9  0.16
4740  65085.7  0.28
4760  40901.2  0.18
4780  40290  0.18
4800  63157.9  0.28
4820  32594.8  0.14
4840  24435.3  0.12
4860  59203.5  0.26
4880  42446  0.18
4900  71470.8  0.3
4920  55640.2  0.24
4940  38969  0.16
4960  34198.2  0.14
4980  29892.9  0.14
5000  55515.8  0.24
5020  59309  0.24
5040  75975.2  0.32
5060  40663.3  0.18
5080  53042.3  0.22
5100  37588.6  0.16
5120  36465.2  0.16
5140  42250.4  0.18
5160  27354.4  0.12
5180  48549.1  0.2
5200  38533.4  0.16
5220  54413.1  0.22
5240  39042.4  0.16
5260  33281  0.14
5280  63788.5  0.26
5300  46219.1  0.18
5320  54687.7  0.22
5340  36118.7  0.14
5360  45051.6  0.18
5380  20813.5  0.08
5400  56335.4  0.22
5420  57484  0.22
5440  49838.1  0.2
5460  35109.8  0.14
5480  45014.6  0.18
5500  31227.8  0.12
5520  58667.2  0.22
5540  40972.8  0.16
5560  50605.9  0.2
5580  54518.2  0.2
5600  51261.4  0.2
5620  28024.5  0.1
5640  32485.2  0.12
5660  63192.2  0.24
5680  40357.9  0.16
5700  31946.5  0.12
5720  55560  0.2
5740  22291.3  0.08
5760  46043.5  0.16
5780  32675.6  0.12
5800  41055.9  0.16
5820  49652.3  0.18
5840  41328.7  0.16
5860  38160.3  0.14
5880  28476.4  0.1
5900  60232.5  0.22
5920  39665.7  0.14
5940  32071.6  0.12
5960  28056.3  0.1
5980  45230.3  0.16
6000  52589.2  0.18
6020  33135.4  0.12
6040  35367.4  0.12
6060  31147.3  0.12
6080  61971.3  0.22
6100  34882  0.12
6120  51558.6  0.18
6140  48297.5  0.16
6160  57391.9  0.2
6180  41233.1  0.14
6200  81096.5  0.28
6220  37637.8  0.14
6240  30527.1  0.1
6260  28100.6  0.1
6280  34498.5  0.12
6300  30524.3  0.1
6320  40209  0.14
6340  70000.8  0.24
6360  28692.8  0.1
6380  47625.1  0.16
6400  55468.5  0.18
6420  45231.8  0.16
6440  36380.3  0.12
6460  41813  0.14
6480  52778.6  0.18
6500  42877.8  0.14
6520  54429.8  0.18
6540  51513.9  0.16
6560  50334.1  0.16
6580  47173.6  0.16
6600  67582.7  0.22
6620  36985  0.12
6640  66654.6  0.22
6660  30524  0.1
6680  53115.7  0.16
6700  55213.8  0.18
6720  36685.8  0.12
6740  51242.2  0.16
6760  46318  0.14
6780  39844.4  0.12
6800  48938.4  0.16
6820  43724.8  0.14
6840  63447.3  0.2
6860  31436.8  0.1
6880  33802.5  0.1
6900  33291.4  0.1
6920  33394.8  0.1
6940  37987.1  0.12
6960  31081.3  0.1
6980  52272.5  0.16
7000  52178.2  0.16
7020  29830.6  0.1
7040  30397  0.1
7060  47958.2  0.14
7080  32465  0.1
7100  45224.9  0.14
7120  55914.4  0.16
7140  59214.9  0.18
7160  45858.7  0.14
7180  68812.5  0.2
7200  58511.2  0.18
7220  39574.9  0.12
7240  39294  0.12
7260  67563.4  0.2
7280  33848.6  0.1
7300  54304.2  0.16
7320  61648.9  0.18
7340  102862  0.3
7360  73808.7  0.22
7380  46088.3  0.14
7400  48437.2  0.14
7420  68768.2  0.2
7440  47838.3  0.14
7460  59284.9  0.16
7480  54175.4  0.16
7500  47069  0.14
7520  31531.7  0.1
7540  46529.5  0.14
7560  50733.7  0.14
7580  32295  0.1
7600  24106.6  0.08
7620  34113.7  0.1
7640  47572.9  0.14
7660  41777.4  0.12
7680  49722.5  0.14
7700  40194.4  0.12
7720  55868  0.16
7740  62969.1  0.18
7760  25037.4  0.08
7780  70173.4  0.2
7800  44476.6  0.12
7820  46857.3  0.12
7840  24749.3  0.08
7860  69779.8  0.18
7880  29839.6  0.08
7900  79960.5  0.22
7920  63298.2  0.18
7940  71901.1  0.2
7960  41508.4  0.12
7980  33824.6  0.1
8000  24860.2  0.08
8020  41802  0.12
8040  42110.8  0.12
8060  64259  0.16
8080  50407.1  0.14
8100  40621.4  0.12
8120  44449.3  0.12
8140  74118.2  0.2
8160  57956.7  0.16
8180  28755.6  0.08
8200  34683.7  0.1
8220  63705.2  0.16
8240  49864.3  0.14
8260  42514.2  0.12
8280  41864.7  0.12
8300  41576.2  0.12
8320  45319.9  0.12
8340  27603.3  0.08
8360  64225.7  0.16
8380  25627.6  0.08
8400  66995.5  0.18
8420  54818.1  0.14
8440  59292  0.16
8460  34793.5  0.1
8480  60820.5  0.16
8500  51319.7  0.14
8520  43303.4  0.12
8540  36769  0.1
8560  68649.2  0.18
8580  44877.6  0.12
8600  42999.8  0.12
8620  31558.3  0.08
8640  43296.6  0.12
8660  43785.4  0.12
8680  53062.9  0.14
8700  35150.7  0.1
8720  43069.8  0.1
8740  26352.8  0.08
8760  43595.6  0.12
8780  39632  0.1
8800  32906.2  0.08
8820  26566  0.08
8840  26434.5  0.06
8860  26460.5  0.06
8880  26486.6  0.06
8900  26512.6  0.06
8920  26770.8  0.06
8940  26796.9  0.06
8960  26813.7  0.06
8980  26849  0.06
9000  26849  0.06
9020  26875  0.06
9040  26901.1  0.06
9060  26927.2  0.06
9080  26927.2  0.06
9100  26953.2  0.06
9120  26979.3  0.06
9140  27005.3  0.06
9160  27031.4  0.06
9180  27289.6  0.06
9200  27315.6  0.06
9220  27341.7  0.06
9240  27367.7  0.06
9260  27364  0.06
9280  27391  0.06
9300  27419.9  0.06
9320  27436.7  0.06
9340  27442.2  0.06
9360  27472  0.06
9380  27488.8  0.06
9400  27523.2  0.06
9420  27540.9  0.06
9440  27797.2  0.06
9460  27825.1  0.06
9480  27853  0.06
9500  27877.2  0.06
9520  27879.1  0.06
9540  27903.3  0.06
9560  27924.7  0.06
9580  27952.6  0.06
9600  27953.6  0.06
9620  27980.5  0.06
9640  28001  0.06
9660  28029.9  0.06
9680  47303  0.1
9700  28309.5  0.06
9720  46450.8  0.1
9740  28358.8  0.06
9760  80376.9  0.18
9780  28382.1  0.06
9800  28410.9  0.06
9820  67341.7  0.14
9840  28462.1  0.06
9860  106568  0.22
9880  76654.3  0.16
9900  28513.3  0.06
9920  37891.8  0.08
9940  71431.7  0.16
9960  47396.9  0.1
9980  38241.2  0.08
10000  28870.2  0.06
10020  28886  0.06
10040  75672.7  0.16
10060  28916.7  0.06
10080  28946.5  0.06
10100  101237  0.22
10120  76168  0.16
10140  18959.2  0.04
10160  81039.9  0.16
10180  143051  0.3
10200  19011.4  0.04
10220  86453.7  0.18
10240  19063.5  0.04
10260  101216  0.2
10280  69787.5  0.14
10300  29406.6  0.06
10320  19141.6  0.04
10340  19167.7  0.04
10360  19191  0.04
10380  19185.4  0.04
10400  19216.1  0.04
10420  19239.4  0.04
10440  58303.8  0.12
10460  19268.2  0.04
10480  82857.5  0.16
10500  71842.2  0.14
10520  72370.7  0.14
10540  19342.7  0.04
10560  88698.7  0.18
10580  19393.9  0.04
10600  81630.1  0.16
10620  64069.7  0.14
10640  89244  0.18
10660  19464.7  0.04
10680  67642.2  0.14
10700  19518.6  0.04
10720  19519.5  0.04
10740  19544.7  0.04
10760  110884  0.22
10780  78292.8  0.16
10800  30397.7  0.06
10820  19619.1  0.04
10840  81717.2  0.16
10860  19668.5  0.04
10880  19695.5  0.04
10900  19692.7  0.04
10920  48792.7  0.1
10940  122534  0.24
10960  30574.6  0.06
10980  101739  0.2
11000  40767.4  0.08
11020  88408.4  0.18
11040  19843.5  0.04
11060  97215.6  0.18
11080  19871.4  0.04
11100  41762.2  0.08
11120  52727  0.1
11140  31005.9  0.06
11160  105235  0.2
11180  31026.4  0.06
11200  90610.3  0.18
11220  136472  0.26
11240  92906.7  0.18
11260  65711.3  0.12
11280  20072.4  0.04
11300  30743  0.06
11320  97061.7  0.18
11340  65682.4  0.12
11360  20146.9  0.04
11380  91511.5  0.18
11400  20172  0.04
11420  31510.8  0.06
11440  31539.6  0.06
11460  20245.6  0.04
11480  31584.3  0.06
11500  20270.7  0.04
11520  69146.7  0.12
11540  20321.9  0.04
11560  85278.7  0.16
11580  31923.4  0.06
11600  186066  0.34
11620  20399.2  0.04
11640  31997.9  0.06
11660  77066.9  0.14
11680  20449.4  0.04
11700  64542.7  0.12
11720  20498.8  0.04
11740  64613.4  0.12
11760  43440.3  0.08
11780  20549.9  0.04
11800  32404.1  0.06
11820  32432.9  0.06
11840  20600.2  0.04
11860  20623.5  0.04
11880  99777.6  0.18
11900  20675.6  0.04
11920  91933.2  0.16
11940  32527.9  0.06
11960  110310  0.2
11980  32576.3  0.06
12000  76217.9  0.14
12020  134558  0.24
12040  58743.1  0.1
12060  32912.7  0.06
12080  32938.7  0.06
12100  133679  0.24
12120  75503.6  0.14
12140  20897.1  0.04
12160  70776.5  0.12
12180  20926.9  0.04
12200  20951.1  0.04
12220  20975.3  0.04
12240  33092.3  0.06
12260  21002.3  0.04
12280  21024.7  0.04
12300  21049.8  0.04
12320  79392.3  0.14
12340  67722.9  0.12
12360  66667.4  0.12
12380  56568.3  0.1
12400  104056  0.18
12420  21178.2  0.04
12440  85466.7  0.14
12460  33534.8  0.06
12480  113840  0.2
12500  137818  0.24
12520  21253.6  0.04
12540  42435.1  0.08
12560  21303.9  0.04
12580  105191  0.18
12600  33954.9  0.06
12620  112371  0.18
12640  21379.3  0.04
12660  90337.6  0.16
12680  21428.6  0.04
12700  165972  0.28
12720  34056.4  0.06
12740  34084.3  0.06
12760  106112  0.18
12780  83778.8  0.14
12800  87742.9  0.14
12820  59271.2  0.1
12840  92781.1  0.16
12860  34464.4  0.06
12880  34452.4  0.06
12900  76787.8  0.12
12920  61903.6  0.1
12940  82025.7  0.14
12960  88926.3  0.14
12980  70812.9  0.12
13000  133958  0.22
13020  81996.2  0.14
13040  75219.2  0.12
13060  98140.8  0.16
13080  101442  0.16
13100  70870.8  0.12
13120  85914.6  0.14
13140  75348.4  0.12
13160  82962.4  0.14
13180  35006.6  0.06
13200  86930.3  0.14
13220  63048.4  0.1
13240  164665  0.26
13260  35098.6  0.06
13280  149733  0.24
13300  22005.7  0.04
13320  84849.9  0.14
13340  70659.4  0.12
13360  86400  0.14
13380  43596.4  0.08
13400  35483.4  0.06
13420  22132.3  0.04
13440  47934.1  0.08
13460  72908.2  0.12
13480  22182.6  0.04
13500  199440  0.3
13520  98006.6  0.16
13540  75412.9  0.12
13560  149725  0.24
13580  75930.7  0.12
13600  96177.2  0.16
13620  48667  0.08
13640  35966.8  0.06
13660  35989.2  0.06
13680  90788.7  0.14
13700  62254.3  0.1
13720  99215.3  0.16
13740  72076.8  0.12
13760  48795.6  0.08
13780  35198.3  0.06
13800  88745.9  0.14
13820  36399.1  0.06
13840  137561  0.2
13860  141525  0.22
13880  154571  0.24
13900  85539  0.14
13920  62114.7  0.1
13940  95292.2  0.14
13960  22661  0.04
13980  36548.9  0.06
14000  66254.2  0.1
14020  63192.9  0.1
14040  36626.2  0.06
14060  79252  0.12
14080  69246.9  0.1
14100  36077.9  0.06
14120  73077.8  0.12
14140  115324  0.18
14160  122775  0.18
14180  102588  0.16
14200  77901.1  0.12
14220  104176  0.16
14240  22910.4  0.04
14260  22936.5  0.04
14280  22962.6  0.04
14300  82160.2  0.12
14320  54024.6  0.08
14340  77745.4  0.12
14360  96246.6  0.14
14380  104175  0.16
14400  83370.8  0.12
14420  121567  0.18
14440  63942.7  0.1
14460  78262.1  0.12
14480  104505  0.16
14500  81383.7  0.12
14520  37594  0.06
14540  23213.9  0.04
14560  37642.4  0.06
14580  89392.8  0.14
14600  91804.1  0.14
14620  23284.6  0.04
14640  147457  0.22
14660  91236  0.14
14680  54159.4  0.08
14700  73322.6  0.1
14720  51373.7  0.08
14740  72333.3  0.1
14760  133993  0.2
14780  23440.1  0.04
14800  38122.1  0.06
14820  38152.8  0.06
14840  23514.5  0.04
14860  85688.6  0.12
14880  23540.6  0.04
14900  96872.1  0.14
14920  23590.8  0.04
14940  37377.5  0.06
14960  38533.9  0.06
14980  97081.7  0.14
