100  4170.64  0.96
120  5256.36  0.96
140  6092.78  0.98
160  7561.72  0.96
180  9512.39  1
200  10038.1  0.92
220  11302.2  0.98
240  11467.8  0.92
260  12731.2  0.96
280  12787.4  0.9
300  13589.7  0.9
320  14000.7  0.88
340  15167.1  0.9
360  14588.1  0.82
380  16312.2  0.88
400  16689.8  0.86
420  16760.6  0.82
440  17105.2  0.8
460  16817.7  0.74
480  16431.1  0.7
500  17475  0.7
520  15573.9  0.6
540  19809.6  0.72
560  20612.1  0.72
580  20673.1  0.7
600  19306  0.64
620  17936.3  0.58
640  18675.3  0.58
660  14887.9  0.46
680  20099.2  0.6
700  17850.3  0.52
720  20375.1  0.58
740  17759.2  0.5
760  19262.6  0.52
780  16871.7  0.44
800  17280  0.44
820  22000.5  0.54
840  25405.9  0.62
860  20549.7  0.48
880  22500.1  0.52
900  21435.8  0.48
920  20986.9  0.46
940  18327.9  0.4
960  17973.6  0.38
980  24521.4  0.5
1000  19121.9  0.38
1020  23565.7  0.48
1040  21613.2  0.42
1060  19931.9  0.38
1080  24569.4  0.46
1100  23984.2  0.44
1120  23258.2  0.42
1140  21541.5  0.38
1160  25971.8  0.46
1180  18810  0.32
1200  20742.6  0.36
1220  23936.7  0.4
1240  31485.1  0.52
1260  17928.2  0.3
1280  17680  0.28
1300  29517.3  0.46
1320  22510.5  0.36
1340  19180.3  0.3
1360  20020.7  0.3
1380  23398.7  0.34
1400  32979  0.48
1420  29168.9  0.42
1440  26446.5  0.38
1460  18944  0.26
1480  17443.3  0.24
1500  18046.9  0.24
1520  27263.4  0.36
1540  18964.3  0.26
1560  17629.7  0.24
1580  31248.2  0.4
1600  30737.5  0.4
1620  17225.7  0.22
1640  37236.5  0.46
1660  18910.4  0.24
1680  36591.3  0.44
1700  23289.3  0.28
1720  29289.3  0.34
1740  23600.8  0.28
1760  26918.3  0.32
1780  8585.33  0.1
1800  15711.2  0.18
1820  32435.9  0.36
1840  25344.1  0.28
1860  26658.3  0.3
1880  29835.1  0.32
1900  26029.1  0.28
1920  22443.1  0.24
1940  18170.6  0.2
1960  19323.6  0.2
1980  21045.8  0.22
2000  22392.8  0.24
2020  20283.9  0.2
2040  17241.7  0.18
2060  24525.6  0.24
2080  15254.2  0.16
2100  39306.7  0.38
2120  29156.7  0.28
2140  30240.7  0.3
2160  10570.7  0.1
2180  24575.4  0.24
2200  37166.9  0.34
2220  29141.1  0.28
2240  22680.4  0.22
2260  21255.5  0.2
2280  21111.2  0.2
2300  23900.9  0.22
2320  15083.6  0.14
2340  32636.3  0.28
2360  15309.3  0.14
2380  15703.5  0.14
2400  33126.5  0.28
2420  30788  0.26
2440  27487  0.24
2460  33955.5  0.28
2480  25054.8  0.22
2500  23124.7  0.2
2520  14115.7  0.12
2540  17714.8  0.14
2560  14276.3  0.12
2580  27935  0.22
2600  24759.1  0.2
2620  13942  0.12
2640  24253.5  0.2
2660  29859.4  0.24
2680  36623.1  0.28
2700  28708  0.22
2720  24034.8  0.18
2740  31517.8  0.24
2760  6357.2  0.06
2780  25181.7  0.18
2800  28248.9  0.22
2820  29753.4  0.22
2840  26931.1  0.2
2860  24727.5  0.18
2880  22634.4  0.16
2900  31942.6  0.24
2920  16193.7  0.12
2940  15940  0.12
2960  11146.5  0.08
2980  18432.1  0.14
3000  12654  0.1
3020  20303.9  0.14
3040  31077.3  0.22
3060  12202.4  0.1
3080  28486.1  0.2
3100  17491.4  0.12
3120  31321.6  0.22
3140  34912.8  0.24
3160  40176.2  0.26
3180  9015.99  0.06
3200  28219  0.18
3220  9061.44  0.06
3240  27094.2  0.18
3260  25024.3  0.16
3280  24274.1  0.16
3300  30701.6  0.2
3320  24864.4  0.16
3340  19240.7  0.12
3360  35123.7  0.22
3380  12060.7  0.08
3400  12687.9  0.08
3420  22050.5  0.14
3440  16425.9  0.1
3460  11447.8  0.08
3480  48864.8  0.3
3500  9755.57  0.06
3520  28631.2  0.18
3540  13588.2  0.08
3560  32590.5  0.2
3580  30540  0.18
3600  23121.8  0.14
3620  33232.3  0.2
3640  37485  0.22
3660  10082.5  0.06
3680  27605.8  0.16
3700  51373.3  0.3
3720  13840.6  0.08
3740  28602.4  0.16
3760  27839.4  0.16
3780  23589.6  0.14
3800  21471.1  0.12
3820  17583.2  0.1
3840  21562.3  0.12
3860  17924.8  0.1
3880  20889.8  0.12
3900  28840.1  0.16
3920  40329  0.22
3940  14609.7  0.08
3960  39551.3  0.2
3980  16834.6  0.1
4000  30975  0.16
4020  33557.4  0.18
4040  18418  0.1
4060  37998.9  0.2
4080  17159.8  0.1
4100  10575.4  0.06
4120  25120  0.14
4140  18158.1  0.1
4160  29283.8  0.16
4180  10326.1  0.06
4200  29361.8  0.14
4220  16049.3  0.08
4240  43083.7  0.22
4260  32755  0.16
4280  22782.8  0.12
4300  22798.4  0.12
4320  10973.3  0.06
4340  22866  0.12
4360  18366  0.1
4380  17537  0.1
4400  35406.7  0.18
4420  20656.6  0.1
4440  15090  0.08
4460  15011.3  0.08
4480  10491.5  0.06
4500  23218.9  0.12
4520  19752.6  0.1
4540  29303.6  0.14
4560  21444.2  0.1
4580  41170.3  0.18
4600  33696.2  0.16
4620  33788.6  0.16
4640  15586.5  0.08
4660  18157.9  0.08
4680  20101.1  0.1
4700  23291  0.1
4720  24221.3  0.12
4740  33193.9  0.14
4760  20037.3  0.1
4780  29735.8  0.14
4800  26439.1  0.12
4820  19237.2  0.08
4840  30437.9  0.14
4860  29400.3  0.14
4880  13104  0.06
4900  30304.1  0.14
4920  11155  0.06
4940  15944.5  0.08
4960  20749.2  0.1
4980  6069.41  0.04
5000  25734.5  0.12
5020  31087  0.14
5040  51063.1  0.22
5060  15929.1  0.08
5080  8799.45  0.04
5100  40470  0.18
5120  27304.2  0.12
5140  17254.6  0.08
5160  14141.9  0.06
5180  41562.9  0.18
5200  26524.6  0.12
5220  12238  0.06
5240  25830.3  0.1
5260  17753.5  0.08
5280  26785.7  0.12
5300  21823.7  0.1
5320  16405.9  0.08
5340  23330  0.1
5360  12386.8  0.06
5380  32355.5  0.12
5400  11151.4  0.06
5420  27351.4  0.12
5440  27418.9  0.12
5460  28458  0.12
5480  27896.9  0.12
5500  22670.3  0.1
5520  16922.8  0.08
5540  38697  0.16
5560  22697.7  0.1
5580  22419.6  0.1
5600  22524.9  0.1
5620  11940  0.06
5640  11413.4  0.06
5660  16252.1  0.06
5680  21347.1  0.08
5700  23057.5  0.1
5720  22367.5  0.08
5740  17091.6  0.08
5760  17566.3  0.08
5780  17332  0.08
5800  10143.9  0.04
5820  8844.71  0.04
5840  5837.6  0.02
5860  5837.6  0.02
5880  5837.6  0.02
5900  5837.6  0.02
5920  5837.6  0.02
5940  5837.6  0.02
5960  5837.6  0.02
5980  5837.6  0.02
6000  5837.6  0.02
6020  5837.6  0.02
6040  5837.6  0.02
6060  5837.6  0.02
6080  5837.6  0.02
6100  5837.6  0.02
6120  5837.6  0.02
6140  5837.6  0.02
6160  5837.6  0.02
6180  5837.6  0.02
6200  5837.6  0.02
6220  5837.6  0.02
6240  5837.6  0.02
6260  5837.6  0.02
6280  5837.6  0.02
6300  5837.6  0.02
6320  5837.6  0.02
6340  5837.6  0.02
6360  5837.6  0.02
6380  5837.6  0.02
6400  5837.6  0.02
6420  5837.6  0.02
6440  5837.6  0.02
6460  5837.6  0.02
6480  5837.6  0.02
6500  5837.6  0.02
6520  5837.6  0.02
6540  5837.6  0.02
6560  5837.6  0.02
6580  5837.6  0.02
6600  5837.6  0.02
6620  5837.6  0.02
6640  5837.6  0.02
6660  5837.6  0.02
6680  5837.6  0.02
6700  5837.6  0.02
6720  5837.6  0.02
6740  5837.6  0.02
6760  5837.6  0.02
6780  5837.6  0.02
6800  5837.6  0.02
6820  5837.6  0.02
6840  5837.6  0.02
6860  5837.6  0.02
6880  5837.6  0.02
6900  5837.6  0.02
6920  5837.6  0.02
6940  5837.6  0.02
6960  5837.6  0.02
6980  5837.6  0.02
7000  5837.6  0.02
7020  5837.6  0.02
7040  5837.6  0.02
7060  5837.6  0.02
7080  5837.6  0.02
7100  5837.6  0.02
7120  5837.6  0.02
7140  5837.6  0.02
7160  5837.6  0.02
7180  5837.6  0.02
7200  5837.6  0.02
7220  5837.6  0.02
7240  5837.6  0.02
7260  5837.6  0.02
7280  5837.6  0.02
7300  5837.6  0.02
7320  5837.6  0.02
7340  5837.6  0.02
7360  5837.6  0.02
7380  5837.6  0.02
7400  5837.6  0.02
7420  5837.6  0.02
7440  5837.6  0.02
7460  5837.6  0.02
7480  5837.6  0.02
7500  5837.6  0.02
7520  5837.6  0.02
7540  5837.6  0.02
7560  5837.6  0.02
7580  5837.6  0.02
7600  5837.6  0.02
7620  5837.6  0.02
7640  5837.6  0.02
7660  5837.6  0.02
7680  5837.6  0.02
7700  5837.6  0.02
7720  5837.6  0.02
7740  5837.6  0.02
7760  5837.6  0.02
7780  5837.6  0.02
7800  5837.6  0.02
7820  5837.6  0.02
7840  5837.6  0.02
7860  5837.6  0.02
7880  5837.6  0.02
7900  5837.6  0.02
7920  5837.6  0.02
7940  5837.6  0.02
7960  5837.6  0.02
7980  5837.6  0.02
8000  5837.6  0.02
8020  5837.6  0.02
8040  5837.6  0.02
8060  5837.6  0.02
8080  5837.6  0.02
8100  5837.6  0.02
8120  5837.6  0.02
8140  5837.6  0.02
8160  5837.6  0.02
8180  5837.6  0.02
8200  5837.6  0.02
8220  5837.6  0.02
8240  5837.6  0.02
8260  5837.6  0.02
8280  5837.6  0.02
8300  5837.6  0.02
8320  5837.6  0.02
8340  5837.6  0.02
8360  5837.6  0.02
8380  5837.6  0.02
8400  5837.6  0.02
8420  5837.6  0.02
8440  5837.6  0.02
8460  5837.6  0.02
8480  5837.6  0.02
8500  5837.6  0.02
8520  5837.6  0.02
8540  5837.6  0.02
8560  5837.6  0.02
8580  5837.6  0.02
8600  5837.6  0.02
8620  5837.6  0.02
8640  5837.6  0.02
8660  5837.6  0.02
8680  5837.6  0.02
8700  5837.6  0.02
8720  5837.6  0.02
8740  5837.6  0.02
8760  5837.6  0.02
8780  5837.6  0.02
8800  5837.6  0.02
8820  5837.6  0.02
8840  5837.6  0.02
8860  5837.6  0.02
8880  5837.6  0.02
8900  5837.6  0.02
8920  5837.6  0.02
8940  5837.6  0.02
8960  5837.6  0.02
8980  5837.6  0.02
9000  5837.6  0.02
9020  5837.6  0.02
9040  5837.6  0.02
9060  5837.6  0.02
9080  5837.6  0.02
9100  5837.6  0.02
9120  5837.6  0.02
9140  5837.6  0.02
9160  5837.6  0.02
9180  5837.6  0.02
9200  5837.6  0.02
9220  5837.6  0.02
9240  5837.6  0.02
9260  5837.6  0.02
9280  5837.6  0.02
9300  5837.6  0.02
9320  5837.6  0.02
9340  5837.6  0.02
9360  5837.6  0.02
9380  5837.6  0.02
9400  5837.6  0.02
9420  5837.6  0.02
9440  5837.6  0.02
9460  5837.6  0.02
9480  5837.6  0.02
9500  5837.6  0.02
9520  5837.6  0.02
9540  5837.6  0.02
9560  5837.6  0.02
9580  5837.6  0.02
9600  5837.6  0.02
9620  5837.6  0.02
9640  5837.6  0.02
9660  5837.6  0.02
9680  5837.6  0.02
9700  5837.6  0.02
9720  5837.6  0.02
9740  5837.6  0.02
9760  5837.6  0.02
9780  5837.6  0.02
9800  5837.6  0.02
9820  5837.6  0.02
9840  5837.6  0.02
9860  5837.6  0.02
9880  5837.6  0.02
9900  5837.6  0.02
9920  5837.6  0.02
9940  5837.6  0.02
9960  5837.6  0.02
9980  5837.6  0.02
10000  5837.6  0.02
10020  5837.6  0.02
10040  5837.6  0.02
10060  5837.6  0.02
10080  5837.6  0.02
10100  5837.6  0.02
10120  5837.6  0.02
10140  5837.6  0.02
10160  5837.6  0.02
10180  5837.6  0.02
10200  5837.6  0.02
10220  5837.6  0.02
10240  5837.6  0.02
10260  5837.6  0.02
10280  5837.6  0.02
10300  5837.6  0.02
10320  5837.6  0.02
10340  5837.6  0.02
10360  5837.6  0.02
10380  5837.6  0.02
10400  5837.6  0.02
10420  5837.6  0.02
10440  5837.6  0.02
10460  5837.6  0.02
10480  5837.6  0.02
10500  5837.6  0.02
10520  5837.6  0.02
10540  5837.6  0.02
10560  5837.6  0.02
10580  5837.6  0.02
10600  5837.6  0.02
10620  5837.6  0.02
10640  5837.6  0.02
10660  5837.6  0.02
10680  5837.6  0.02
10700  5837.6  0.02
10720  5837.6  0.02
10740  5837.6  0.02
10760  5837.6  0.02
10780  5837.6  0.02
10800  5837.6  0.02
10820  5837.6  0.02
10840  5837.6  0.02
10860  5837.6  0.02
10880  5837.6  0.02
10900  5837.6  0.02
10920  5837.6  0.02
10940  5837.6  0.02
10960  5837.6  0.02
10980  5837.6  0.02
11000  5837.6  0.02
11020  5837.6  0.02
11040  5837.6  0.02
11060  5837.6  0.02
11080  5837.6  0.02
11100  5837.6  0.02
11120  5837.6  0.02
11140  5837.6  0.02
11160  5837.6  0.02
11180  5837.6  0.02
11200  5837.6  0.02
11220  5837.6  0.02
11240  5837.6  0.02
11260  5837.6  0.02
11280  5837.6  0.02
11300  5837.6  0.02
11320  5837.6  0.02
11340  5837.6  0.02
11360  5837.6  0.02
11380  5837.6  0.02
11400  5837.6  0.02
11420  5837.6  0.02
11440  5837.6  0.02
11460  5837.6  0.02
11480  5837.6  0.02
11500  5837.6  0.02
11520  5837.6  0.02
11540  5837.6  0.02
11560  5837.6  0.02
11580  5837.6  0.02
11600  5837.6  0.02
11620  5837.6  0.02
11640  5837.6  0.02
11660  5837.6  0.02
11680  5837.6  0.02
11700  5837.6  0.02
11720  5837.6  0.02
11740  5837.6  0.02
11760  5837.6  0.02
11780  5837.6  0.02
11800  5837.6  0.02
11820  5837.6  0.02
11840  5837.6  0.02
11860  5837.6  0.02
11880  5837.6  0.02
11900  5837.6  0.02
11920  5837.6  0.02
11940  5837.6  0.02
11960  5837.6  0.02
11980  5837.6  0.02
12000  5837.6  0.02
12020  5837.6  0.02
12040  5837.6  0.02
12060  5837.6  0.02
12080  5837.6  0.02
12100  5837.6  0.02
12120  5837.6  0.02
12140  5837.6  0.02
12160  5837.6  0.02
12180  5837.6  0.02
12200  5837.6  0.02
12220  5837.6  0.02
12240  5837.6  0.02
12260  5837.6  0.02
12280  5837.6  0.02
12300  5837.6  0.02
12320  5837.6  0.02
12340  5837.6  0.02
12360  5837.6  0.02
12380  5837.6  0.02
12400  5837.6  0.02
12420  5837.6  0.02
12440  5837.6  0.02
12460  5837.6  0.02
12480  5837.6  0.02
12500  5837.6  0.02
12520  5837.6  0.02
12540  5837.6  0.02
12560  5837.6  0.02
12580  5837.6  0.02
12600  5837.6  0.02
12620  5837.6  0.02
12640  5837.6  0.02
12660  5837.6  0.02
12680  5837.6  0.02
12700  5837.6  0.02
12720  5837.6  0.02
12740  5837.6  0.02
12760  5837.6  0.02
12780  5837.6  0.02
12800  5837.6  0.02
12820  5837.6  0.02
12840  5837.6  0.02
12860  5837.6  0.02
12880  5837.6  0.02
12900  5837.6  0.02
12920  5837.6  0.02
12940  5837.6  0.02
12960  5837.6  0.02
12980  5837.6  0.02
13000  5837.6  0.02
13020  5837.6  0.02
13040  5837.6  0.02
13060  5837.6  0.02
13080  5837.6  0.02
13100  5837.6  0.02
13120  5837.6  0.02
13140  5837.6  0.02
13160  5837.6  0.02
13180  5837.6  0.02
13200  5837.6  0.02
13220  5837.6  0.02
13240  5837.6  0.02
13260  5837.6  0.02
13280  5837.6  0.02
13300  5837.6  0.02
13320  5837.6  0.02
13340  5837.6  0.02
13360  5837.6  0.02
13380  5837.6  0.02
13400  5837.6  0.02
13420  5837.6  0.02
13440  5837.6  0.02
13460  5837.6  0.02
13480  5837.6  0.02
13500  5837.6  0.02
13520  5837.6  0.02
13540  5837.6  0.02
13560  5837.6  0.02
13580  5837.6  0.02
13600  5837.6  0.02
13620  5837.6  0.02
13640  5837.6  0.02
13660  5837.6  0.02
13680  5837.6  0.02
13700  5837.6  0.02
13720  5837.6  0.02
13740  5837.6  0.02
13760  5837.6  0.02
13780  5837.6  0.02
13800  5837.6  0.02
13820  5837.6  0.02
13840  5837.6  0.02
13860  5837.6  0.02
13880  5837.6  0.02
13900  5837.6  0.02
13920  5837.6  0.02
13940  5837.6  0.02
13960  5837.6  0.02
13980  5837.6  0.02
14000  5837.6  0.02
14020  5837.6  0.02
14040  5837.6  0.02
14060  5837.6  0.02
14080  5837.6  0.02
14100  5837.6  0.02
14120  5837.6  0.02
14140  5837.6  0.02
14160  5837.6  0.02
14180  5837.6  0.02
14200  5837.6  0.02
14220  5837.6  0.02
14240  5837.6  0.02
14260  5837.6  0.02
14280  5837.6  0.02
14300  5837.6  0.02
14320  5837.6  0.02
14340  5837.6  0.02
14360  5837.6  0.02
14380  5837.6  0.02
14400  5837.6  0.02
14420  5837.6  0.02
14440  5837.6  0.02
14460  5837.6  0.02
14480  5837.6  0.02
14500  5837.6  0.02
14520  5837.6  0.02
14540  5837.6  0.02
14560  5837.6  0.02
14580  5837.6  0.02
14600  5837.6  0.02
14620  5837.6  0.02
14640  5837.6  0.02
14660  5837.6  0.02
14680  5837.6  0.02
14700  5837.6  0.02
14720  5837.6  0.02
14740  5837.6  0.02
14760  5837.6  0.02
14780  5837.6  0.02
14800  5837.6  0.02
14820  5837.6  0.02
14840  5837.6  0.02
14860  5837.6  0.02
14880  5837.6  0.02
14900  5837.6  0.02
14920  5837.6  0.02
14940  5837.6  0.02
14960  5837.6  0.02
14980  5837.6  0.02
