100  4209  1
120  5299.22  0.98
140  5964.41  0.92
160  7403  0.96
180  9166.74  0.92
200  10076.1  0.94
220  10240  0.88
240  11118  0.9
260  11571  0.88
280  13079.2  0.94
300  12747  0.86
320  12391.9  0.78
340  13254.5  0.8
360  12370.3  0.7
380  14126.1  0.76
400  13377  0.68
420  13731.2  0.68
440  15607.3  0.74
460  14628.6  0.66
480  15449.3  0.68
500  15977.5  0.68
520  18796.1  0.72
540  17504.6  0.64
560  18472.4  0.64
580  18980.1  0.64
600  19310.7  0.64
620  15411.6  0.5
640  17296.7  0.54
660  20959  0.64
680  18844.7  0.56
700  19734.7  0.58
720  18373.4  0.52
740  17587.9  0.48
760  22169.2  0.6
780  20759  0.54
800  17969.6  0.46
820  17350.4  0.44
840  19703.3  0.48
860  23529.6  0.56
880  25504.7  0.6
900  20668.1  0.46
920  20894.3  0.46
940  18235.3  0.38
960  25380.7  0.52
980  22049.9  0.46
1000  21504.6  0.44
1020  25404.6  0.52
1040  18027.9  0.36
1060  17320.5  0.34
1080  16513.5  0.32
1100  16792.2  0.32
1120  20214.7  0.38
1140  18425.9  0.34
1160  25658.5  0.46
1180  26418.7  0.46
1200  14188  0.24
1220  20812.2  0.34
1240  25224.1  0.42
1260  15895.7  0.26
1280  25746.6  0.42
1300  24218.8  0.38
1320  31918.8  0.5
1340  20307.4  0.32
1360  19703.4  0.3
1380  18418.1  0.28
1400  16038.8  0.24
1420  23295.5  0.34
1440  24522.8  0.36
1460  29915.7  0.42
1480  26208.9  0.36
1500  18553.1  0.26
1520  21967.1  0.3
1540  16980.7  0.22
1560  17023.8  0.22
1580  19774.4  0.26
1600  23943.1  0.3
1620  16338.6  0.22
1640  17774.9  0.22
1660  22679  0.28
1680  23880.5  0.3
1700  14338  0.18
1720  22866.2  0.28
1740  19343.3  0.24
1760  10438.3  0.12
1780  33605.8  0.4
1800  19022.7  0.22
1820  22548  0.26
1840  10941.7  0.14
1860  26438.4  0.3
1880  29110.6  0.32
1900  29835.9  0.32
1920  11275.1  0.12
1940  31789.4  0.34
1960  15606.1  0.16
1980  25342.6  0.26
2000  16255.3  0.18
2020  24024.2  0.24
2040  17882.5  0.18
2060  15135.6  0.16
2080  26656.4  0.26
2100  20534.2  0.2
2120  28346.8  0.28
2140  14074.2  0.14
2160  24694.1  0.24
2180  25610.6  0.24
2200  10454.1  0.1
2220  33324.9  0.32
2240  16735.5  0.16
2260  42815.4  0.4
2280  21851.7  0.2
2300  36058.5  0.32
2320  26904.4  0.24
2340  34040.6  0.3
2360  20982.4  0.18
2380  36217.2  0.32
2400  29181.2  0.26
2420  26660.6  0.24
2440  32633  0.28
2460  9182.33  0.08
2480  11049.8  0.1
2500  16907.8  0.14
2520  33092.3  0.28
2540  16261.7  0.14
2560  22939.3  0.18
2580  31698.7  0.26
2600  30755.8  0.24
2620  22953.4  0.18
2640  13025.4  0.1
2660  10580.6  0.08
2680  23299.6  0.18
2700  41734.5  0.32
2720  38097.8  0.28
2740  29594.3  0.22
2760  25728.9  0.2
2780  9728.5  0.08
2800  34629.7  0.26
2820  40587.8  0.3
2840  22693.4  0.18
2860  18589.4  0.14
2880  12014.6  0.1
2900  8097.45  0.06
2920  32617  0.24
2940  18005.5  0.14
2960  47772.5  0.34
2980  13692.9  0.1
3000  13996.9  0.1
3020  21620  0.16
3040  30263.1  0.2
3060  28880.5  0.2
3080  11694  0.08
3100  20120.4  0.14
3120  14667  0.1
3140  19357.4  0.14
3160  6171.84  0.04
3180  8187.24  0.06
3200  11481.9  0.08
3220  22608  0.16
3240  28856.8  0.18
3260  34819  0.22
3280  34333.3  0.22
3300  14930  0.1
3320  35016.2  0.22
3340  8412.1  0.06
3360  18422.2  0.12
3380  29120.4  0.18
3400  21162  0.14
3420  25321.7  0.16
3440  6031.34  0.04
3460  12589.1  0.08
3480  34377.3  0.2
3500  9601.13  0.06
3520  23683.6  0.14
3540  20048.9  0.12
3560  18120.7  0.12
3580  12727.2  0.08
3600  7565  0.06
3620  5162.29  0.04
3640  42567.2  0.24
3660  27198.1  0.16
3680  18472.6  0.12
3700  34886.5  0.2
3720  20512.4  0.12
3740  20139.2  0.12
3760  13320.8  0.08
3780  16712.8  0.1
3800  24034.7  0.14
3820  13270.3  0.08
3840  15475.4  0.1
3860  50425.3  0.28
3880  9246.53  0.06
3900  30093.4  0.16
3920  17134.8  0.1
3940  32993.5  0.18
3960  5768.38  0.04
3980  29088.9  0.16
4000  16701.2  0.1
4020  13185.5  0.08
4040  32120.2  0.16
4060  13763.9  0.08
4080  25972.3  0.14
4100  16286.1  0.08
4120  22204.8  0.12
4140  13330.1  0.08
4160  14096  0.08
4180  13614.1  0.08
4200  14098.9  0.08
4220  15529.9  0.08
4240  26495.9  0.14
4260  20541.8  0.1
4280  19352  0.1
4300  15181.6  0.08
4320  15314.2  0.08
4340  23364.1  0.12
4360  12479.3  0.06
4380  5176.11  0.04
4400  22415.3  0.12
4420  18975.6  0.1
4440  9950.27  0.06
4460  5614.67  0.04
4480  36541.9  0.18
4500  10200.6  0.06
4520  18686.4  0.1
4540  8171.84  0.04
4560  5324.37  0.04
4580  19048.9  0.1
4600  25135.9  0.12
4620  9781.99  0.06
4640  14923.6  0.08
4660  35478.4  0.16
4680  12922  0.06
4700  19390.6  0.1
4720  11932.2  0.06
4740  15606.3  0.08
4760  16309  0.08
4780  14659.1  0.08
4800  25851.8  0.12
4820  6740.12  0.04
4840  9463.31  0.04
4860  13997.6  0.06
4880  20037.8  0.1
4900  19910.8  0.1
4920  19693.8  0.1
4940  10342.8  0.06
4960  10414.7  0.06
4980  10328.7  0.06
5000  7811.15  0.04
5020  7485.58  0.04
5040  15146.9  0.08
5060  22110  0.1
5080  11790.7  0.06
5100  15421.2  0.08
5120  24503  0.1
5140  10650.8  0.06
5160  6564.57  0.04
5180  5166.98  0.02
5200  5166.98  0.02
5220  5166.98  0.02
5240  5166.98  0.02
5260  5166.98  0.02
5280  5166.98  0.02
5300  5166.98  0.02
5320  5166.98  0.02
5340  5166.98  0.02
5360  5166.98  0.02
5380  5166.98  0.02
5400  5166.98  0.02
5420  5166.98  0.02
5440  5166.98  0.02
5460  5166.98  0.02
5480  5166.98  0.02
5500  5166.98  0.02
5520  5166.98  0.02
5540  5166.98  0.02
5560  5166.98  0.02
5580  5166.98  0.02
5600  5166.98  0.02
5620  5166.98  0.02
5640  5166.98  0.02
5660  5166.98  0.02
5680  5166.98  0.02
5700  5166.98  0.02
5720  5166.98  0.02
5740  5166.98  0.02
5760  5166.98  0.02
5780  5166.98  0.02
5800  5166.98  0.02
5820  5166.98  0.02
5840  5166.98  0.02
5860  5166.98  0.02
5880  5166.98  0.02
5900  5166.98  0.02
5920  5166.98  0.02
5940  5166.98  0.02
5960  5166.98  0.02
5980  5166.98  0.02
6000  5166.98  0.02
6020  5166.98  0.02
6040  5166.98  0.02
6060  5166.98  0.02
6080  5166.98  0.02
6100  5166.98  0.02
6120  5166.98  0.02
6140  5166.98  0.02
6160  5166.98  0.02
6180  5166.98  0.02
6200  5166.98  0.02
6220  5166.98  0.02
6240  5166.98  0.02
6260  5166.98  0.02
6280  5166.98  0.02
6300  5166.98  0.02
6320  5166.98  0.02
6340  5166.98  0.02
6360  5166.98  0.02
6380  5166.98  0.02
6400  5166.98  0.02
6420  5166.98  0.02
6440  5166.98  0.02
6460  5166.98  0.02
6480  5166.98  0.02
6500  5166.98  0.02
6520  5166.98  0.02
6540  5166.98  0.02
6560  5166.98  0.02
6580  5166.98  0.02
6600  5166.98  0.02
6620  5166.98  0.02
6640  5166.98  0.02
6660  5166.98  0.02
6680  5166.98  0.02
6700  5166.98  0.02
6720  5166.98  0.02
6740  5166.98  0.02
6760  5166.98  0.02
6780  5166.98  0.02
6800  5166.98  0.02
6820  5166.98  0.02
6840  5166.98  0.02
6860  5166.98  0.02
6880  5166.98  0.02
6900  5166.98  0.02
6920  5166.98  0.02
6940  5166.98  0.02
6960  5166.98  0.02
6980  5166.98  0.02
7000  5166.98  0.02
7020  5166.98  0.02
7040  5166.98  0.02
7060  5166.98  0.02
7080  5166.98  0.02
7100  5166.98  0.02
7120  5166.98  0.02
7140  5166.98  0.02
7160  5166.98  0.02
7180  5166.98  0.02
7200  5166.98  0.02
7220  5166.98  0.02
7240  5166.98  0.02
7260  5166.98  0.02
7280  5166.98  0.02
7300  5166.98  0.02
7320  5166.98  0.02
7340  5166.98  0.02
7360  5166.98  0.02
7380  5166.98  0.02
7400  5166.98  0.02
7420  5166.98  0.02
7440  5166.98  0.02
7460  5166.98  0.02
7480  5166.98  0.02
7500  5166.98  0.02
7520  5166.98  0.02
7540  5166.98  0.02
7560  5166.98  0.02
7580  5166.98  0.02
7600  5166.98  0.02
7620  5166.98  0.02
7640  5166.98  0.02
7660  5166.98  0.02
7680  5166.98  0.02
7700  5166.98  0.02
7720  5166.98  0.02
7740  5166.98  0.02
7760  5166.98  0.02
7780  5166.98  0.02
7800  5166.98  0.02
7820  5166.98  0.02
7840  5166.98  0.02
7860  5166.98  0.02
7880  5166.98  0.02
7900  5166.98  0.02
7920  5166.98  0.02
7940  5166.98  0.02
7960  5166.98  0.02
7980  5166.98  0.02
8000  5166.98  0.02
8020  5166.98  0.02
8040  5166.98  0.02
8060  5166.98  0.02
8080  5166.98  0.02
8100  5166.98  0.02
8120  5166.98  0.02
8140  5166.98  0.02
8160  5166.98  0.02
8180  5166.98  0.02
8200  5166.98  0.02
8220  5166.98  0.02
8240  5166.98  0.02
8260  5166.98  0.02
8280  5166.98  0.02
8300  5166.98  0.02
8320  5166.98  0.02
8340  5166.98  0.02
8360  5166.98  0.02
8380  5166.98  0.02
8400  5166.98  0.02
8420  5166.98  0.02
8440  5166.98  0.02
8460  5166.98  0.02
8480  5166.98  0.02
8500  5166.98  0.02
8520  5166.98  0.02
8540  5166.98  0.02
8560  5166.98  0.02
8580  5166.98  0.02
8600  5166.98  0.02
8620  5166.98  0.02
8640  5166.98  0.02
8660  5166.98  0.02
8680  5166.98  0.02
8700  5166.98  0.02
8720  5166.98  0.02
8740  5166.98  0.02
8760  5166.98  0.02
8780  5166.98  0.02
8800  5166.98  0.02
8820  5166.98  0.02
8840  5166.98  0.02
8860  5166.98  0.02
8880  5166.98  0.02
8900  5166.98  0.02
8920  5166.98  0.02
8940  5166.98  0.02
8960  5166.98  0.02
8980  5166.98  0.02
9000  5166.98  0.02
9020  5166.98  0.02
9040  5166.98  0.02
9060  5166.98  0.02
9080  5166.98  0.02
9100  5166.98  0.02
9120  5166.98  0.02
9140  5166.98  0.02
9160  5166.98  0.02
9180  5166.98  0.02
9200  5166.98  0.02
9220  5166.98  0.02
9240  5166.98  0.02
9260  5166.98  0.02
9280  5166.98  0.02
9300  5166.98  0.02
9320  5166.98  0.02
9340  5166.98  0.02
9360  5166.98  0.02
9380  5166.98  0.02
9400  5166.98  0.02
9420  5166.98  0.02
9440  5166.98  0.02
9460  5166.98  0.02
9480  5166.98  0.02
9500  5166.98  0.02
9520  5166.98  0.02
9540  5166.98  0.02
9560  5166.98  0.02
9580  5166.98  0.02
9600  5166.98  0.02
9620  5166.98  0.02
9640  5166.98  0.02
9660  5166.98  0.02
9680  5166.98  0.02
9700  5166.98  0.02
9720  5166.98  0.02
9740  5166.98  0.02
9760  5166.98  0.02
9780  5166.98  0.02
9800  5166.98  0.02
9820  5166.98  0.02
9840  5166.98  0.02
9860  5166.98  0.02
9880  5166.98  0.02
9900  5166.98  0.02
9920  5166.98  0.02
9940  5166.98  0.02
9960  5166.98  0.02
9980  5166.98  0.02
10000  5166.98  0.02
10020  5166.98  0.02
10040  5166.98  0.02
10060  5166.98  0.02
10080  5166.98  0.02
10100  5166.98  0.02
10120  5166.98  0.02
10140  5166.98  0.02
10160  5166.98  0.02
10180  5166.98  0.02
10200  5166.98  0.02
10220  5166.98  0.02
10240  5166.98  0.02
10260  5166.98  0.02
10280  5166.98  0.02
10300  5166.98  0.02
10320  5166.98  0.02
10340  5166.98  0.02
10360  5166.98  0.02
10380  5166.98  0.02
10400  5166.98  0.02
10420  5166.98  0.02
10440  5166.98  0.02
10460  5166.98  0.02
10480  5166.98  0.02
10500  5166.98  0.02
10520  5166.98  0.02
10540  5166.98  0.02
10560  5166.98  0.02
10580  5166.98  0.02
10600  5166.98  0.02
10620  5166.98  0.02
10640  5166.98  0.02
10660  5166.98  0.02
10680  5166.98  0.02
10700  5166.98  0.02
10720  5166.98  0.02
10740  5166.98  0.02
10760  5166.98  0.02
10780  5166.98  0.02
10800  5166.98  0.02
10820  5166.98  0.02
10840  5166.98  0.02
10860  5166.98  0.02
10880  5166.98  0.02
10900  5166.98  0.02
10920  5166.98  0.02
10940  5166.98  0.02
10960  5166.98  0.02
10980  5166.98  0.02
11000  5166.98  0.02
11020  5166.98  0.02
11040  5166.98  0.02
11060  5166.98  0.02
11080  5166.98  0.02
11100  5166.98  0.02
11120  5166.98  0.02
11140  5166.98  0.02
11160  5166.98  0.02
11180  5166.98  0.02
11200  5166.98  0.02
11220  5166.98  0.02
11240  5166.98  0.02
11260  5166.98  0.02
11280  5166.98  0.02
11300  5166.98  0.02
11320  5166.98  0.02
11340  5166.98  0.02
11360  5166.98  0.02
11380  5166.98  0.02
11400  5166.98  0.02
11420  5166.98  0.02
11440  5166.98  0.02
11460  5166.98  0.02
11480  5166.98  0.02
11500  5166.98  0.02
11520  5166.98  0.02
11540  5166.98  0.02
11560  5166.98  0.02
11580  5166.98  0.02
11600  5166.98  0.02
11620  5166.98  0.02
11640  5166.98  0.02
11660  5166.98  0.02
11680  5166.98  0.02
11700  5166.98  0.02
11720  5166.98  0.02
11740  5166.98  0.02
11760  5166.98  0.02
11780  5166.98  0.02
11800  5166.98  0.02
11820  5166.98  0.02
11840  5166.98  0.02
11860  5166.98  0.02
11880  5166.98  0.02
11900  5166.98  0.02
11920  5166.98  0.02
11940  5166.98  0.02
11960  5166.98  0.02
11980  5166.98  0.02
12000  5166.98  0.02
12020  5166.98  0.02
12040  5166.98  0.02
12060  5166.98  0.02
12080  5166.98  0.02
12100  5166.98  0.02
12120  5166.98  0.02
12140  5166.98  0.02
12160  5166.98  0.02
12180  5166.98  0.02
12200  5166.98  0.02
12220  5166.98  0.02
12240  5166.98  0.02
12260  5166.98  0.02
12280  5166.98  0.02
12300  5166.98  0.02
12320  5166.98  0.02
12340  5166.98  0.02
12360  5166.98  0.02
12380  5166.98  0.02
12400  5166.98  0.02
12420  5166.98  0.02
12440  5166.98  0.02
12460  5166.98  0.02
12480  5166.98  0.02
12500  5166.98  0.02
12520  5166.98  0.02
12540  5166.98  0.02
12560  5166.98  0.02
12580  5166.98  0.02
12600  5166.98  0.02
12620  5166.98  0.02
12640  5166.98  0.02
12660  5166.98  0.02
12680  5166.98  0.02
12700  5166.98  0.02
12720  5166.98  0.02
12740  5166.98  0.02
12760  5166.98  0.02
12780  5166.98  0.02
12800  5166.98  0.02
12820  5166.98  0.02
12840  5166.98  0.02
12860  5166.98  0.02
12880  5166.98  0.02
12900  5166.98  0.02
12920  5166.98  0.02
12940  5166.98  0.02
12960  5166.98  0.02
12980  5166.98  0.02
13000  5166.98  0.02
13020  5166.98  0.02
13040  5166.98  0.02
13060  5166.98  0.02
13080  5166.98  0.02
13100  5166.98  0.02
13120  5166.98  0.02
13140  5166.98  0.02
13160  5166.98  0.02
13180  5166.98  0.02
13200  5166.98  0.02
13220  5166.98  0.02
13240  5166.98  0.02
13260  5166.98  0.02
13280  5166.98  0.02
13300  5166.98  0.02
13320  5166.98  0.02
13340  5166.98  0.02
13360  5166.98  0.02
13380  5166.98  0.02
13400  5166.98  0.02
13420  5166.98  0.02
13440  5166.98  0.02
13460  5166.98  0.02
13480  5166.98  0.02
13500  5166.98  0.02
13520  5166.98  0.02
13540  5166.98  0.02
13560  5166.98  0.02
13580  5166.98  0.02
13600  5166.98  0.02
13620  5166.98  0.02
13640  5166.98  0.02
13660  5166.98  0.02
13680  5166.98  0.02
13700  5166.98  0.02
13720  5166.98  0.02
13740  5166.98  0.02
13760  5166.98  0.02
13780  5166.98  0.02
13800  5166.98  0.02
13820  5166.98  0.02
13840  5166.98  0.02
13860  5166.98  0.02
13880  5166.98  0.02
13900  5166.98  0.02
13920  5166.98  0.02
13940  5166.98  0.02
13960  5166.98  0.02
13980  5166.98  0.02
14000  5166.98  0.02
14020  5166.98  0.02
14040  5166.98  0.02
14060  5166.98  0.02
14080  5166.98  0.02
14100  5166.98  0.02
14120  5166.98  0.02
14140  5166.98  0.02
14160  5166.98  0.02
14180  5166.98  0.02
14200  5166.98  0.02
14220  5166.98  0.02
14240  5166.98  0.02
14260  5166.98  0.02
14280  5166.98  0.02
14300  5166.98  0.02
14320  5166.98  0.02
14340  5166.98  0.02
14360  5166.98  0.02
14380  5166.98  0.02
14400  5166.98  0.02
14420  5166.98  0.02
14440  5166.98  0.02
14460  5166.98  0.02
14480  5166.98  0.02
14500  5166.98  0.02
14520  5166.98  0.02
14540  5166.98  0.02
14560  5166.98  0.02
14580  5166.98  0.02
14600  5166.98  0.02
14620  5166.98  0.02
14640  5166.98  0.02
14660  5166.98  0.02
14680  5166.98  0.02
14700  5166.98  0.02
14720  5166.98  0.02
14740  5166.98  0.02
14760  5166.98  0.02
14780  5166.98  0.02
14800  5166.98  0.02
14820  5166.98  0.02
14840  5166.98  0.02
14860  5166.98  0.02
14880  5166.98  0.02
14900  5166.98  0.02
14920  5166.98  0.02
14940  5166.98  0.02
14960  5166.98  0.02
14980  5166.98  0.02
