100  4591.17  1
120  5269.95  1
140  6133.28  1
160  7472.32  0.96
180  9275.75  1
200  9462.75  0.9
220  11117.8  0.96
240  12097.1  0.96
260  12995.9  0.96
280  13497.7  0.94
300  14185.6  0.92
320  12863.3  0.8
340  15885.1  0.94
360  15849.8  0.88
380  17212.5  0.92
400  16020.7  0.82
420  16142.1  0.8
440  18874.9  0.86
460  17503.5  0.76
480  18592.3  0.78
500  21012.9  0.84
520  21139.9  0.82
540  22632.1  0.84
560  23311.1  0.82
580  20452.1  0.7
600  22038.7  0.72
620  24048.4  0.76
640  26532.2  0.82
660  24590.2  0.74
680  23171.8  0.68
700  25124.4  0.72
720  25624.2  0.72
740  24465.3  0.68
760  24837.6  0.66
780  23497.5  0.6
800  26273.6  0.68
820  24891.3  0.62
840  29312.5  0.7
860  27418.6  0.64
880  20739.6  0.48
900  26965.6  0.6
920  25666.5  0.56
940  25348.2  0.54
960  30679.6  0.64
980  29556.4  0.6
1000  25884  0.52
1020  23811.1  0.48
1040  28057.7  0.54
1060  32869.7  0.62
1080  26022.9  0.48
1100  31733.3  0.58
1120  31235.3  0.56
1140  29298.2  0.52
1160  28809.8  0.5
1180  29853.6  0.52
1200  27828.1  0.48
1220  22913.6  0.38
1240  34030.2  0.56
1260  29651.4  0.48
1280  25067.7  0.4
1300  30605.3  0.48
1320  32449.7  0.5
1340  27905.2  0.42
1360  26082.5  0.38
1380  34443.7  0.5
1400  34707.6  0.5
1420  36218.9  0.52
1440  26862.7  0.38
1460  44126.4  0.62
1480  41051.4  0.56
1500  23288  0.32
1520  25298.3  0.34
1540  37807.6  0.5
1560  34838.1  0.46
1580  43029.6  0.56
1600  24088.3  0.32
1620  29971.4  0.38
1640  42742.4  0.54
1660  32257.9  0.4
1680  29377.8  0.36
1700  35072.2  0.42
1720  35128.4  0.42
1740  39284.4  0.46
1760  31694.7  0.36
1780  50844.9  0.58
1800  32784.7  0.38
1820  30867.6  0.34
1840  33774.3  0.38
1860  30859.5  0.34
1880  36786.7  0.4
1900  40001.8  0.44
1920  18078.9  0.2
1940  39406.9  0.42
1960  43286.5  0.44
1980  48154.7  0.5
2000  34525.7  0.36
2020  35666.4  0.36
2040  45142.2  0.46
2060  33882.5  0.34
2080  25827.3  0.26
2100  20772  0.2
2120  27555.3  0.26
2140  31435.2  0.3
2160  43841.2  0.42
2180  22553.4  0.22
2200  29226.8  0.28
2220  23845.5  0.22
2240  36054.1  0.34
2260  48593.2  0.44
2280  21665.7  0.2
2300  28626.1  0.26
2320  46652.5  0.42
2340  31710.8  0.28
2360  38255.8  0.34
2380  27381.2  0.24
2400  33445.5  0.28
2420  31851  0.28
2440  32753.1  0.28
2460  42460.7  0.36
2480  28461.5  0.24
2500  27582.6  0.22
2520  43650.4  0.36
2540  22224.8  0.18
2560  34477.2  0.28
2580  27023.1  0.22
2600  32854.4  0.26
2620  42258.2  0.34
2640  39417.7  0.32
2660  39190.3  0.3
2680  41901.8  0.32
2700  37577.4  0.28
2720  39148.5  0.3
2740  28278.7  0.22
2760  33325.7  0.26
2780  42747.6  0.32
2800  42363.4  0.32
2820  23794.7  0.18
2840  39077.2  0.28
2860  40964.6  0.3
2880  41237.2  0.3
2900  32277.4  0.24
2920  50158.9  0.36
2940  45349.8  0.32
2960  39074.4  0.28
2980  43295.6  0.3
3000  16168  0.12
3020  17789.3  0.12
3040  29375  0.2
3060  21162.7  0.16
3080  42631.8  0.28
3100  37266.2  0.26
3120  41528.3  0.28
3140  48086.3  0.32
3160  18602.9  0.12
3180  44003.1  0.28
3200  25778.3  0.18
3220  58824.1  0.38
3240  49042.2  0.32
3260  23128.6  0.16
3280  41971.3  0.26
3300  22956.3  0.14
3320  27951.9  0.18
3340  34630.8  0.22
3360  30762.2  0.2
3380  20198.8  0.12
3400  24816.3  0.16
3420  26467.5  0.16
3440  32488.5  0.2
3460  48640  0.3
3480  33794.9  0.2
3500  29578.2  0.18
3520  28989.5  0.18
3540  31232.4  0.18
3560  39512.7  0.24
3580  47491.1  0.28
3600  43513.2  0.26
3620  41607.3  0.24
3640  21473.2  0.12
3660  24543.8  0.14
3680  37621.9  0.22
3700  39123.2  0.22
3720  40823.9  0.24
3740  63387.4  0.36
3760  24632.6  0.14
3780  37207.6  0.2
3800  26224.8  0.14
3820  34707.8  0.2
3840  46380.2  0.26
3860  25383  0.14
3880  45742.8  0.24
3900  47819.9  0.26
3920  36146.7  0.2
3940  30782.3  0.16
3960  50377.5  0.26
3980  57732.6  0.3
4000  40309.2  0.22
4020  23183.2  0.12
4040  63483  0.32
4060  64926  0.32
4080  18808.9  0.1
4100  23496.5  0.12
4120  58623.7  0.3
4140  28551.9  0.14
4160  53864  0.26
4180  39492.9  0.2
4200  30634.7  0.16
4220  56032.8  0.28
4240  32470.6  0.16
4260  36366.3  0.18
4280  28106.7  0.14
4300  24018.1  0.12
4320  47620.8  0.24
4340  19889.9  0.1
4360  51122.6  0.24
4380  36520.5  0.18
4400  36851.1  0.18
4420  41474.6  0.2
4440  28137  0.14
4460  20311.3  0.1
4480  40579.2  0.2
4500  54291.4  0.26
4520  60836.8  0.28
4540  64618.5  0.3
4560  56282.5  0.26
4580  37731.1  0.18
4600  55976.4  0.26
4620  46759.2  0.22
4640  39627.5  0.18
4660  34218.6  0.16
4680  48141.3  0.22
4700  42740  0.2
4720  20766.6  0.1
4740  34081.8  0.16
4760  40559.5  0.18
4780  48037.6  0.22
4800  57359.7  0.24
4820  34325.2  0.16
4840  44751.1  0.2
4860  31041.3  0.14
4880  49578.2  0.22
4900  30849.4  0.14
4920  28054.3  0.12
4940  75324.2  0.32
4960  29116.1  0.12
4980  39958.6  0.16
5000  61004.8  0.26
5020  38717.3  0.16
5040  30963.9  0.14
5060  30361.7  0.12
5080  25403.9  0.1
5100  78203.7  0.32
5120  41694.1  0.18
5140  50058.6  0.2
5160  25610.8  0.1
5180  36194.7  0.14
5200  50138.3  0.2
5220  42272.2  0.18
5240  63939.5  0.26
5260  27488  0.12
5280  45405  0.18
5300  75801.6  0.3
5320  50157.9  0.2
5340  28931  0.12
5360  52058.1  0.2
5380  43698.4  0.18
5400  32302.3  0.12
5420  33692.9  0.14
5440  49888.4  0.2
5460  55012.4  0.22
5480  39129.9  0.16
5500  50938.4  0.2
5520  34979.5  0.14
5540  44549.3  0.18
5560  65072.7  0.24
5580  49463.6  0.18
5600  27268.4  0.1
5620  43630.8  0.16
5640  61866.4  0.22
5660  39327.6  0.14
5680  34306.4  0.14
5700  51214.1  0.18
5720  34455.4  0.12
5740  55395  0.2
5760  30576.7  0.12
5780  26489.3  0.1
5800  29885.7  0.12
5820  48600.4  0.18
5840  29127.1  0.1
5860  28382.9  0.1
5880  28437.2  0.1
5900  27255.4  0.1
5920  69313.9  0.24
5940  48908.9  0.18
5960  42547.2  0.16
5980  37810.7  0.14
6000  47202  0.16
6020  69701.4  0.24
6040  24765  0.1
6060  36780.5  0.14
6080  37370.3  0.14
6100  36279.5  0.12
6120  69423.9  0.24
6140  36410.2  0.12
6160  34293.9  0.12
6180  24925.6  0.1
6200  42609.3  0.14
6220  35389.6  0.12
6240  96916.2  0.32
6260  27276.3  0.1
6280  63546.6  0.22
6300  72875.1  0.24
6320  98125  0.32
6340  25215.2  0.08
6360  50500.4  0.16
6380  35847.8  0.12
6400  74681.5  0.24
6420  25782.3  0.08
6440  25783  0.08
6460  48552.6  0.16
6480  33370.9  0.12
6500  59430.3  0.2
6520  41804.4  0.14
6540  94522.1  0.3
6560  51262.1  0.16
6580  60266.9  0.2
6600  38501.1  0.12
6620  26158.8  0.08
6640  54169.5  0.18
6660  26193.3  0.08
6680  26293.5  0.08
6700  54614.8  0.18
6720  26332.1  0.08
6740  101141  0.32
6760  47209.2  0.14
6780  26468.2  0.08
6800  26833.5  0.08
6820  26935.8  0.08
6840  26935.1  0.08
6860  33117.5  0.1
6880  41719  0.14
6900  69982.4  0.22
6920  39769.7  0.12
6940  40772.8  0.12
6960  39964.8  0.12
6980  76290.8  0.22
7000  59974.5  0.18
7020  34260.5  0.1
7040  41405.7  0.12
7060  27342.7  0.08
7080  72607.7  0.22
7100  27445.6  0.08
7120  72597.4  0.22
7140  54436.8  0.16
7160  43799.7  0.14
7180  52420.5  0.16
7200  82478.6  0.24
7220  28084.5  0.08
7240  42347.8  0.12
7260  42446  0.12
7280  28188.8  0.08
7300  65495.9  0.2
7320  98901.1  0.28
7340  41312.5  0.12
7360  53358.4  0.16
7380  34972.8  0.1
7400  42338.4  0.12
7420  28461.6  0.08
7440  42622.9  0.12
7460  28552.4  0.08
7480  28593  0.08
7500  37906.2  0.12
7520  29066.6  0.08
7540  29066  0.08
7560  35143.4  0.1
7580  57565.5  0.16
7600  29203.4  0.08
7620  36748.4  0.1
7640  86682.5  0.24
7660  29333.4  0.08
7680  44718.2  0.12
7700  29374.7  0.08
7720  29440.4  0.08
7740  104095  0.28
7760  68885.8  0.18
7780  65818.4  0.18
7800  29613.7  0.08
7820  69222.6  0.18
7840  47734.6  0.14
7860  61675.3  0.16
7880  67833.8  0.18
7900  36468.3  0.1
7920  30216  0.08
7940  39126  0.1
7960  85029.2  0.22
7980  60331  0.16
8000  30344  0.08
8020  30383.9  0.08
8040  39447.3  0.1
8060  30479.4  0.08
8080  47404.9  0.12
8100  30527.4  0.08
8120  90812.4  0.24
8140  56934  0.16
8160  30624.9  0.08
8180  59157.7  0.16
8200  80152.2  0.2
8220  38881.8  0.1
8240  72399.3  0.18
8260  31229.3  0.08
8280  47606.2  0.12
8300  48680.1  0.12
8320  94605.2  0.24
8340  31368.8  0.08
8360  31403.9  0.08
8380  67710  0.18
8400  33549.2  0.08
8420  31542  0.08
8440  41952.3  0.1
8460  31642.3  0.08
8480  46907.4  0.12
8500  63235  0.16
8520  31743.9  0.08
8540  41200.5  0.1
8560  31842.1  0.08
8580  31874.6  0.08
8600  94247.6  0.24
8620  32283.2  0.08
8640  82962.6  0.2
8660  81504.2  0.2
8680  32418.6  0.08
8700  32483  0.08
8720  49672.7  0.12
8740  32520.8  0.08
8760  56736  0.14
8780  32621.1  0.08
8800  66052.5  0.16
8820  49543.8  0.12
8840  34809.6  0.08
8860  32794.4  0.08
8880  75879.9  0.18
8900  32895.3  0.08
8920  32895.3  0.08
8940  32929.1  0.08
8960  41822.6  0.1
8980  52807.2  0.12
9000  67374  0.16
9020  61047.3  0.14
9040  35590.7  0.08
9060  92980  0.22
9080  67975.2  0.16
9100  120771  0.28
9120  33670.9  0.08
9140  59933.3  0.14
9160  35830.4  0.08
9180  35830.4  0.08
9200  69381.6  0.16
9220  50496.5  0.12
9240  80429.7  0.18
9260  49039  0.12
9280  162442  0.36
9300  36103  0.08
9320  34045.3  0.08
9340  87664.7  0.2
9360  61186.8  0.14
9380  36606  0.08
9400  36603.3  0.08
9420  78794.3  0.18
9440  87694.9  0.2
9460  44278.2  0.1
9480  63899.9  0.14
9500  43302.8  0.1
9520  36877.7  0.08
9540  34883.3  0.08
9560  34923.9  0.08
9580  36978.4  0.08
9600  35024.1  0.08
9620  37079.1  0.08
9640  37113.8  0.08
9660  94021.6  0.2
9680  62284.4  0.14
9700  51605.1  0.12
9720  106811  0.22
9740  35665.7  0.08
9760  113899  0.24
9780  148516  0.32
9800  35766.6  0.08
9820  53615.7  0.12
9840  54571.8  0.12
9860  55588.5  0.12
9880  35939.2  0.08
9900  35939.2  0.08
9920  107358  0.22
9940  36039.4  0.08
9960  106300  0.22
9980  112441  0.24
10000  74827.7  0.16
10020  83057.3  0.18
10040  54472.1  0.12
10060  162772  0.34
10080  126470  0.26
10100  68031.4  0.14
10120  38832.7  0.08
10140  46811.9  0.1
10160  96270.9  0.2
10180  38903  0.08
10200  59270.4  0.12
10220  39002.8  0.08
10240  39003.7  0.08
10260  37054.1  0.08
10280  39140.9  0.08
10300  47397.5  0.1
10320  47498.4  0.1
10340  39241.6  0.08
10360  49573.9  0.1
10380  47596  0.1
10400  109212  0.22
10420  47631.8  0.1
10440  79235.3  0.16
10460  50145.6  0.1
10480  60485.5  0.12
10500  37867.5  0.08
10520  47358.3  0.1
10540  49098.3  0.1
10560  40016.3  0.08
10580  38069.4  0.08
10600  48729  0.1
10620  59267.8  0.12
10640  129964  0.26
10660  40250.7  0.08
10680  122971  0.24
10700  50797.1  0.1
10720  68502.8  0.14
10740  113311  0.22
10760  40426.2  0.08
10780  77837.3  0.16
10800  40526.9  0.08
10820  147369  0.28
10840  40994.3  0.08
10860  51645.3  0.1
10880  86423  0.16
10900  62814.1  0.12
10920  68573.9  0.14
10940  133580  0.26
10960  79564  0.16
10980  63087.1  0.12
11000  63085.3  0.12
11020  41301.6  0.08
11040  105665  0.2
11060  61283.5  0.12
11080  48607.8  0.1
11100  134059  0.26
11120  135372  0.26
11140  61521.1  0.12
11160  39530.1  0.08
11180  50611.7  0.1
11200  53053.2  0.1
11220  42040.7  0.08
11240  42142.3  0.08
11260  53205.3  0.1
11280  40134.5  0.08
11300  53355.6  0.1
11320  40235.4  0.08
11340  135886  0.24
11360  53541.6  0.1
11380  42415  0.08
11400  73291.1  0.14
11420  42447.9  0.08
11440  143585  0.26
11460  118482  0.22
11480  53917.2  0.1
11500  42651.1  0.08
11520  149907  0.28
11540  40645.7  0.08
11560  61576.8  0.12
11580  132295  0.24
11600  54909  0.1
11620  64405.2  0.12
11640  187042  0.34
11660  106701  0.2
11680  110404  0.2
11700  86716.6  0.16
11720  55146.9  0.1
11740  164491  0.3
11760  164846  0.3
11780  43564.8  0.08
11800  51435.3  0.1
11820  131161  0.24
11840  85442.8  0.16
11860  51625.5  0.1
11880  87077.1  0.16
11900  41761.2  0.08
11920  44168.5  0.08
11940  109142  0.2
11960  44298.5  0.08
11980  76043  0.14
12000  44340.4  0.08
12020  123479  0.22
12040  98927.7  0.18
12060  56513.9  0.1
12080  42501.7  0.08
12100  78919.1  0.14
12120  42538.2  0.08
12140  76482.2  0.14
12160  44677.2  0.08
12180  44713.8  0.08
12200  148284  0.26
12220  203934  0.34
12240  42775.9  0.08
12260  66966.3  0.12
12280  42875.5  0.08
12300  55713.5  0.1
12320  57441.4  0.1
12340  90675.7  0.16
12360  43376.9  0.08
12380  152227  0.26
12400  55744.5  0.1
12420  45553.6  0.08
12440  57815  0.1
12460  58019.9  0.1
12480  200926  0.34
12500  158654  0.26
12520  45726.4  0.08
12540  95701.6  0.16
12560  45827.1  0.08
12580  43790.5  0.08
12600  43889.4  0.08
12620  127225  0.22
12640  145859  0.24
12660  59217.6  0.1
12680  66272.8  0.12
12700  44430.7  0.08
12720  44430.1  0.08
12740  105886  0.18
12760  117571  0.2
12780  79448.3  0.14
12800  168775  0.28
12820  44668.4  0.08
12840  95805.3  0.16
12860  143227  0.24
12880  46838.8  0.08
12900  46837.9  0.08
12920  46940.4  0.08
12940  59726.3  0.1
12960  57734.9  0.1
12980  44941.2  0.08
13000  45042.8  0.08
13020  45445.4  0.08
13040  58595.8  0.1
13060  71583.1  0.12
13080  47578.9  0.08
13100  47615.4  0.08
13120  47679.5  0.08
13140  45682.4  0.08
13160  96399.9  0.16
13180  47816.8  0.08
13200  45784  0.08
13220  113369  0.18
13240  61028.2  0.1
13260  140987  0.22
13280  61130.7  0.1
13300  95704.1  0.16
13320  97580.8  0.16
13340  126087  0.2
13360  48122.3  0.08
13380  97516.2  0.16
13400  60063.4  0.1
13420  46560.9  0.08
13440  124194  0.2
13460  62223.2  0.1
13480  88364.7  0.14
13500  48764.3  0.08
13520  60140.3  0.1
13540  62362.2  0.1
13560  140972  0.22
13580  73834.4  0.12
13600  111965  0.18
13620  46971.2  0.08
13640  133642  0.2
13660  112695  0.18
13680  88577.5  0.14
13700  49200.9  0.08
13720  63089  0.1
13740  63089.9  0.1
13760  49640.7  0.08
13780  61274.6  0.1
13800  49741.3  0.08
13820  77179.2  0.12
13840  49842  0.08
13860  214899  0.32
13880  47849.1  0.08
13900  231322  0.34
13920  61699.7  0.1
13940  74139.9  0.12
13960  63930.6  0.1
13980  62169.8  0.1
14000  96472.1  0.14
14020  128216  0.2
14040  62038.2  0.1
14060  75926.5  0.12
14080  78329.6  0.12
14100  48324.4  0.08
14120  89024.6  0.14
14140  60771.1  0.1
14160  48827.9  0.08
14180  62831.3  0.1
14200  77083.9  0.12
14220  48928.8  0.08
14240  174174  0.26
14260  90416.6  0.14
14280  65230.7  0.1
14300  49101.4  0.08
14320  90257.2  0.14
14340  49137.2  0.08
14360  65319.5  0.1
14380  51263.6  0.08
14400  51263.6  0.08
14420  151086  0.22
14440  49337.7  0.08
14460  65593.4  0.1
14480  107754  0.16
14500  49842.5  0.08
14520  175927  0.26
14540  177806  0.26
14560  106744  0.16
14580  52003.6  0.08
14600  52038.4  0.08
14620  109404  0.16
14640  52138.2  0.08
14660  163101  0.24
14680  63371.2  0.1
14700  50252.1  0.08
14720  66723.2  0.1
14740  93801.9  0.14
14760  50353  0.08
14780  66910.9  0.1
14800  52412.6  0.08
14820  151865  0.22
14840  93870.1  0.14
14860  52915.6  0.08
14880  67895.1  0.1
14900  109398  0.16
14920  65737.5  0.1
14940  51094.8  0.08
14960  51130.7  0.08
14980  91832  0.14
