100  5116.65  1
120  5792.08  0.98
140  7381.88  0.96
160  8165.87  0.96
180  8466.39  0.92
200  8983.11  0.9
220  8719.4  0.8
240  9516.06  0.82
260  11509.7  0.88
280  11843.1  0.86
300  12359.2  0.82
320  12488.5  0.8
340  12639.9  0.76
360  13278.3  0.76
380  13236.9  0.7
400  15635.4  0.78
420  15830  0.76
440  13844.8  0.64
460  14699.5  0.64
480  13080.8  0.56
500  15785.6  0.64
520  15743.1  0.62
540  13353  0.5
560  14641.8  0.54
580  15823  0.56
600  17462.5  0.6
620  14996.3  0.48
640  16704.8  0.52
660  19235.3  0.58
680  22730.2  0.66
700  13785.4  0.4
720  17403.4  0.5
740  25328  0.68
760  18477.4  0.5
780  17935.8  0.46
800  15305  0.4
820  19940.5  0.5
840  17149.1  0.42
860  12235.8  0.3
880  8408.56  0.2
900  16779.6  0.38
920  20728.1  0.46
940  21870.6  0.48
960  22467.4  0.48
980  8827.97  0.2
1000  21208.2  0.44
1020  15146.5  0.32
1040  15086.2  0.3
1060  16004.7  0.32
1080  14417  0.28
1100  17495.1  0.34
1120  22526.7  0.4
1140  14062.5  0.26
1160  18146.5  0.32
1180  18749.5  0.32
1200  17444.1  0.3
1220  14809.3  0.26
1240  23809.7  0.4
1260  23098.7  0.38
1280  23400.9  0.38
1300  23557.9  0.38
1320  14322  0.22
1340  25496.3  0.4
1360  13720.9  0.22
1380  18239.5  0.26
1400  14614.5  0.22
1420  22307.8  0.32
1440  12021.1  0.18
1460  14686.8  0.22
1480  17329.5  0.24
1500  16152.6  0.22
1520  13360.6  0.18
1540  20228.6  0.28
1560  21395.6  0.28
1580  17192.5  0.24
1600  24039.2  0.3
1620  4825.51  0.06
1640  20944.4  0.26
1660  28316.8  0.36
1680  18196.8  0.22
1700  20965.8  0.26
1720  16431.6  0.2
1740  16835.4  0.2
1760  20909.1  0.24
1780  8639.01  0.1
1800  13690.4  0.16
1820  19653.5  0.22
1840  27126.1  0.3
1860  19144.4  0.22
1880  14650.4  0.16
1900  31080.1  0.34
1920  14583.5  0.16
1940  16681  0.18
1960  11636  0.12
1980  16685.4  0.18
2000  23096.6  0.24
2020  19166.6  0.2
2040  17495.8  0.18
2060  26682.5  0.28
2080  24909.8  0.24
2100  16865.2  0.16
2120  14052.8  0.14
2140  18727  0.18
2160  18993.1  0.18
2180  10021.5  0.1
2200  4331.2  0.04
2220  18637.5  0.18
2240  10415.9  0.1
2260  17278.2  0.16
2280  6371.63  0.06
2300  24722.8  0.22
2320  14921.7  0.14
2340  31800.9  0.28
2360  28220.3  0.24
2380  21097  0.18
2400  31802.6  0.28
2420  18935.4  0.16
2440  25730.4  0.22
2460  23978.7  0.2
2480  23331.5  0.2
2500  11501.7  0.1
2520  11346.4  0.1
2540  13386.9  0.12
2560  6730.77  0.06
2580  16588  0.14
2600  14962.1  0.12
2620  32257.9  0.26
2640  27539.4  0.22
2660  24236.6  0.2
2680  20391.3  0.16
2700  14505.4  0.12
2720  13279.7  0.1
2740  12302.9  0.1
2760  21355  0.16
2780  4105.25  0.04
2800  16028  0.12
2820  4139.08  0.04
2840  12534.6  0.1
2860  12947  0.1
2880  8164.95  0.06
2900  7718.54  0.06
2920  5032.93  0.04
2940  4216.6  0.04
2960  27989.2  0.2
2980  13777.9  0.1
3000  11004  0.08
3020  28124.1  0.2
3040  18364.7  0.14
3060  11723.8  0.08
3080  25252.3  0.18
3100  16502.1  0.12
3120  25361  0.18
3140  5002.67  0.04
3160  20305.7  0.14
3180  7293.82  0.06
3200  4085.12  0.04
3220  16779.3  0.12
3240  4669.8  0.04
3260  17808.5  0.12
3280  11262.6  0.08
3300  20192.1  0.14
3320  24937.9  0.16
3340  27258.4  0.18
3360  17284.3  0.12
3380  14480.3  0.1
3400  7922.14  0.06
3420  15492.8  0.1
3440  17989.8  0.12
3460  7956.36  0.06
3480  18249.2  0.12
3500  21627.7  0.14
3520  7533.58  0.06
3540  26332.9  0.16
3560  13868.2  0.08
3580  14724.5  0.1
3600  16345.3  0.1
3620  4077.74  0.04
3640  4471.42  0.04
3660  19630.8  0.12
3680  7982.82  0.06
3700  11706.8  0.08
3720  20309.8  0.12
3740  19041.1  0.12
3760  22625.8  0.14
3780  19153  0.12
3800  22801.1  0.14
3820  17892  0.1
3840  12337.8  0.08
3860  4051.51  0.04
3880  8280.87  0.06
3900  11859.2  0.08
3920  8662.2  0.06
3940  14703.2  0.08
3960  11023  0.06
3980  8076.8  0.06
4000  12233.2  0.08
4020  4043.55  0.04
4040  4909.43  0.04
4060  4045.42  0.02
4080  4045.42  0.02
4100  4045.42  0.02
4120  4045.42  0.02
4140  4045.42  0.02
4160  4045.42  0.02
4180  4045.42  0.02
4200  4045.42  0.02
4220  4045.42  0.02
4240  4045.42  0.02
4260  4045.42  0.02
4280  4045.42  0.02
4300  4045.42  0.02
4320  4045.42  0.02
4340  4045.42  0.02
4360  4045.42  0.02
4380  4045.42  0.02
4400  4045.42  0.02
4420  4045.42  0.02
4440  4045.42  0.02
4460  4045.42  0.02
4480  4045.42  0.02
4500  4045.42  0.02
4520  4045.42  0.02
4540  4045.42  0.02
4560  4045.42  0.02
4580  4045.42  0.02
4600  4045.42  0.02
4620  4045.42  0.02
4640  4045.42  0.02
4660  4045.42  0.02
4680  4045.42  0.02
4700  4045.42  0.02
4720  4045.42  0.02
4740  4045.42  0.02
4760  4045.42  0.02
4780  4045.42  0.02
4800  4045.42  0.02
4820  4045.42  0.02
4840  4045.42  0.02
4860  4045.42  0.02
4880  4045.42  0.02
4900  4045.42  0.02
4920  4045.42  0.02
4940  4045.42  0.02
4960  4045.42  0.02
4980  4045.42  0.02
5000  4045.42  0.02
5020  4045.42  0.02
5040  4045.42  0.02
5060  4045.42  0.02
5080  4045.42  0.02
5100  4045.42  0.02
5120  4045.42  0.02
5140  4045.42  0.02
5160  4045.42  0.02
5180  4045.42  0.02
5200  4045.42  0.02
5220  4045.42  0.02
5240  4045.42  0.02
5260  4045.42  0.02
5280  4045.42  0.02
5300  4045.42  0.02
5320  4045.42  0.02
5340  4045.42  0.02
5360  4045.42  0.02
5380  4045.42  0.02
5400  4045.42  0.02
5420  4045.42  0.02
5440  4045.42  0.02
5460  4045.42  0.02
5480  4045.42  0.02
5500  4045.42  0.02
5520  4045.42  0.02
5540  4045.42  0.02
5560  4045.42  0.02
5580  4045.42  0.02
5600  4045.42  0.02
5620  4045.42  0.02
5640  4045.42  0.02
5660  4045.42  0.02
5680  4045.42  0.02
5700  4045.42  0.02
5720  4045.42  0.02
5740  4045.42  0.02
5760  4045.42  0.02
5780  4045.42  0.02
5800  4045.42  0.02
5820  4045.42  0.02
5840  4045.42  0.02
5860  4045.42  0.02
5880  4045.42  0.02
5900  4045.42  0.02
5920  4045.42  0.02
5940  4045.42  0.02
5960  4045.42  0.02
5980  4045.42  0.02
6000  4045.42  0.02
6020  4045.42  0.02
6040  4045.42  0.02
6060  4045.42  0.02
6080  4045.42  0.02
6100  4045.42  0.02
6120  4045.42  0.02
6140  4045.42  0.02
6160  4045.42  0.02
6180  4045.42  0.02
6200  4045.42  0.02
6220  4045.42  0.02
6240  4045.42  0.02
6260  4045.42  0.02
6280  4045.42  0.02
6300  4045.42  0.02
6320  4045.42  0.02
6340  4045.42  0.02
6360  4045.42  0.02
6380  4045.42  0.02
6400  4045.42  0.02
6420  4045.42  0.02
6440  4045.42  0.02
6460  4045.42  0.02
6480  4045.42  0.02
6500  4045.42  0.02
6520  4045.42  0.02
6540  4045.42  0.02
6560  4045.42  0.02
6580  4045.42  0.02
6600  4045.42  0.02
6620  4045.42  0.02
6640  4045.42  0.02
6660  4045.42  0.02
6680  4045.42  0.02
6700  4045.42  0.02
6720  4045.42  0.02
6740  4045.42  0.02
6760  4045.42  0.02
6780  4045.42  0.02
6800  4045.42  0.02
6820  4045.42  0.02
6840  4045.42  0.02
6860  4045.42  0.02
6880  4045.42  0.02
6900  4045.42  0.02
6920  4045.42  0.02
6940  4045.42  0.02
6960  4045.42  0.02
6980  4045.42  0.02
7000  4045.42  0.02
7020  4045.42  0.02
7040  4045.42  0.02
7060  4045.42  0.02
7080  4045.42  0.02
7100  4045.42  0.02
7120  4045.42  0.02
7140  4045.42  0.02
7160  4045.42  0.02
7180  4045.42  0.02
7200  4045.42  0.02
7220  4045.42  0.02
7240  4045.42  0.02
7260  4045.42  0.02
7280  4045.42  0.02
7300  4045.42  0.02
7320  4045.42  0.02
7340  4045.42  0.02
7360  4045.42  0.02
7380  4045.42  0.02
7400  4045.42  0.02
7420  4045.42  0.02
7440  4045.42  0.02
7460  4045.42  0.02
7480  4045.42  0.02
7500  4045.42  0.02
7520  4045.42  0.02
7540  4045.42  0.02
7560  4045.42  0.02
7580  4045.42  0.02
7600  4045.42  0.02
7620  4045.42  0.02
7640  4045.42  0.02
7660  4045.42  0.02
7680  4045.42  0.02
7700  4045.42  0.02
7720  4045.42  0.02
7740  4045.42  0.02
7760  4045.42  0.02
7780  4045.42  0.02
7800  4045.42  0.02
7820  4045.42  0.02
7840  4045.42  0.02
7860  4045.42  0.02
7880  4045.42  0.02
7900  4045.42  0.02
7920  4045.42  0.02
7940  4045.42  0.02
7960  4045.42  0.02
7980  4045.42  0.02
8000  4045.42  0.02
8020  4045.42  0.02
8040  4045.42  0.02
8060  4045.42  0.02
8080  4045.42  0.02
8100  4045.42  0.02
8120  4045.42  0.02
8140  4045.42  0.02
8160  4045.42  0.02
8180  4045.42  0.02
8200  4045.42  0.02
8220  4045.42  0.02
8240  4045.42  0.02
8260  4045.42  0.02
8280  4045.42  0.02
8300  4045.42  0.02
8320  4045.42  0.02
8340  4045.42  0.02
8360  4045.42  0.02
8380  4045.42  0.02
8400  4045.42  0.02
8420  4045.42  0.02
8440  4045.42  0.02
8460  4045.42  0.02
8480  4045.42  0.02
8500  4045.42  0.02
8520  4045.42  0.02
8540  4045.42  0.02
8560  4045.42  0.02
8580  4045.42  0.02
8600  4045.42  0.02
8620  4045.42  0.02
8640  4045.42  0.02
8660  4045.42  0.02
8680  4045.42  0.02
8700  4045.42  0.02
8720  4045.42  0.02
8740  4045.42  0.02
8760  4045.42  0.02
8780  4045.42  0.02
8800  4045.42  0.02
8820  4045.42  0.02
8840  4045.42  0.02
8860  4045.42  0.02
8880  4045.42  0.02
8900  4045.42  0.02
8920  4045.42  0.02
8940  4045.42  0.02
8960  4045.42  0.02
8980  4045.42  0.02
9000  4045.42  0.02
9020  4045.42  0.02
9040  4045.42  0.02
9060  4045.42  0.02
9080  4045.42  0.02
9100  4045.42  0.02
9120  4045.42  0.02
9140  4045.42  0.02
9160  4045.42  0.02
9180  4045.42  0.02
9200  4045.42  0.02
9220  4045.42  0.02
9240  4045.42  0.02
9260  4045.42  0.02
9280  4045.42  0.02
9300  4045.42  0.02
9320  4045.42  0.02
9340  4045.42  0.02
9360  4045.42  0.02
9380  4045.42  0.02
9400  4045.42  0.02
9420  4045.42  0.02
9440  4045.42  0.02
9460  4045.42  0.02
9480  4045.42  0.02
9500  4045.42  0.02
9520  4045.42  0.02
9540  4045.42  0.02
9560  4045.42  0.02
9580  4045.42  0.02
9600  4045.42  0.02
9620  4045.42  0.02
9640  4045.42  0.02
9660  4045.42  0.02
9680  4045.42  0.02
9700  4045.42  0.02
9720  4045.42  0.02
9740  4045.42  0.02
9760  4045.42  0.02
9780  4045.42  0.02
9800  4045.42  0.02
9820  4045.42  0.02
9840  4045.42  0.02
9860  4045.42  0.02
9880  4045.42  0.02
9900  4045.42  0.02
9920  4045.42  0.02
9940  4045.42  0.02
9960  4045.42  0.02
9980  4045.42  0.02
10000  4045.42  0.02
10020  4045.42  0.02
10040  4045.42  0.02
10060  4045.42  0.02
10080  4045.42  0.02
10100  4045.42  0.02
10120  4045.42  0.02
10140  4045.42  0.02
10160  4045.42  0.02
10180  4045.42  0.02
10200  4045.42  0.02
10220  4045.42  0.02
10240  4045.42  0.02
10260  4045.42  0.02
10280  4045.42  0.02
10300  4045.42  0.02
10320  4045.42  0.02
10340  4045.42  0.02
10360  4045.42  0.02
10380  4045.42  0.02
10400  4045.42  0.02
10420  4045.42  0.02
10440  4045.42  0.02
10460  4045.42  0.02
10480  4045.42  0.02
10500  4045.42  0.02
10520  4045.42  0.02
10540  4045.42  0.02
10560  4045.42  0.02
10580  4045.42  0.02
10600  4045.42  0.02
10620  4045.42  0.02
10640  4045.42  0.02
10660  4045.42  0.02
10680  4045.42  0.02
10700  4045.42  0.02
10720  4045.42  0.02
10740  4045.42  0.02
10760  4045.42  0.02
10780  4045.42  0.02
10800  4045.42  0.02
10820  4045.42  0.02
10840  4045.42  0.02
10860  4045.42  0.02
10880  4045.42  0.02
10900  4045.42  0.02
10920  4045.42  0.02
10940  4045.42  0.02
10960  4045.42  0.02
10980  4045.42  0.02
11000  4045.42  0.02
11020  4045.42  0.02
11040  4045.42  0.02
11060  4045.42  0.02
11080  4045.42  0.02
11100  4045.42  0.02
11120  4045.42  0.02
11140  4045.42  0.02
11160  4045.42  0.02
11180  4045.42  0.02
11200  4045.42  0.02
11220  4045.42  0.02
11240  4045.42  0.02
11260  4045.42  0.02
11280  4045.42  0.02
11300  4045.42  0.02
11320  4045.42  0.02
11340  4045.42  0.02
11360  4045.42  0.02
11380  4045.42  0.02
11400  4045.42  0.02
11420  4045.42  0.02
11440  4045.42  0.02
11460  4045.42  0.02
11480  4045.42  0.02
11500  4045.42  0.02
11520  4045.42  0.02
11540  4045.42  0.02
11560  4045.42  0.02
11580  4045.42  0.02
11600  4045.42  0.02
11620  4045.42  0.02
11640  4045.42  0.02
11660  4045.42  0.02
11680  4045.42  0.02
11700  4045.42  0.02
11720  4045.42  0.02
11740  4045.42  0.02
11760  4045.42  0.02
11780  4045.42  0.02
11800  4045.42  0.02
11820  4045.42  0.02
11840  4045.42  0.02
11860  4045.42  0.02
11880  4045.42  0.02
11900  4045.42  0.02
11920  4045.42  0.02
11940  4045.42  0.02
11960  4045.42  0.02
11980  4045.42  0.02
12000  4045.42  0.02
12020  4045.42  0.02
12040  4045.42  0.02
12060  4045.42  0.02
12080  4045.42  0.02
12100  4045.42  0.02
12120  4045.42  0.02
12140  4045.42  0.02
12160  4045.42  0.02
12180  4045.42  0.02
12200  4045.42  0.02
12220  4045.42  0.02
12240  4045.42  0.02
12260  4045.42  0.02
12280  4045.42  0.02
12300  4045.42  0.02
12320  4045.42  0.02
12340  4045.42  0.02
12360  4045.42  0.02
12380  4045.42  0.02
12400  4045.42  0.02
12420  4045.42  0.02
12440  4045.42  0.02
12460  4045.42  0.02
12480  4045.42  0.02
12500  4045.42  0.02
12520  4045.42  0.02
12540  4045.42  0.02
12560  4045.42  0.02
12580  4045.42  0.02
12600  4045.42  0.02
12620  4045.42  0.02
12640  4045.42  0.02
12660  4045.42  0.02
12680  4045.42  0.02
12700  4045.42  0.02
12720  4045.42  0.02
12740  4045.42  0.02
12760  4045.42  0.02
12780  4045.42  0.02
12800  4045.42  0.02
12820  4045.42  0.02
12840  4045.42  0.02
12860  4045.42  0.02
12880  4045.42  0.02
12900  4045.42  0.02
12920  4045.42  0.02
12940  4045.42  0.02
12960  4045.42  0.02
12980  4045.42  0.02
13000  4045.42  0.02
13020  4045.42  0.02
13040  4045.42  0.02
13060  4045.42  0.02
13080  4045.42  0.02
13100  4045.42  0.02
13120  4045.42  0.02
13140  4045.42  0.02
13160  4045.42  0.02
13180  4045.42  0.02
13200  4045.42  0.02
13220  4045.42  0.02
13240  4045.42  0.02
13260  4045.42  0.02
13280  4045.42  0.02
13300  4045.42  0.02
13320  4045.42  0.02
13340  4045.42  0.02
13360  4045.42  0.02
13380  4045.42  0.02
13400  4045.42  0.02
13420  4045.42  0.02
13440  4045.42  0.02
13460  4045.42  0.02
13480  4045.42  0.02
13500  4045.42  0.02
13520  4045.42  0.02
13540  4045.42  0.02
13560  4045.42  0.02
13580  4045.42  0.02
13600  4045.42  0.02
13620  4045.42  0.02
13640  4045.42  0.02
13660  4045.42  0.02
13680  4045.42  0.02
13700  4045.42  0.02
13720  4045.42  0.02
13740  4045.42  0.02
13760  4045.42  0.02
13780  4045.42  0.02
13800  4045.42  0.02
13820  4045.42  0.02
13840  4045.42  0.02
13860  4045.42  0.02
13880  4045.42  0.02
13900  4045.42  0.02
13920  4045.42  0.02
13940  4045.42  0.02
13960  4045.42  0.02
13980  4045.42  0.02
14000  4045.42  0.02
14020  4045.42  0.02
14040  4045.42  0.02
14060  4045.42  0.02
14080  4045.42  0.02
14100  4045.42  0.02
14120  4045.42  0.02
14140  4045.42  0.02
14160  4045.42  0.02
14180  4045.42  0.02
14200  4045.42  0.02
14220  4045.42  0.02
14240  4045.42  0.02
14260  4045.42  0.02
14280  4045.42  0.02
14300  4045.42  0.02
14320  4045.42  0.02
14340  4045.42  0.02
14360  4045.42  0.02
14380  4045.42  0.02
14400  4045.42  0.02
14420  4045.42  0.02
14440  4045.42  0.02
14460  4045.42  0.02
14480  4045.42  0.02
14500  4045.42  0.02
14520  4045.42  0.02
14540  4045.42  0.02
14560  4045.42  0.02
14580  4045.42  0.02
14600  4045.42  0.02
14620  4045.42  0.02
14640  4045.42  0.02
14660  4045.42  0.02
14680  4045.42  0.02
14700  4045.42  0.02
14720  4045.42  0.02
14740  4045.42  0.02
14760  4045.42  0.02
14780  4045.42  0.02
14800  4045.42  0.02
14820  4045.42  0.02
14840  4045.42  0.02
14860  4045.42  0.02
14880  4045.42  0.02
14900  4045.42  0.02
14920  4045.42  0.02
14940  4045.42  0.02
14960  4045.42  0.02
14980  4045.42  0.02
