100  4530.09  1
120  4976.72  0.94
140  6565.33  0.98
160  8577.86  0.96
180  9237.85  0.96
200  9527.19  0.92
220  9968.45  0.88
240  11363.8  0.92
260  12477.3  0.94
280  13153.1  0.94
300  12456.6  0.84
320  13260  0.86
340  13705  0.86
360  14153.8  0.8
380  14895.7  0.8
400  15695.7  0.8
420  17222.7  0.84
440  14676.5  0.68
460  16828.4  0.74
480  17916.1  0.74
500  17423.7  0.7
520  16096.3  0.62
540  17743.3  0.66
560  17653  0.64
580  17414.7  0.6
600  16157.4  0.54
620  19162.6  0.62
640  18589.3  0.58
660  17322.5  0.54
680  17711.4  0.52
700  20808.1  0.6
720  20496.3  0.58
740  21120.2  0.6
760  21367.4  0.58
780  19980.5  0.52
800  22846.4  0.58
820  20973.5  0.52
840  19840.6  0.48
860  19948.2  0.48
880  21472.5  0.5
900  24375.4  0.54
920  24248.2  0.54
940  19888.9  0.44
960  17629.5  0.38
980  23046.5  0.48
1000  23300.5  0.48
1020  21842.9  0.44
1040  21174.7  0.42
1060  23929.4  0.46
1080  17089.1  0.32
1100  20568.9  0.38
1120  14709.5  0.26
1140  26573.3  0.48
1160  24918.2  0.44
1180  25062  0.44
1200  23055  0.4
1220  28595.6  0.48
1240  20704.5  0.34
1260  17414  0.28
1280  17156.6  0.28
1300  23482.6  0.38
1320  31127  0.48
1340  22736.6  0.36
1360  24156.4  0.36
1380  32051.8  0.48
1400  35139.7  0.52
1420  18385.6  0.26
1440  28275.7  0.4
1460  24716  0.36
1480  24521.7  0.34
1500  17675.9  0.24
1520  27787.6  0.38
1540  24388  0.32
1560  19236  0.26
1580  25268.7  0.34
1600  20930.7  0.28
1620  27608.5  0.36
1640  18811  0.24
1660  22963  0.28
1680  25292.7  0.32
1700  25956.2  0.32
1720  31201.2  0.38
1740  24427.6  0.28
1760  32990.4  0.38
1780  17162.7  0.2
1800  24994.6  0.28
1820  29351.5  0.34
1840  29714.6  0.34
1860  22073.7  0.24
1880  25096.1  0.28
1900  25162.9  0.28
1920  18321.3  0.2
1940  21063.4  0.22
1960  31399.3  0.34
1980  40952.9  0.42
2000  25390.7  0.26
2020  19680.6  0.2
2040  20399.8  0.2
2060  21930.7  0.22
2080  26600.8  0.26
2100  24531.2  0.24
2120  27708.5  0.28
2140  32310  0.32
2160  33592  0.32
2180  28665.2  0.28
2200  34299.6  0.32
2220  33320.6  0.3
2240  23742  0.22
2260  24335.9  0.22
2280  31412.8  0.28
2300  14744  0.14
2320  15884.2  0.14
2340  20927.6  0.18
2360  27153.8  0.24
2380  23046.2  0.2
2400  23710.9  0.2
2420  23639.5  0.2
2440  24117.4  0.2
2460  42211.1  0.36
2480  22093  0.18
2500  21957.7  0.18
2520  36900.2  0.3
2540  35086.3  0.28
2560  38241.9  0.32
2580  15151.9  0.12
2600  22230.6  0.18
2620  23601.8  0.2
2640  42248.7  0.32
2660  23413.6  0.18
2680  22146.6  0.18
2700  31553.8  0.24
2720  39665.3  0.3
2740  49637.5  0.38
2760  30162.4  0.22
2780  13803.7  0.1
2800  27798.4  0.2
2820  22313.8  0.16
2840  30339.2  0.22
2860  28090.1  0.2
2880  35620.2  0.26
2900  45241.7  0.32
2920  37668.1  0.26
2940  22885.8  0.16
2960  31311.4  0.22
2980  39645  0.28
3000  22653.9  0.16
3020  24725.6  0.18
3040  43199.3  0.3
3060  35598.8  0.24
3080  30588.6  0.2
3100  27856  0.2
3120  26501.3  0.18
3140  12392.8  0.08
3160  47580.8  0.32
3180  19769.5  0.14
3200  25367  0.16
3220  31121.3  0.2
3240  15340.5  0.1
3260  26161.9  0.18
3280  30424.7  0.2
3300  37318.2  0.24
3320  23456.5  0.16
3340  19853.2  0.12
3360  31345.4  0.2
3380  39245.6  0.24
3400  56082.3  0.34
3420  19110.9  0.12
3440  23797.2  0.14
3460  26435.3  0.16
3480  46879  0.28
3500  43741.9  0.26
3520  36065.8  0.22
3540  26819.6  0.16
3560  33088.8  0.2
3580  34644.1  0.2
3600  16610.2  0.1
3620  40025.7  0.24
3640  13988.3  0.08
3660  37454.6  0.22
3680  43419.8  0.24
3700  28193.4  0.16
3720  29692.5  0.16
3740  34683.8  0.2
3760  31987.4  0.18
3780  34262.5  0.2
3800  21313.9  0.12
3820  35214.7  0.2
3840  31974.9  0.18
3860  50414.2  0.28
3880  21151.4  0.12
3900  32683.5  0.18
3920  23198.8  0.12
3940  35580.8  0.2
3960  33695.8  0.18
3980  17753.6  0.1
4000  26563.2  0.14
4020  22043.7  0.12
4040  20163.3  0.1
4060  53439.6  0.28
4080  42134.9  0.22
4100  30778.4  0.16
4120  27004.1  0.14
4140  27251.6  0.14
4160  26711.3  0.14
4180  24640.3  0.12
4200  19953  0.1
4220  45469.3  0.22
4240  34559.9  0.18
4260  23501.9  0.12
4280  24454.3  0.12
4300  48886.9  0.24
4320  57226.7  0.28
4340  44340.5  0.22
4360  21050.5  0.1
4380  34132.9  0.16
4400  35875.3  0.18
4420  19244.7  0.1
4440  46290.3  0.22
4460  33424.7  0.16
4480  23097.4  0.12
4500  52649.9  0.24
4520  37818.4  0.18
4540  28783  0.14
4560  26242.6  0.12
4580  55646.7  0.26
4600  47817.3  0.22
4620  33881.6  0.16
4640  36630.4  0.16
4660  52694.5  0.24
4680  47956.4  0.22
4700  33798  0.16
4720  36502.4  0.16
4740  23714.9  0.12
4760  20442.4  0.1
4780  28618.6  0.12
4800  22119.8  0.1
4820  28205.9  0.12
4840  53377.2  0.24
4860  35511.6  0.16
4880  21553.2  0.1
4900  39732  0.18
4920  21598.7  0.1
4940  52388.8  0.22
4960  40128.2  0.18
4980  34246.6  0.14
5000  54635.8  0.22
5020  23838.7  0.1
5040  16836.9  0.08
5060  40023.9  0.16
5080  25598.5  0.12
5100  30610  0.12
5120  57520.4  0.24
5140  21721.2  0.1
5160  22679.4  0.1
5180  58940.7  0.24
5200  48171.5  0.2
5220  48984.8  0.2
5240  44303  0.18
5260  38223.1  0.16
5280  40749.9  0.16
5300  33440.6  0.14
5320  33688.2  0.14
5340  27933  0.12
5360  43947.2  0.18
5380  32747.6  0.14
5400  22711.6  0.1
5420  28127.9  0.12
5440  23541.9  0.1
5460  17868.5  0.08
5480  40416.4  0.16
5500  28886.7  0.12
5520  23469.8  0.1
5540  45511.3  0.18
5560  78058.2  0.3
5580  51814.7  0.2
5600  47700.6  0.18
5620  20040.7  0.08
5640  32513.7  0.12
5660  56846.3  0.22
5680  32353.2  0.12
5700  36809.1  0.14
5720  47361.1  0.18
5740  21091.7  0.08
5760  47666.7  0.18
5780  52855.6  0.2
5800  41280.1  0.16
5820  35857.7  0.14
5840  47637.1  0.18
5860  25057  0.1
5880  36613.2  0.14
5900  42326.3  0.16
5920  22546.3  0.08
5940  38774.1  0.14
5960  30672.1  0.12
5980  42611.7  0.16
6000  27238.7  0.1
6020  48146.8  0.18
6040  54056.8  0.18
6060  31554.4  0.12
6080  31298.4  0.12
6100  79825.5  0.28
6120  39086.4  0.14
6140  26258.6  0.1
6160  26167.8  0.1
6180  19824.5  0.08
6200  45067.4  0.16
6220  50616.7  0.18
6240  47894.6  0.16
6260  45418.5  0.16
6280  24116.2  0.08
6300  19431.2  0.08
6320  26037.2  0.1
6340  40754.3  0.14
6360  64429  0.22
6380  62426.6  0.2
6400  65514.6  0.22
6420  45278.4  0.16
6440  32634.7  0.12
6460  20669.5  0.08
6480  26300  0.1
6500  37251.3  0.12
6520  46680.1  0.16
6540  33213  0.12
6560  20201.3  0.08
6580  37174.2  0.12
6600  26693.7  0.1
6620  27919.9  0.1
6640  39889.9  0.14
6660  33560.1  0.12
6680  27692  0.1
6700  34450.7  0.12
6720  35377.3  0.12
6740  40917.1  0.14
6760  40848.4  0.14
6780  47611.7  0.16
6800  22259.5  0.08
6820  34381.1  0.12
6840  25876.4  0.08
6860  49985.9  0.16
6880  62086.9  0.2
6900  55521.9  0.18
6920  55996.3  0.18
6940  41555  0.14
6960  52005  0.16
6980  30659.2  0.1
7000  37500.6  0.12
7020  34269.9  0.1
7040  28189.9  0.1
7060  27064.6  0.08
7080  21203.2  0.06
7100  21203.2  0.06
7120  21359.5  0.06
7140  21413.2  0.06
7160  21413.2  0.06
7180  21467  0.06
7200  21467  0.06
7220  21467  0.06
7240  21520.7  0.06
7260  21520.7  0.06
7280  21677  0.06
7300  21730.8  0.06
7320  21730.8  0.06
7340  21784.5  0.06
7360  21784.5  0.06
7380  21784.5  0.06
7400  21838.3  0.06
7420  21838.3  0.06
7440  21994.6  0.06
7460  22048.3  0.06
7480  22048.3  0.06
7500  22102.1  0.06
7520  22102.1  0.06
7540  22102.1  0.06
7560  22155.8  0.06
7580  22312.1  0.06
7600  22312.1  0.06
7620  22365.9  0.06
7640  22365.9  0.06
7660  22365.9  0.06
7680  22419.6  0.06
7700  22419.6  0.06
7720  22473.4  0.06
7740  22629.6  0.06
7760  22629.6  0.06
7780  22683.4  0.06
7800  22683.4  0.06
7820  22683.4  0.06
7840  22737.2  0.06
7860  22737.2  0.06
7880  22790.9  0.06
7900  22947.2  0.06
7920  22947.2  0.06
7940  23000.9  0.06
7960  23000.9  0.06
7980  23000.9  0.06
8000  23054.7  0.06
8020  23054.7  0.06
8040  23108.5  0.06
8060  23264.7  0.06
8080  23264.7  0.06
8100  23318.5  0.06
8120  23318.5  0.06
8140  23318.5  0.06
8160  23372.2  0.06
8180  23372.2  0.06
8200  23426  0.06
8220  23582.3  0.06
8240  23582.3  0.06
8260  23636  0.06
8280  23636  0.06
8300  23636  0.06
8320  23689.8  0.06
8340  23689.8  0.06
8360  23743.5  0.06
8380  23899.8  0.06
8400  23899.8  0.06
8420  23953.6  0.06
8440  23953.6  0.06
8460  23953.6  0.06
8480  24007.3  0.06
8500  24007.3  0.06
8520  24163.6  0.06
8540  24217.4  0.06
8560  24217.4  0.06
8580  24271.1  0.06
8600  24271.1  0.06
8620  24271.1  0.06
8640  24324.9  0.06
8660  24324.9  0.06
8680  24481.1  0.06
8700  24534.9  0.06
8720  24534.9  0.06
8740  24588.7  0.06
8760  24588.7  0.06
8780  24588.7  0.06
8800  24642.4  0.06
8820  24642.4  0.06
8840  24798.7  0.06
8860  24852.4  0.06
8880  24852.4  0.06
8900  24906.2  0.06
8920  24906.2  0.06
8940  24906.2  0.06
8960  24960  0.06
8980  24960  0.06
9000  25116.2  0.06
9020  25170  0.06
9040  25170  0.06
9060  25223.7  0.06
9080  25223.7  0.06
9100  25223.7  0.06
9120  25277.5  0.06
9140  25277.5  0.06
9160  25433.8  0.06
9180  25487.5  0.06
9200  25487.5  0.06
9220  25541.3  0.06
9240  25541.3  0.06
9260  25541.3  0.06
9280  25595  0.06
9300  25751.3  0.06
9320  25751.3  0.06
9340  25805.1  0.06
9360  25805.1  0.06
9380  25805.1  0.06
9400  25858.8  0.06
9420  25858.8  0.06
9440  25912.6  0.06
9460  26068.9  0.06
9480  26068.9  0.06
9500  26122.6  0.06
9520  26122.6  0.06
9540  26122.6  0.06
9560  26176.4  0.06
9580  26176.4  0.06
9600  26230.1  0.06
9620  26386.4  0.06
9640  26386.4  0.06
9660  26440.2  0.06
9680  26440.2  0.06
9700  26440.2  0.06
9720  26493.9  0.06
9740  26493.9  0.06
9760  26547.7  0.06
9780  26703.9  0.06
9800  26703.9  0.06
9820  26757.7  0.06
9840  26757.7  0.06
9860  26757.7  0.06
9880  26811.5  0.06
9900  26811.5  0.06
9920  26865.2  0.06
9940  27021.5  0.06
9960  27021.5  0.06
9980  27075.2  0.06
10000  27075.2  0.06
10020  27075.2  0.06
10040  27129  0.06
10060  27129  0.06
10080  27339  0.06
10100  27339  0.06
10120  27339  0.06
10140  27392.8  0.06
10160  27392.8  0.06
10180  27392.8  0.06
10200  27446.5  0.06
10220  27446.5  0.06
10240  27602.8  0.06
10260  27656.6  0.06
10280  27656.6  0.06
10300  27710.3  0.06
10320  27710.3  0.06
10340  27710.3  0.06
10360  27764.1  0.06
10380  27764.1  0.06
10400  27920.4  0.06
10420  27974.1  0.06
10440  27974.1  0.06
10460  28027.9  0.06
10480  28027.9  0.06
10500  28027.9  0.06
10520  28081.6  0.06
10540  28081.6  0.06
10560  28237.9  0.06
10580  28291.7  0.06
10600  28291.7  0.06
10620  28345.4  0.06
10640  28345.4  0.06
10660  28345.4  0.06
10680  28399.2  0.06
10700  28399.2  0.06
10720  28555.4  0.06
10740  28609.2  0.06
10760  28609.2  0.06
10780  28663  0.06
10800  28663  0.06
10820  28663  0.06
10840  28716.7  0.06
10860  28716.7  0.06
10880  28873  0.06
10900  28926.7  0.06
10920  28926.7  0.06
10940  28980.5  0.06
10960  28980.5  0.06
10980  28980.5  0.06
11000  29034.3  0.06
11020  29190.5  0.06
11040  29190.5  0.06
11060  29244.3  0.06
11080  29244.3  0.06
11100  29244.3  0.06
11120  29298  0.06
11140  29298  0.06
11160  29351.8  0.06
11180  29508.1  0.06
11200  29508.1  0.06
11220  29561.8  0.06
11240  29561.8  0.06
11260  29561.8  0.06
11280  29615.6  0.06
11300  29615.6  0.06
11320  29669.4  0.06
11340  29825.6  0.06
11360  29825.6  0.06
11380  29879.4  0.06
11400  29879.4  0.06
11420  29879.4  0.06
11440  29933.1  0.06
11460  29933.1  0.06
11480  29986.9  0.06
11500  30143.2  0.06
11520  30143.2  0.06
11540  30196.9  0.06
11560  30196.9  0.06
11580  30196.9  0.06
11600  30250.7  0.06
11620  30250.7  0.06
11640  30304.4  0.06
11660  30460.7  0.06
11680  30460.7  0.06
11700  30514.5  0.06
11720  30514.5  0.06
11740  30514.5  0.06
11760  30568.2  0.06
11780  30568.2  0.06
11800  30778.3  0.06
11820  30778.3  0.06
11840  30778.3  0.06
11860  30832  0.06
11880  30832  0.06
11900  30832  0.06
11920  30885.8  0.06
11940  30885.8  0.06
11960  31042  0.06
11980  31095.8  0.06
12000  31095.8  0.06
12020  31149.6  0.06
12040  31149.6  0.06
12060  31149.6  0.06
12080  31203.3  0.06
12100  31203.3  0.06
12120  31359.6  0.06
12140  31413.3  0.06
12160  31413.3  0.06
12180  31467.1  0.06
12200  31467.1  0.06
12220  31467.1  0.06
12240  31520.9  0.06
12260  31520.9  0.06
12280  31677.1  0.06
12300  31730.9  0.06
12320  31730.9  0.06
12340  31784.6  0.06
12360  31784.6  0.06
12380  31784.6  0.06
12400  31838.4  0.06
12420  31838.4  0.06
12440  31994.7  0.06
12460  32048.4  0.06
12480  32048.4  0.06
12500  32102.2  0.06
12520  32102.2  0.06
12540  32102.2  0.06
12560  32155.9  0.06
12580  32312.2  0.06
12600  32312.2  0.06
12620  32366  0.06
12640  32366  0.06
12660  32419.7  0.06
12680  32419.7  0.06
12700  32419.7  0.06
12720  32473.5  0.06
12740  32629.8  0.06
12760  32629.8  0.06
12780  32683.5  0.06
12800  32683.5  0.06
12820  32683.5  0.06
12840  32737.3  0.06
12860  32737.3  0.06
12880  32791  0.06
12900  32947.3  0.06
12920  32947.3  0.06
12940  33001.1  0.06
12960  33001.1  0.06
12980  33001.1  0.06
13000  33054.8  0.06
13020  33054.8  0.06
13040  33108.6  0.06
13060  33264.8  0.06
13080  33264.8  0.06
13100  33318.6  0.06
13120  33318.6  0.06
13140  33318.6  0.06
13160  33372.4  0.06
13180  33372.4  0.06
13200  33426.1  0.06
13220  33582.4  0.06
13240  33582.4  0.06
13260  33636.1  0.06
13280  33636.1  0.06
13300  33636.1  0.06
13320  33689.9  0.06
13340  33689.9  0.06
13360  33743.7  0.06
13380  33899.9  0.06
13400  33899.9  0.06
13420  33953.7  0.06
13440  33953.7  0.06
13460  33953.7  0.06
13480  34007.4  0.06
13500  34007.4  0.06
13520  34217.5  0.06
13540  34217.5  0.06
13560  34217.5  0.06
13580  34271.2  0.06
13600  34271.2  0.06
13620  34271.2  0.06
13640  34325  0.06
13660  34325  0.06
13680  34481.3  0.06
13700  34535  0.06
13720  34535  0.06
13740  34588.8  0.06
13760  34588.8  0.06
13780  34588.8  0.06
13800  34642.5  0.06
13820  34642.5  0.06
13840  34798.8  0.06
13860  34852.6  0.06
13880  34852.6  0.06
13900  34906.3  0.06
13920  34906.3  0.06
13940  34906.3  0.06
13960  34960.1  0.06
13980  34960.1  0.06
14000  35116.3  0.06
14020  35170.1  0.06
14040  35170.1  0.06
14060  35223.9  0.06
14080  35223.9  0.06
14100  35223.9  0.06
14120  35277.6  0.06
14140  35277.6  0.06
14160  35433.9  0.06
14180  35487.6  0.06
14200  35487.6  0.06
14220  35541.4  0.06
14240  35541.4  0.06
14260  35541.4  0.06
14280  35595.2  0.06
14300  35751.4  0.06
14320  35751.4  0.06
14340  35805.2  0.06
14360  35805.2  0.06
14380  35805.2  0.06
14400  35858.9  0.06
14420  35858.9  0.06
14440  35912.7  0.06
14460  36069  0.06
14480  36069  0.06
14500  36122.7  0.06
14520  36122.7  0.06
14540  36122.7  0.06
14560  36176.5  0.06
14580  36176.5  0.06
14600  36230.2  0.06
14620  36386.5  0.06
14640  36386.5  0.06
14660  36440.3  0.06
14680  36440.3  0.06
14700  36440.3  0.06
14720  36494  0.06
14740  36494  0.06
14760  36547.8  0.06
14780  36704.1  0.06
14800  36704.1  0.06
14820  36757.8  0.06
14840  36757.8  0.06
14860  36757.8  0.06
14880  36811.6  0.06
14900  36811.6  0.06
14920  36865.3  0.06
14940  37021.6  0.06
14960  37021.6  0.06
14980  37075.4  0.06
