100  4413.87  1
120  5243.82  0.94
140  6670.63  1
160  8009.28  1
180  9673.2  1
200  10472.9  1
220  10725.8  0.96
240  12246.8  1
260  13034  1
280  13887.2  1
300  13790  0.94
320  15633.1  0.98
340  16167.9  0.96
360  17703.4  1
380  15423.2  0.84
400  17632.1  0.9
420  19704.2  0.96
440  16725.7  0.78
460  18004.3  0.82
480  18855.6  0.8
500  20278.6  0.84
520  21761.4  0.84
540  22792.1  0.84
560  23454.9  0.84
580  19924.6  0.7
600  19876.5  0.66
620  20064.3  0.66
640  21790.2  0.7
660  25639.1  0.78
680  22304.3  0.68
700  25749.4  0.76
720  23716.9  0.68
740  24226.9  0.68
760  28781.2  0.78
780  25065.8  0.66
800  26347.6  0.66
820  23174.6  0.58
840  20687.4  0.5
860  28512.5  0.68
880  28699.2  0.66
900  26306.3  0.6
920  24169.9  0.54
940  25586.1  0.56
960  28537.4  0.6
980  37471.3  0.78
1000  27081.6  0.56
1020  31499.8  0.64
1040  25495  0.5
1060  23587.7  0.46
1080  22071.7  0.42
1100  25417.5  0.48
1120  25324.4  0.46
1140  24758.3  0.46
1160  33118.2  0.58
1180  29002.2  0.5
1200  25700.8  0.44
1220  27001.9  0.44
1240  23281.5  0.38
1260  33671.4  0.54
1280  32246.2  0.52
1300  20819.8  0.32
1320  20337.3  0.32
1340  27494.8  0.42
1360  29505.1  0.46
1380  33238.3  0.5
1400  30599.6  0.44
1420  29797.8  0.42
1440  37701.9  0.54
1460  41734.6  0.58
1480  26853  0.38
1500  33369.1  0.46
1520  31804.2  0.42
1540  15228.3  0.2
1560  29527.9  0.4
1580  45485.4  0.58
1600  34276.7  0.44
1620  37745.3  0.48
1640  40157.4  0.5
1660  39632.2  0.48
1680  38602.5  0.46
1700  34069.1  0.42
1720  39802.9  0.48
1740  35015.7  0.4
1760  38409.8  0.44
1780  25833.6  0.3
1800  29015.6  0.34
1820  34100.9  0.38
1840  31005.2  0.34
1860  28201.7  0.32
1880  41585.2  0.46
1900  43465.3  0.46
1920  32431.9  0.34
1940  30953.4  0.34
1960  40180.6  0.42
1980  39464.5  0.42
2000  43250.8  0.44
2020  39369.2  0.4
2040  21660  0.22
2060  33152.5  0.34
2080  44863.4  0.44
2100  22513.9  0.22
2120  32585.5  0.32
2140  37804.1  0.36
2160  29187  0.28
2180  31985.7  0.3
2200  43958.4  0.42
2220  43563.2  0.4
2240  36527.1  0.34
2260  25647.1  0.24
2280  35783.4  0.32
2300  31042.1  0.28
2320  25565.9  0.22
2340  43803.8  0.38
2360  24501.9  0.22
2380  33751.6  0.3
2400  36986.3  0.32
2420  35878.8  0.3
2440  37557.3  0.32
2460  21314.7  0.18
2480  28348.9  0.24
2500  52017.7  0.42
2520  47112.3  0.38
2540  32217.6  0.26
2560  41510.8  0.34
2580  36960.5  0.3
2600  42182.9  0.34
2620  39179.9  0.32
2640  45919.5  0.36
2660  38038.7  0.3
2680  36232.6  0.28
2700  43019.4  0.32
2720  30722.3  0.24
2740  48362.7  0.36
2760  53425.4  0.4
2780  39277.6  0.3
2800  38120  0.28
2820  32424  0.24
2840  46282.9  0.34
2860  48045.3  0.34
2880  38385.1  0.28
2900  30200.3  0.22
2920  37645  0.26
2940  31008.6  0.22
2960  37510.1  0.26
2980  44053.1  0.3
3000  34436.2  0.24
3020  50254.2  0.34
3040  72891.1  0.5
3060  30956.4  0.22
3080  33117.8  0.22
3100  49034.1  0.32
3120  48930.5  0.32
3140  27935  0.18
3160  47352.1  0.32
3180  51244.8  0.34
3200  45818  0.3
3220  70733.8  0.46
3240  33162  0.22
3260  26972.5  0.18
3280  60188.6  0.38
3300  40618  0.26
3320  64281.4  0.4
3340  50850.9  0.32
3360  29062  0.18
3380  50738.1  0.32
3400  40140.9  0.24
3420  30087.7  0.18
3440  45856.9  0.28
3460  60683.7  0.36
3480  53239  0.32
3500  63578.4  0.38
3520  49495.7  0.3
3540  41528.7  0.24
3560  55710.4  0.32
3580  45035.9  0.26
3600  43854.3  0.26
3620  35323.8  0.2
3640  35657.1  0.2
3660  38347.7  0.22
3680  32535.5  0.18
3700  35138  0.2
3720  18883.5  0.12
3740  36577.5  0.2
3760  21383.1  0.12
3780  34937.3  0.2
3800  25808.7  0.14
3820  44440.9  0.24
3840  36800.5  0.2
3860  38485.1  0.22
3880  48155.1  0.26
3900  38235  0.2
3920  43951.8  0.24
3940  44875.4  0.24
3960  59539.3  0.3
3980  27245.2  0.14
4000  33853.3  0.18
4020  53463.3  0.28
4040  29041.3  0.16
4060  27852.3  0.14
4080  36192.3  0.18
4100  23903.9  0.12
4120  49372.4  0.24
4140  47640  0.24
4160  88505.3  0.44
4180  70213.6  0.34
4200  49303.2  0.24
4220  31973.8  0.16
4240  33118.1  0.16
4260  52648.7  0.26
4280  65844.1  0.32
4300  39806.6  0.2
4320  52338.5  0.26
4340  34047.7  0.16
4360  25296.2  0.12
4380  25690.1  0.12
4400  44793.4  0.22
4420  39036.4  0.18
4440  37780.5  0.18
4460  42605  0.2
4480  32755  0.16
4500  60326.1  0.28
4520  24854.9  0.12
4540  68416.1  0.32
4560  60669.2  0.28
4580  66005.1  0.3
4600  43124.4  0.2
4620  47828  0.22
4640  57291  0.26
4660  49315.4  0.22
4680  63003.8  0.28
4700  40931.5  0.18
4720  59867  0.26
4740  53906.1  0.24
4760  101274  0.44
4780  22842.4  0.1
4800  51150.2  0.22
4820  62575.5  0.28
4840  60587.5  0.26
4860  18396.5  0.08
4880  23184.3  0.1
4900  44651.3  0.2
4920  53989.9  0.22
4940  41203.2  0.18
4960  36595.6  0.16
4980  23497.1  0.1
5000  49431  0.2
5020  40094.2  0.18
5040  46876.2  0.2
5060  72952.4  0.3
5080  81209.5  0.34
5100  58835.3  0.24
5120  35611.8  0.14
5140  33538.3  0.14
5160  28923.1  0.12
5180  43245  0.18
5200  25195.5  0.1
5220  25727.3  0.1
5240  56306.4  0.22
5260  101863  0.4
5280  77902.3  0.3
5300  67989.2  0.26
5320  47051  0.18
5340  54522.3  0.22
5360  49433.4  0.2
5380  64517.5  0.24
5400  40025.3  0.16
5420  52617.6  0.2
5440  21421.8  0.08
5460  67677.7  0.26
5480  52877.1  0.2
5500  49014.6  0.18
5520  27258.1  0.1
5540  20034.1  0.08
5560  48137.7  0.18
5580  57452.8  0.22
5600  82155.1  0.3
5620  48870.1  0.18
5640  54235  0.2
5660  83980  0.3
5680  48318.8  0.18
5700  26883.6  0.1
5720  70046.5  0.26
5740  33579.1  0.12
5760  36599.1  0.14
5780  75597.1  0.28
5800  72333.7  0.26
5820  88290.1  0.32
5840  20778.2  0.08
5860  52939.7  0.2
5880  34170  0.12
5900  68565  0.24
5920  25811.2  0.1
5940  21201.3  0.08
5960  92602.3  0.32
5980  51018.9  0.18
6000  75519.3  0.26
6020  44395.8  0.16
6040  39045.5  0.14
6060  70647.9  0.24
6080  33669.5  0.12
6100  33776.5  0.12
6120  56035.7  0.2
6140  93066.1  0.32
6160  74606.1  0.26
6180  21805.8  0.08
6200  28024.3  0.1
6220  23363.4  0.08
6240  51625  0.18
6260  83346.3  0.28
6280  33843.2  0.12
6300  49523.2  0.16
6320  53802.6  0.18
6340  29690  0.1
6360  83384.7  0.28
6380  74025.6  0.24
6400  34527.6  0.12
6420  66519.8  0.22
6440  43117.6  0.14
6460  55256.7  0.18
6480  35715.9  0.12
6500  68732.8  0.22
6520  34705.3  0.12
6540  46429.3  0.16
6560  24080.4  0.08
6580  64963.2  0.2
6600  52762.1  0.18
6620  79986  0.26
6640  50691  0.16
6660  78277.7  0.24
6680  63048.5  0.2
6700  81492.5  0.26
6720  68254.2  0.22
6740  57553.4  0.18
6760  67962.7  0.22
6780  24741.4  0.08
6800  65717.7  0.2
6820  47811.9  0.16
6840  50505.9  0.16
6860  57557  0.18
6880  76470.1  0.24
6900  66153.1  0.2
6920  81890.8  0.24
6940  43501.9  0.14
6960  53407.3  0.16
6980  68647.1  0.2
7000  49924.4  0.16
7020  73789.9  0.22
7040  40046.8  0.12
7060  86508.3  0.26
7080  48446  0.14
7100  72704.6  0.22
7120  24166.9  0.08
7140  60562.2  0.18
7160  66617.1  0.2
7180  35971.5  0.1
7200  49624.2  0.14
7220  47975.3  0.14
7240  45730.8  0.14
7260  61932.5  0.18
7280  63366.5  0.18
7300  95570.8  0.28
7320  75679.6  0.22
7340  102904  0.3
7360  57581.8  0.16
7380  37796.8  0.12
7400  61541  0.18
7420  81942.6  0.24
7440  53296.8  0.16
7460  72916.3  0.2
7480  93336.2  0.26
7500  63109  0.18
7520  94999.2  0.26
7540  29522.3  0.08
7560  78732.2  0.22
7580  48652.8  0.14
7600  61280.2  0.18
7620  34276.5  0.1
7640  64389  0.18
7660  67466.4  0.18
7680  90680.1  0.24
7700  64382.4  0.18
7720  83812.7  0.22
7740  99146.1  0.26
7760  66049.5  0.18
7780  57191.2  0.16
7800  42852.9  0.12
7820  31266.4  0.08
7840  56009.9  0.16
7860  63280.5  0.18
7880  31264.8  0.08
7900  51000.6  0.14
7920  62875.2  0.16
7940  73514.7  0.2
7960  49942.8  0.14
7980  55506.1  0.14
8000  75931.9  0.2
8020  59543.2  0.16
8040  53063.7  0.14
8060  50801  0.14
8080  66438.8  0.18
8100  60487.7  0.16
8120  56332.1  0.14
8140  53852  0.14
8160  30702.7  0.08
8180  75009.8  0.2
8200  52946.4  0.14
8220  117216  0.3
8240  56792.2  0.14
8260  56086.4  0.14
8280  77429.9  0.2
8300  77175.7  0.2
8320  68198.2  0.18
8340  32268.7  0.08
8360  92867.9  0.24
8380  48540.9  0.12
8400  60319.8  0.16
8420  68705.1  0.18
8440  70705.5  0.18
8460  70552.4  0.18
8480  54722.6  0.14
8500  32571  0.08
8520  45175.7  0.12
8540  47089.5  0.12
8560  77171.7  0.2
8580  62467.4  0.16
8600  38311  0.1
8620  52314  0.14
8640  46143.6  0.12
8660  67953  0.16
8680  58750.9  0.14
8700  33996.2  0.08
8720  61855.9  0.16
8740  62703.6  0.16
8760  33166.9  0.08
8780  44483.6  0.12
8800  66846.9  0.16
8820  60612.2  0.14
8840  41090.1  0.1
8860  69396.2  0.16
8880  47552.7  0.12
8900  42247.9  0.1
8920  46120.5  0.12
8940  57388.8  0.14
8960  71642.3  0.18
8980  66531.5  0.16
9000  53366.3  0.12
9020  76003.5  0.18
9040  126711  0.3
9060  83216.3  0.2
9080  86698.3  0.2
9100  86484.7  0.2
9120  94144.2  0.22
9140  58296.6  0.14
9160  66093.4  0.16
9180  74320.2  0.18
9200  65494  0.16
9220  45115.9  0.1
9240  60454.1  0.14
9260  30120.3  0.08
9280  86807.3  0.2
9300  77378.4  0.18
9320  109326  0.24
9340  57544.3  0.14
9360  82301.8  0.18
9380  33439.2  0.08
9400  78482.7  0.18
9420  44963.4  0.1
9440  51107.6  0.12
9460  41411.8  0.1
9480  35420.3  0.08
9500  45900.8  0.1
9520  70158  0.16
9540  103743  0.22
9560  55656  0.12
9580  53446.1  0.12
9600  73809.3  0.16
9620  45285.4  0.1
9640  34909.1  0.08
9660  116475  0.26
9680  116760  0.26
9700  73822.5  0.16
9720  34037.9  0.08
9740  93568.4  0.2
9760  54238  0.12
9780  73742.8  0.16
9800  34405  0.08
9820  71366  0.16
9840  70817.1  0.16
9860  80353.9  0.18
9880  59491  0.14
9900  54645.7  0.12
9920  85328.7  0.18
9940  90875  0.2
9960  64388.4  0.14
9980  97358.4  0.2
10000  34628  0.08
10020  81969.4  0.18
10040  55746  0.12
10060  61962.2  0.14
10080  50794.2  0.12
10100  53359.2  0.12
10120  45957.4  0.1
10140  47797.1  0.1
10160  92185.6  0.2
10180  47828  0.1
10200  55978.1  0.12
10220  62051.2  0.14
10240  82912.3  0.18
10260  56524.9  0.12
10280  46491.3  0.1
10300  103745  0.22
10320  74152.6  0.16
10340  83804.1  0.18
10360  73916.2  0.16
10380  45890.4  0.1
10400  59388.7  0.12
10420  75135.3  0.16
10440  89858.7  0.18
10460  100603  0.2
10480  116852  0.24
10500  54125.6  0.12
10520  43621.6  0.1
10540  38299.3  0.08
10560  85959.5  0.18
10580  88373.8  0.18
10600  37699.7  0.08
10620  59738.5  0.12
10640  119150  0.24
10660  97585.8  0.2
10680  78712  0.16
10700  55461.9  0.12
10720  89165.4  0.18
10740  36911.2  0.08
10760  66263.8  0.14
10780  76416.6  0.16
10800  78293.1  0.16
10820  114712  0.22
10840  55237.6  0.12
10860  36662.7  0.08
10880  77605.7  0.16
10900  87435.9  0.18
10920  88574.5  0.18
10940  61571.6  0.12
10960  89168.6  0.18
10980  78006.7  0.16
11000  83922.6  0.16
11020  49178.7  0.1
11040  99553  0.2
11060  34590.2  0.08
11080  81713.2  0.16
11100  88984.2  0.18
11120  79766.3  0.16
11140  60970.3  0.12
11160  48690.1  0.1
11180  80070.7  0.16
11200  80009.3  0.16
11220  44466.1  0.08
11240  117709  0.22
11260  80967.4  0.16
11280  69590.3  0.14
11300  85754.6  0.16
11320  115060  0.22
11340  94875.1  0.18
11360  47630.3  0.1
11380  81932.6  0.16
11400  81633  0.16
11420  77455.7  0.14
11440  86974.2  0.16
11460  58673.1  0.12
11480  70476.1  0.14
11500  49835.8  0.1
11520  49316.4  0.1
11540  114350  0.2
11560  74369.2  0.14
11580  86822.9  0.16
11600  84473.2  0.16
11620  84474.6  0.16
11640  48447.3  0.1
11660  83543.2  0.16
11680  67603  0.12
11700  60751.5  0.12
11720  38927.4  0.08
11740  107415  0.2
11760  49002.3  0.1
11780  60939.8  0.12
11800  84190.9  0.16
11820  59706.9  0.12
11840  50880.8  0.1
11860  50347.4  0.1
11880  49318.6  0.1
11900  51148.1  0.1
11920  62248.8  0.12
11940  119651  0.2
11960  51240  0.1
11980  97359.9  0.18
12000  54710.6  0.1
12020  73567.2  0.14
12040  62000  0.12
12060  76126.6  0.14
12080  154140  0.26
12100  106418  0.18
12120  74230.6  0.14
12140  50442.2  0.1
12160  63322.8  0.12
12180  75614.9  0.14
12200  74161.5  0.14
12220  52621  0.1
12240  67729.9  0.12
12260  49449.1  0.1
12280  53583.2  0.1
12300  50921.7  0.1
12320  113310  0.2
12340  86188  0.14
12360  86102.5  0.14
12380  63329.5  0.12
12400  63723.6  0.12
12420  42242.7  0.08
12440  75913.4  0.14
12460  78991.7  0.14
12480  87950  0.16
12500  82144.4  0.14
12520  77154.9  0.14
12540  50276.8  0.1
12560  40557.1  0.08
12580  163347  0.28
12600  116306  0.2
12620  54068.4  0.1
12640  126531  0.22
12660  77363.3  0.14
12680  74445  0.12
12700  53275.7  0.1
12720  115052  0.2
12740  91168.6  0.16
12760  86401.2  0.14
12780  70323  0.12
12800  39725.1  0.08
12820  54974  0.1
12840  90952  0.16
12860  53877.8  0.1
12880  53846.5  0.1
12900  55378.6  0.1
12920  61026.2  0.1
12940  41498.4  0.08
12960  131376  0.22
12980  49271.8  0.08
13000  66228.9  0.12
13020  106233  0.18
13040  72211  0.12
13060  118658  0.2
13080  131001  0.22
13100  106178  0.18
13120  81103.8  0.14
13140  79207.8  0.14
13160  48943.5  0.08
13180  41280.4  0.08
13200  55463.5  0.1
13220  44138.7  0.08
13240  81180.6  0.14
13260  45483.4  0.08
13280  42967.1  0.08
13300  54567.5  0.1
13320  67746.1  0.12
13340  71044.7  0.12
13360  55092.9  0.1
13380  133763  0.22
13400  81187.2  0.14
13420  42277  0.08
13440  69060.1  0.12
13460  41745.6  0.08
13480  56015.2  0.1
13500  56731.7  0.1
13520  63087.1  0.1
13540  122873  0.2
13560  82809.7  0.14
13580  82283.2  0.14
13600  70480.8  0.12
13620  122991  0.2
13640  97051.7  0.16
13660  55714.1  0.1
13680  55715.3  0.1
13700  69870.5  0.12
13720  123490  0.2
13740  113697  0.18
13760  97963.8  0.16
13780  125164  0.2
13800  69626.9  0.12
13820  53239.2  0.08
13840  107226  0.16
13860  83709.4  0.14
13880  64869.1  0.1
13900  42541.7  0.08
13920  42554  0.08
13940  57634  0.1
13960  56980.9  0.1
13980  70553.4  0.12
14000  72178.8  0.12
14020  60627.7  0.1
14040  130021  0.2
14060  79112.5  0.12
14080  100150  0.16
14100  71730.5  0.12
14120  43703.8  0.08
14140  85518  0.14
14160  43202  0.08
14180  129272  0.2
14200  72029.2  0.12
14220  43198.1  0.08
14240  89851.1  0.14
14260  71929.3  0.12
14280  86541.7  0.14
14300  76381.4  0.12
14320  57799.7  0.1
14340  58015.8  0.1
14360  68255.7  0.1
14380  66645.9  0.1
14400  96072.2  0.14
14420  72750  0.12
14440  78174.8  0.12
14460  91403.5  0.14
14480  72828.9  0.12
14500  60234.8  0.1
14520  87936.4  0.14
14540  74172.4  0.12
14560  103216  0.16
14580  48186.2  0.08
14600  87765.1  0.14
14620  127712  0.18
14640  73136.4  0.12
14660  117298  0.18
14680  59414  0.1
14700  74937.5  0.12
14720  88440.1  0.14
14740  86112  0.12
14760  75925.4  0.12
14780  59532  0.1
14800  143468  0.2
14820  75256.4  0.12
14840  71401  0.1
14860  103832  0.16
14880  59494.6  0.1
14900  92229.3  0.14
14920  89436.6  0.14
14940  180777  0.26
14960  83629.9  0.12
14980  75122.3  0.12
