100  4464.82  1
120  5641.62  1
140  6566.42  1
160  8340.42  1
180  9355.87  0.96
200  9844.15  0.94
220  11212.7  0.98
240  11987.1  0.96
260  12344.3  0.94
280  12308.9  0.88
300  13541.8  0.9
320  15042.7  0.94
340  16553.1  0.96
360  16070.4  0.9
380  15823.2  0.84
400  17097.4  0.88
420  17194.2  0.86
440  17566  0.82
460  18069.5  0.8
480  18665.2  0.78
500  21907.1  0.88
520  21560.4  0.82
540  23426.9  0.86
560  19205  0.68
580  22279.2  0.76
600  19929.3  0.66
620  20355.1  0.66
640  20908.1  0.66
660  20640.6  0.64
680  25796.8  0.78
700  25382  0.74
720  21741.1  0.62
740  24532.2  0.68
760  28109.3  0.76
780  25868.4  0.68
800  26064.2  0.66
820  20726.6  0.52
840  22376.7  0.54
860  27997.9  0.66
880  26146.5  0.6
900  20996.1  0.48
920  23475  0.52
940  28506.9  0.62
960  30085.7  0.64
980  25477.9  0.54
1000  30926.5  0.64
1020  27372.8  0.56
1040  33405.3  0.66
1060  30709.4  0.6
1080  32395.7  0.62
1100  27386.6  0.5
1120  22982.6  0.42
1140  26736.5  0.48
1160  24457  0.42
1180  23766.7  0.42
1200  29032.6  0.5
1220  25815.8  0.42
1240  28808.1  0.48
1260  34128.9  0.54
1280  25136.9  0.4
1300  24479.8  0.38
1320  21338.1  0.34
1340  28410.3  0.44
1360  32245.9  0.48
1380  32934.6  0.48
1400  26600.3  0.4
1420  30952.9  0.44
1440  27673.3  0.4
1460  17869.5  0.26
1480  22537.5  0.32
1500  31502.3  0.42
1520  25646.4  0.34
1540  27022.7  0.36
1560  34693.6  0.46
1580  33490.9  0.44
1600  34008.6  0.44
1620  25043.2  0.32
1640  34870  0.44
1660  23381.2  0.3
1680  22180.8  0.28
1700  26562.8  0.32
1720  26351.3  0.32
1740  22505.7  0.26
1760  23946  0.28
1780  32677.7  0.38
1800  36244.5  0.42
1820  29609.1  0.34
1840  32350  0.36
1860  36414.2  0.4
1880  35701.1  0.38
1900  35831.3  0.38
1920  31324.9  0.34
1940  32554.8  0.34
1960  25345  0.26
1980  29999.4  0.32
2000  23438.6  0.24
2020  32771  0.34
2040  40770.5  0.42
2060  40428.9  0.4
2080  44614.7  0.44
2100  32430.3  0.32
2120  26786.2  0.26
2140  30255.2  0.3
2160  24683.6  0.24
2180  45988.6  0.44
2200  46185.5  0.44
2220  33525.7  0.32
2240  47763.4  0.44
2260  17629.7  0.16
2280  26369.1  0.24
2300  39879.9  0.36
2320  33277.6  0.3
2340  39733.6  0.36
2360  34905.3  0.3
2380  49551.4  0.42
2400  31624.5  0.28
2420  43920.9  0.38
2440  36150.5  0.3
2460  18832.7  0.16
2480  22716.7  0.2
2500  34961.6  0.3
2520  42204.1  0.34
2540  22943.6  0.2
2560  26930.3  0.22
2580  31614.9  0.26
2600  17821.4  0.14
2620  9218.37  0.08
2640  30348.4  0.24
2660  32239.1  0.26
2680  29039.3  0.22
2700  35248.2  0.28
2720  26893.4  0.2
2740  29765.5  0.22
2760  33859.9  0.26
2780  39024.7  0.3
2800  20669.7  0.16
2820  42777.9  0.32
2840  10876.9  0.08
2860  31684.8  0.24
2880  40066.9  0.28
2900  30272.5  0.22
2920  42002.3  0.3
2940  35779.4  0.26
2960  24367.9  0.18
2980  14722.3  0.1
3000  14963.6  0.12
3020  11093.4  0.08
3040  39943.5  0.28
3060  22636.6  0.16
3080  28747.5  0.2
3100  27226.3  0.18
3120  26038.7  0.18
3140  12098.9  0.08
3160  18649.5  0.12
3180  32715.8  0.22
3200  52412.6  0.34
3220  41551.2  0.26
3240  22437  0.14
3260  37109.1  0.24
3280  30911.1  0.2
3300  30363.6  0.2
3320  47696.9  0.3
3340  28844.6  0.18
3360  24831.8  0.16
3380  15111.1  0.1
3400  23087.7  0.14
3420  19563  0.12
3440  29974.7  0.18
3460  23303.5  0.14
3480  17273  0.1
3500  21317.2  0.14
3520  8995.83  0.06
3540  24593.9  0.14
3560  20640.2  0.12
3580  38532  0.22
3600  25340.1  0.14
3620  23923  0.14
3640  16614.3  0.1
3660  16580.7  0.1
3680  37118.5  0.22
3700  27147.1  0.16
3720  26554  0.16
3740  15967.7  0.1
3760  14274.7  0.08
3780  33455.5  0.18
3800  28824.7  0.16
3820  10912.6  0.06
3840  9096.29  0.06
3860  31933  0.18
3880  17369.5  0.1
3900  27558.8  0.16
3920  11418  0.06
3940  6245.74  0.04
3960  29846.9  0.16
3980  34029.9  0.18
4000  35348.8  0.18
4020  13521.5  0.08
4040  17752.3  0.1
4060  18837  0.1
4080  49851.9  0.26
4100  35863.2  0.18
4120  41357.9  0.22
4140  10880.7  0.06
4160  28170.2  0.14
4180  43322.5  0.22
4200  38904.5  0.2
4220  32510.8  0.16
4240  55931.5  0.28
4260  25825.4  0.14
4280  10371.1  0.06
4300  5594.32  0.04
4320  35526.2  0.18
4340  23909.7  0.12
4360  42025.7  0.2
4380  7463.84  0.04
4400  27484.6  0.14
4420  44359.4  0.22
4440  26585.7  0.14
4460  31701.3  0.16
4480  24211.7  0.12
4500  10121  0.06
4520  32177.2  0.16
4540  16398.2  0.08
4560  38659.3  0.18
4580  32532.7  0.16
4600  37753.1  0.18
4620  40731.6  0.18
4640  15688  0.08
4660  33340  0.16
4680  22073.5  0.1
4700  38033.6  0.18
4720  10306.3  0.06
4740  20017.3  0.1
4760  22992.8  0.1
4780  46929.5  0.2
4800  15979.5  0.08
4820  41266.7  0.18
4840  35033.4  0.16
4860  15218.6  0.08
4880  20045  0.1
4900  12899.2  0.06
4920  31878.9  0.14
4940  36199.5  0.16
4960  21714.2  0.1
4980  9660.04  0.04
5000  25890.3  0.12
5020  20827.4  0.1
5040  26242.7  0.12
5060  16991.9  0.08
5080  20979.9  0.1
5100  32633.7  0.14
5120  18366.3  0.08
5140  11350.3  0.06
5160  28626.4  0.12
5180  17271.4  0.08
5200  21140.6  0.1
5220  21053.4  0.1
5240  31171.9  0.14
5260  11856.6  0.06
5280  21598.7  0.1
5300  6467.4  0.04
5320  11307.5  0.06
5340  17140  0.08
5360  27773.2  0.12
5380  11248.3  0.06
5400  20005.9  0.08
5420  17628.4  0.08
5440  22605.5  0.1
5460  17310.6  0.08
5480  22404.4  0.1
5500  27342.6  0.12
5520  25351.9  0.1
5540  11207.8  0.06
5560  12325  0.06
5580  5576.9  0.02
5600  5576.9  0.02
5620  5576.9  0.02
5640  5576.9  0.02
5660  5576.9  0.02
5680  5576.9  0.02
5700  5576.9  0.02
5720  5576.9  0.02
5740  5576.9  0.02
5760  5576.9  0.02
5780  5576.9  0.02
5800  5576.9  0.02
5820  5576.9  0.02
5840  5576.9  0.02
5860  5576.9  0.02
5880  5576.9  0.02
5900  5576.9  0.02
5920  5576.9  0.02
5940  5576.9  0.02
5960  5576.9  0.02
5980  5576.9  0.02
6000  5576.9  0.02
6020  5576.9  0.02
6040  5576.9  0.02
6060  5576.9  0.02
6080  5576.9  0.02
6100  5576.9  0.02
6120  5576.9  0.02
6140  5576.9  0.02
6160  5576.9  0.02
6180  5576.9  0.02
6200  5576.9  0.02
6220  5576.9  0.02
6240  5576.9  0.02
6260  5576.9  0.02
6280  5576.9  0.02
6300  5576.9  0.02
6320  5576.9  0.02
6340  5576.9  0.02
6360  5576.9  0.02
6380  5576.9  0.02
6400  5576.9  0.02
6420  5576.9  0.02
6440  5576.9  0.02
6460  5576.9  0.02
6480  5576.9  0.02
6500  5576.9  0.02
6520  5576.9  0.02
6540  5576.9  0.02
6560  5576.9  0.02
6580  5576.9  0.02
6600  5576.9  0.02
6620  5576.9  0.02
6640  5576.9  0.02
6660  5576.9  0.02
6680  5576.9  0.02
6700  5576.9  0.02
6720  5576.9  0.02
6740  5576.9  0.02
6760  5576.9  0.02
6780  5576.9  0.02
6800  5576.9  0.02
6820  5576.9  0.02
6840  5576.9  0.02
6860  5576.9  0.02
6880  5576.9  0.02
6900  5576.9  0.02
6920  5576.9  0.02
6940  5576.9  0.02
6960  5576.9  0.02
6980  5576.9  0.02
7000  5576.9  0.02
7020  5576.9  0.02
7040  5576.9  0.02
7060  5576.9  0.02
7080  5576.9  0.02
7100  5576.9  0.02
7120  5576.9  0.02
7140  5576.9  0.02
7160  5576.9  0.02
7180  5576.9  0.02
7200  5576.9  0.02
7220  5576.9  0.02
7240  5576.9  0.02
7260  5576.9  0.02
7280  5576.9  0.02
7300  5576.9  0.02
7320  5576.9  0.02
7340  5576.9  0.02
7360  5576.9  0.02
7380  5576.9  0.02
7400  5576.9  0.02
7420  5576.9  0.02
7440  5576.9  0.02
7460  5576.9  0.02
7480  5576.9  0.02
7500  5576.9  0.02
7520  5576.9  0.02
7540  5576.9  0.02
7560  5576.9  0.02
7580  5576.9  0.02
7600  5576.9  0.02
7620  5576.9  0.02
7640  5576.9  0.02
7660  5576.9  0.02
7680  5576.9  0.02
7700  5576.9  0.02
7720  5576.9  0.02
7740  5576.9  0.02
7760  5576.9  0.02
7780  5576.9  0.02
7800  5576.9  0.02
7820  5576.9  0.02
7840  5576.9  0.02
7860  5576.9  0.02
7880  5576.9  0.02
7900  5576.9  0.02
7920  5576.9  0.02
7940  5576.9  0.02
7960  5576.9  0.02
7980  5576.9  0.02
8000  5576.9  0.02
8020  5576.9  0.02
8040  5576.9  0.02
8060  5576.9  0.02
8080  5576.9  0.02
8100  5576.9  0.02
8120  5576.9  0.02
8140  5576.9  0.02
8160  5576.9  0.02
8180  5576.9  0.02
8200  5576.9  0.02
8220  5576.9  0.02
8240  5576.9  0.02
8260  5576.9  0.02
8280  5576.9  0.02
8300  5576.9  0.02
8320  5576.9  0.02
8340  5576.9  0.02
8360  5576.9  0.02
8380  5576.9  0.02
8400  5576.9  0.02
8420  5576.9  0.02
8440  5576.9  0.02
8460  5576.9  0.02
8480  5576.9  0.02
8500  5576.9  0.02
8520  5576.9  0.02
8540  5576.9  0.02
8560  5576.9  0.02
8580  5576.9  0.02
8600  5576.9  0.02
8620  5576.9  0.02
8640  5576.9  0.02
8660  5576.9  0.02
8680  5576.9  0.02
8700  5576.9  0.02
8720  5576.9  0.02
8740  5576.9  0.02
8760  5576.9  0.02
8780  5576.9  0.02
8800  5576.9  0.02
8820  5576.9  0.02
8840  5576.9  0.02
8860  5576.9  0.02
8880  5576.9  0.02
8900  5576.9  0.02
8920  5576.9  0.02
8940  5576.9  0.02
8960  5576.9  0.02
8980  5576.9  0.02
9000  5576.9  0.02
9020  5576.9  0.02
9040  5576.9  0.02
9060  5576.9  0.02
9080  5576.9  0.02
9100  5576.9  0.02
9120  5576.9  0.02
9140  5576.9  0.02
9160  5576.9  0.02
9180  5576.9  0.02
9200  5576.9  0.02
9220  5576.9  0.02
9240  5576.9  0.02
9260  5576.9  0.02
9280  5576.9  0.02
9300  5576.9  0.02
9320  5576.9  0.02
9340  5576.9  0.02
9360  5576.9  0.02
9380  5576.9  0.02
9400  5576.9  0.02
9420  5576.9  0.02
9440  5576.9  0.02
9460  5576.9  0.02
9480  5576.9  0.02
9500  5576.9  0.02
9520  5576.9  0.02
9540  5576.9  0.02
9560  5576.9  0.02
9580  5576.9  0.02
9600  5576.9  0.02
9620  5576.9  0.02
9640  5576.9  0.02
9660  5576.9  0.02
9680  5576.9  0.02
9700  5576.9  0.02
9720  5576.9  0.02
9740  5576.9  0.02
9760  5576.9  0.02
9780  5576.9  0.02
9800  5576.9  0.02
9820  5576.9  0.02
9840  5576.9  0.02
9860  5576.9  0.02
9880  5576.9  0.02
9900  5576.9  0.02
9920  5576.9  0.02
9940  5576.9  0.02
9960  5576.9  0.02
9980  5576.9  0.02
10000  5576.9  0.02
10020  5576.9  0.02
10040  5576.9  0.02
10060  5576.9  0.02
10080  5576.9  0.02
10100  5576.9  0.02
10120  5576.9  0.02
10140  5576.9  0.02
10160  5576.9  0.02
10180  5576.9  0.02
10200  5576.9  0.02
10220  5576.9  0.02
10240  5576.9  0.02
10260  5576.9  0.02
10280  5576.9  0.02
10300  5576.9  0.02
10320  5576.9  0.02
10340  5576.9  0.02
10360  5576.9  0.02
10380  5576.9  0.02
10400  5576.9  0.02
10420  5576.9  0.02
10440  5576.9  0.02
10460  5576.9  0.02
10480  5576.9  0.02
10500  5576.9  0.02
10520  5576.9  0.02
10540  5576.9  0.02
10560  5576.9  0.02
10580  5576.9  0.02
10600  5576.9  0.02
10620  5576.9  0.02
10640  5576.9  0.02
10660  5576.9  0.02
10680  5576.9  0.02
10700  5576.9  0.02
10720  5576.9  0.02
10740  5576.9  0.02
10760  5576.9  0.02
10780  5576.9  0.02
10800  5576.9  0.02
10820  5576.9  0.02
10840  5576.9  0.02
10860  5576.9  0.02
10880  5576.9  0.02
10900  5576.9  0.02
10920  5576.9  0.02
10940  5576.9  0.02
10960  5576.9  0.02
10980  5576.9  0.02
11000  5576.9  0.02
11020  5576.9  0.02
11040  5576.9  0.02
11060  5576.9  0.02
11080  5576.9  0.02
11100  5576.9  0.02
11120  5576.9  0.02
11140  5576.9  0.02
11160  5576.9  0.02
11180  5576.9  0.02
11200  5576.9  0.02
11220  5576.9  0.02
11240  5576.9  0.02
11260  5576.9  0.02
11280  5576.9  0.02
11300  5576.9  0.02
11320  5576.9  0.02
11340  5576.9  0.02
11360  5576.9  0.02
11380  5576.9  0.02
11400  5576.9  0.02
11420  5576.9  0.02
11440  5576.9  0.02
11460  5576.9  0.02
11480  5576.9  0.02
11500  5576.9  0.02
11520  5576.9  0.02
11540  5576.9  0.02
11560  5576.9  0.02
11580  5576.9  0.02
11600  5576.9  0.02
11620  5576.9  0.02
11640  5576.9  0.02
11660  5576.9  0.02
11680  5576.9  0.02
11700  5576.9  0.02
11720  5576.9  0.02
11740  5576.9  0.02
11760  5576.9  0.02
11780  5576.9  0.02
11800  5576.9  0.02
11820  5576.9  0.02
11840  5576.9  0.02
11860  5576.9  0.02
11880  5576.9  0.02
11900  5576.9  0.02
11920  5576.9  0.02
11940  5576.9  0.02
11960  5576.9  0.02
11980  5576.9  0.02
12000  5576.9  0.02
12020  5576.9  0.02
12040  5576.9  0.02
12060  5576.9  0.02
12080  5576.9  0.02
12100  5576.9  0.02
12120  5576.9  0.02
12140  5576.9  0.02
12160  5576.9  0.02
12180  5576.9  0.02
12200  5576.9  0.02
12220  5576.9  0.02
12240  5576.9  0.02
12260  5576.9  0.02
12280  5576.9  0.02
12300  5576.9  0.02
12320  5576.9  0.02
12340  5576.9  0.02
12360  5576.9  0.02
12380  5576.9  0.02
12400  5576.9  0.02
12420  5576.9  0.02
12440  5576.9  0.02
12460  5576.9  0.02
12480  5576.9  0.02
12500  5576.9  0.02
12520  5576.9  0.02
12540  5576.9  0.02
12560  5576.9  0.02
12580  5576.9  0.02
12600  5576.9  0.02
12620  5576.9  0.02
12640  5576.9  0.02
12660  5576.9  0.02
12680  5576.9  0.02
12700  5576.9  0.02
12720  5576.9  0.02
12740  5576.9  0.02
12760  5576.9  0.02
12780  5576.9  0.02
12800  5576.9  0.02
12820  5576.9  0.02
12840  5576.9  0.02
12860  5576.9  0.02
12880  5576.9  0.02
12900  5576.9  0.02
12920  5576.9  0.02
12940  5576.9  0.02
12960  5576.9  0.02
12980  5576.9  0.02
13000  5576.9  0.02
13020  5576.9  0.02
13040  5576.9  0.02
13060  5576.9  0.02
13080  5576.9  0.02
13100  5576.9  0.02
13120  5576.9  0.02
13140  5576.9  0.02
13160  5576.9  0.02
13180  5576.9  0.02
13200  5576.9  0.02
13220  5576.9  0.02
13240  5576.9  0.02
13260  5576.9  0.02
13280  5576.9  0.02
13300  5576.9  0.02
13320  5576.9  0.02
13340  5576.9  0.02
13360  5576.9  0.02
13380  5576.9  0.02
13400  5576.9  0.02
13420  5576.9  0.02
13440  5576.9  0.02
13460  5576.9  0.02
13480  5576.9  0.02
13500  5576.9  0.02
13520  5576.9  0.02
13540  5576.9  0.02
13560  5576.9  0.02
13580  5576.9  0.02
13600  5576.9  0.02
13620  5576.9  0.02
13640  5576.9  0.02
13660  5576.9  0.02
13680  5576.9  0.02
13700  5576.9  0.02
13720  5576.9  0.02
13740  5576.9  0.02
13760  5576.9  0.02
13780  5576.9  0.02
13800  5576.9  0.02
13820  5576.9  0.02
13840  5576.9  0.02
13860  5576.9  0.02
13880  5576.9  0.02
13900  5576.9  0.02
13920  5576.9  0.02
13940  5576.9  0.02
13960  5576.9  0.02
13980  5576.9  0.02
14000  5576.9  0.02
14020  5576.9  0.02
14040  5576.9  0.02
14060  5576.9  0.02
14080  5576.9  0.02
14100  5576.9  0.02
14120  5576.9  0.02
14140  5576.9  0.02
14160  5576.9  0.02
14180  5576.9  0.02
14200  5576.9  0.02
14220  5576.9  0.02
14240  5576.9  0.02
14260  5576.9  0.02
14280  5576.9  0.02
14300  5576.9  0.02
14320  5576.9  0.02
14340  5576.9  0.02
14360  5576.9  0.02
14380  5576.9  0.02
14400  5576.9  0.02
14420  5576.9  0.02
14440  5576.9  0.02
14460  5576.9  0.02
14480  5576.9  0.02
14500  5576.9  0.02
14520  5576.9  0.02
14540  5576.9  0.02
14560  5576.9  0.02
14580  5576.9  0.02
14600  5576.9  0.02
14620  5576.9  0.02
14640  5576.9  0.02
14660  5576.9  0.02
14680  5576.9  0.02
14700  5576.9  0.02
14720  5576.9  0.02
14740  5576.9  0.02
14760  5576.9  0.02
14780  5576.9  0.02
14800  5576.9  0.02
14820  5576.9  0.02
14840  5576.9  0.02
14860  5576.9  0.02
14880  5576.9  0.02
14900  5576.9  0.02
14920  5576.9  0.02
14940  5576.9  0.02
14960  5576.9  0.02
14980  5576.9  0.02
