100  4320.36  0.98
120  6503.15  1
140  7351.03  0.94
160  8416.7  0.98
180  9030.27  0.96
200  9150.78  0.9
220  9862.8  0.9
240  10930.1  0.92
260  11723.8  0.92
280  12713.4  0.92
300  12221.4  0.84
320  13988.2  0.9
340  12652.1  0.76
360  15295.5  0.84
380  13587.2  0.72
400  14298.8  0.72
420  15641.9  0.74
440  17250.6  0.78
460  15690  0.68
480  16431.8  0.68
500  16172.7  0.66
520  15800.3  0.62
540  17079.1  0.66
560  17672.6  0.64
580  16049.6  0.56
600  14640  0.48
620  20236.1  0.66
640  13457.7  0.42
660  17727.1  0.54
680  17744.2  0.52
700  21322.1  0.62
720  16534.9  0.46
740  20889.8  0.58
760  21942.2  0.58
780  14160.5  0.36
800  15582.3  0.4
820  18757  0.46
840  19225.3  0.46
860  17836.1  0.42
880  18464.8  0.44
900  21645.2  0.5
920  26687.9  0.6
940  21610.9  0.46
960  14609.6  0.32
980  21577.1  0.46
1000  19933.7  0.4
1020  22440  0.46
1040  22438.3  0.44
1060  18002.1  0.34
1080  24135.5  0.46
1100  22448.3  0.42
1120  19583.5  0.36
1140  19079.6  0.34
1160  22625.2  0.4
1180  16742.8  0.3
1200  20610.6  0.36
1220  25649.8  0.42
1240  25887.9  0.42
1260  20432  0.34
1280  23023.1  0.36
1300  20099.8  0.32
1320  30496.1  0.46
1340  19412.9  0.3
1360  15566.5  0.24
1380  23439  0.34
1400  20586.2  0.3
1420  19072.7  0.28
1440  19684.9  0.28
1460  14235.3  0.2
1480  25335.3  0.36
1500  15706.7  0.22
1520  29831.1  0.4
1540  24705.6  0.34
1560  14860.9  0.2
1580  32825.9  0.42
1600  29035.2  0.38
1620  17241.2  0.22
1640  22390.6  0.28
1660  31922.3  0.4
1680  25991.6  0.32
1700  17861.5  0.22
1720  18607.1  0.22
1740  19855.9  0.24
1760  15796.2  0.18
1780  27900.5  0.32
1800  23642.9  0.28
1820  22960.5  0.26
1840  18810  0.22
1860  17532.3  0.2
1880  39691  0.44
1900  13751.5  0.16
1920  30401.5  0.32
1940  20714.1  0.22
1960  20865.2  0.22
1980  36105.4  0.38
2000  38349.4  0.4
2020  24302.1  0.26
2040  23012  0.24
2060  30912.3  0.3
2080  15469.1  0.16
2100  10199.4  0.1
2120  21043.8  0.2
2140  20785.2  0.2
2160  19350.8  0.18
2180  18723.8  0.18
2200  17412.4  0.16
2220  23330.8  0.22
2240  32243.1  0.3
2260  11217.1  0.1
2280  29611.6  0.28
2300  11750.3  0.12
2320  23196.7  0.2
2340  28080.2  0.24
2360  32208.4  0.28
2380  36533.6  0.32
2400  28729.9  0.24
2420  35359.1  0.3
2440  18641.7  0.16
2460  15789.9  0.14
2480  25742.9  0.22
2500  25451.8  0.22
2520  20175.7  0.18
2540  9083.97  0.08
2560  20543.3  0.18
2580  34726.1  0.28
2600  15506.2  0.12
2620  29098.3  0.24
2640  23045.6  0.18
2660  29420.2  0.24
2680  18818.4  0.16
2700  31049.9  0.24
2720  26733.4  0.2
2740  39383.1  0.3
2760  20615.2  0.16
2780  28888  0.22
2800  22502.7  0.16
2820  21473  0.16
2840  9279.76  0.08
2860  22567  0.16
2880  19758.7  0.14
2900  32862.4  0.24
2920  19928.2  0.14
2940  29580  0.22
2960  13193.7  0.1
2980  14170.5  0.1
3000  38528.5  0.26
3020  30706.6  0.22
3040  34732.4  0.24
3060  47036.4  0.32
3080  8738.71  0.06
3100  23980.2  0.16
3120  34502.5  0.24
3140  12550.7  0.08
3160  37865.8  0.26
3180  12147.6  0.08
3200  12253.1  0.08
3220  6345.47  0.04
3240  9092.83  0.06
3260  9562.62  0.06
3280  34251.9  0.22
3300  12761.5  0.08
3320  24259.6  0.16
3340  8724.06  0.06
3360  22834.4  0.14
3380  41471.2  0.26
3400  19969.7  0.12
3420  39777.4  0.24
3440  38381.1  0.24
3460  15894.7  0.1
3480  16464.2  0.1
3500  16911.2  0.1
3520  13385.4  0.08
3540  17080  0.1
3560  14170  0.08
3580  32702.1  0.2
3600  10116.6  0.06
3620  45656.4  0.26
3640  33346  0.2
3660  48562.1  0.28
3680  10156.2  0.06
3700  9877.48  0.06
3720  22241.3  0.12
3740  13989.2  0.08
3760  6540.31  0.04
3780  37744.7  0.2
3800  47657.1  0.26
3820  23165.1  0.14
3840  49033.8  0.26
3860  61684.9  0.32
3880  56592.8  0.3
3900  47017.5  0.26
3920  7748.84  0.04
3940  7752.52  0.04
3960  14666  0.08
3980  22642  0.12
4000  31495.8  0.16
4020  10744.7  0.06
4040  7773.41  0.04
4060  24243.3  0.12
4080  17760.9  0.1
4100  34814  0.18
4120  23963.3  0.12
4140  59033.7  0.3
4160  53910.8  0.28
4180  33721.2  0.18
4200  28867.7  0.14
4220  33818.4  0.16
4240  59810.9  0.3
4260  16783.6  0.08
4280  40513.9  0.2
4300  34000.8  0.16
4320  37872.3  0.18
4340  16381.2  0.08
4360  51595.4  0.24
4380  22332.5  0.12
4400  33447.2  0.16
4420  8314.68  0.04
4440  26012.7  0.12
4460  26089.8  0.12
4480  49506.7  0.24
4500  34964  0.16
4520  10975  0.06
4540  11095.7  0.06
4560  6901.83  0.04
4580  13596.8  0.06
4600  34741.7  0.16
4620  38200.8  0.18
4640  11629.1  0.06
4660  22810.8  0.1
4680  6956.46  0.04
4700  17442.1  0.08
4720  11814.2  0.06
4740  21648.7  0.1
4760  24903.1  0.12
4780  27256.5  0.12
4800  8423.61  0.04
4820  25132  0.12
4840  18011.8  0.08
4860  16772.8  0.08
4880  6731.87  0.04
4900  16789.6  0.08
4920  16580.5  0.08
4940  51455.8  0.22
4960  33222.5  0.14
4980  26282  0.12
5000  8382.89  0.04
5020  16922.6  0.08
5040  26869.5  0.12
5060  32962  0.14
5080  12249.2  0.06
5100  24561.7  0.1
5120  21473.6  0.1
5140  6869.5  0.04
5160  17554.7  0.08
5180  37560.6  0.16
5200  41711  0.18
5220  7233.48  0.04
5240  32800  0.14
5260  29061.7  0.12
5280  8050.57  0.04
5300  33519.2  0.14
5320  42904.7  0.18
5340  23229.4  0.1
5360  42608.2  0.16
5380  7304.4  0.04
5400  18147.2  0.08
5420  13747.6  0.06
5440  39386.1  0.16
5460  8091.43  0.04
5480  13959.2  0.06
5500  14846.7  0.06
5520  13980.3  0.06
5540  25395.3  0.1
5560  43072.8  0.16
5580  16960.3  0.08
5600  31637.2  0.12
5620  34996.1  0.14
5640  31893.7  0.12
5660  18712.5  0.08
5680  17565.6  0.08
5700  37166  0.14
5720  29436.6  0.12
5740  24315.1  0.1
5760  27161  0.1
5780  32193.1  0.12
5800  36211.8  0.14
5820  14876.4  0.06
5840  32059.3  0.12
5860  20251.6  0.08
5880  38238.8  0.14
5900  31792.5  0.12
5920  27767.8  0.1
5940  20127.7  0.08
5960  19796.2  0.08
5980  31075  0.12
6000  13690.5  0.06
6020  22044.6  0.08
6040  23410.1  0.08
6060  31878.1  0.12
6080  17537.7  0.06
6100  40490.1  0.14
6120  32592.5  0.12
6140  46543.6  0.16
6160  14647.3  0.06
6180  43943.3  0.16
6200  22476.7  0.08
6220  28672.4  0.1
6240  20588  0.08
6260  16112.2  0.06
6280  75513.9  0.26
6300  51374.1  0.18
6320  29736.7  0.1
6340  45185.4  0.16
6360  46817.7  0.16
6380  18145.9  0.06
6400  40003.8  0.14
6420  45434.4  0.16
6440  32247.9  0.12
6460  50205.7  0.16
6480  46827.1  0.16
6500  37522.9  0.12
6520  13708.9  0.06
6540  47820  0.16
6560  34457  0.12
6580  27410.3  0.1
6600  14373.2  0.06
6620  29948.3  0.1
6640  14666.3  0.06
6660  79012.1  0.24
6680  14734.3  0.06
6700  16452.5  0.06
6720  37111.4  0.12
6740  21964.4  0.08
6760  7733.25  0.04
6780  28426.9  0.1
6800  7935.02  0.04
6820  46879.3  0.14
6840  25585.3  0.08
6860  35225.9  0.12
6880  67301.4  0.2
6900  40163.1  0.12
6920  28922.2  0.1
6940  38744.6  0.12
6960  49643.6  0.16
6980  22157.3  0.08
7000  24407.5  0.08
7020  17602.3  0.06
7040  17443.3  0.06
7060  9099.73  0.04
7080  40696.2  0.12
7100  23142.6  0.08
7120  30108.5  0.1
7140  42874.5  0.14
7160  29583  0.1
7180  45444  0.14
7200  38029.3  0.12
7220  28049.3  0.08
7240  15270.9  0.06
7260  23542.6  0.08
7280  68351  0.2
7300  24677.3  0.08
7320  25426.9  0.08
7340  18818  0.06
7360  10237.9  0.04
7380  15664.9  0.06
7400  35052.5  0.1
7420  27890.9  0.08
7440  53352.7  0.16
7460  28604  0.08
7480  44064.4  0.12
7500  10476  0.04
7520  23221.7  0.08
7540  28735  0.08
7560  16327.1  0.06
7580  8271.04  0.04
7600  30543.6  0.1
7620  31750.9  0.1
7640  24142.4  0.08
7660  23782.7  0.08
7680  42301.2  0.12
7700  17081.7  0.06
7720  25445  0.08
7740  40389.7  0.12
7760  8633.13  0.04
7780  52050  0.14
7800  24170.1  0.08
7820  54809.3  0.16
7840  9290.97  0.04
7860  23635.4  0.08
7880  42067.8  0.12
7900  28072.2  0.08
7920  22483.3  0.06
7940  9249.98  0.04
7960  56067.3  0.16
7980  22207.6  0.06
8000  16864.5  0.06
8020  16605.8  0.06
8040  17519.6  0.06
8060  40417.6  0.12
8080  55219.1  0.14
8100  32966.8  0.1
8120  40877.2  0.12
8140  16844  0.06
8160  26836.2  0.08
8180  24726.3  0.08
8200  40787.3  0.1
8220  27526.2  0.08
8240  26402.5  0.08
8260  8584.09  0.04
8280  81627.5  0.2
8300  8866.49  0.04
8320  11051.8  0.04
8340  27111.6  0.08
8360  66911.3  0.16
8380  26340.5  0.08
8400  25701.5  0.08
8420  33932.4  0.1
8440  32498.5  0.08
8460  17881.4  0.06
8480  25500.9  0.08
8500  8803.37  0.04
8520  10215.7  0.04
8540  39097.4  0.1
8560  25889.2  0.08
8580  51608.3  0.12
8600  17660.2  0.06
8620  37842.2  0.1
8640  15291  0.04
8660  32304.8  0.08
8680  25592.9  0.06
8700  34894.2  0.1
8720  26141.6  0.08
8740  8813.31  0.04
8760  17612.4  0.06
8780  8819.72  0.04
8800  19053.1  0.06
8820  16333.2  0.04
8840  8955.56  0.04
8860  8850.2  0.02
8880  8850.2  0.02
8900  8850.2  0.02
8920  8850.2  0.02
8940  8850.2  0.02
8960  8850.2  0.02
8980  8850.2  0.02
9000  8850.2  0.02
9020  8850.2  0.02
9040  8850.2  0.02
9060  8850.2  0.02
9080  8850.2  0.02
9100  8850.2  0.02
9120  8850.2  0.02
9140  8850.2  0.02
9160  8850.2  0.02
9180  8850.2  0.02
9200  8850.2  0.02
9220  8850.2  0.02
9240  8850.2  0.02
9260  8850.2  0.02
9280  8850.2  0.02
9300  8850.2  0.02
9320  8850.2  0.02
9340  8850.2  0.02
9360  8850.2  0.02
9380  8850.2  0.02
9400  8850.2  0.02
9420  8850.2  0.02
9440  8850.2  0.02
9460  8850.2  0.02
9480  8850.2  0.02
9500  8850.2  0.02
9520  8850.2  0.02
9540  8850.2  0.02
9560  8850.2  0.02
9580  8850.2  0.02
9600  8850.2  0.02
9620  8850.2  0.02
9640  8850.2  0.02
9660  8850.2  0.02
9680  8850.2  0.02
9700  8850.2  0.02
9720  8850.2  0.02
9740  8850.2  0.02
9760  8850.2  0.02
9780  8850.2  0.02
9800  8850.2  0.02
9820  8850.2  0.02
9840  8850.2  0.02
9860  8850.2  0.02
9880  8850.2  0.02
9900  8850.2  0.02
9920  8850.2  0.02
9940  8850.2  0.02
9960  8850.2  0.02
9980  8850.2  0.02
10000  8850.2  0.02
10020  8850.2  0.02
10040  8850.2  0.02
10060  8850.2  0.02
10080  8850.2  0.02
10100  8850.2  0.02
10120  8850.2  0.02
10140  8850.2  0.02
10160  8850.2  0.02
10180  8850.2  0.02
10200  8850.2  0.02
10220  8850.2  0.02
10240  8850.2  0.02
10260  8850.2  0.02
10280  8850.2  0.02
10300  8850.2  0.02
10320  8850.2  0.02
10340  8850.2  0.02
10360  8850.2  0.02
10380  8850.2  0.02
10400  8850.2  0.02
10420  8850.2  0.02
10440  8850.2  0.02
10460  8850.2  0.02
10480  8850.2  0.02
10500  8850.2  0.02
10520  8850.2  0.02
10540  8850.2  0.02
10560  8850.2  0.02
10580  8850.2  0.02
10600  8850.2  0.02
10620  8850.2  0.02
10640  8850.2  0.02
10660  8850.2  0.02
10680  8850.2  0.02
10700  8850.2  0.02
10720  8850.2  0.02
10740  8850.2  0.02
10760  8850.2  0.02
10780  8850.2  0.02
10800  8850.2  0.02
10820  8850.2  0.02
10840  8850.2  0.02
10860  8850.2  0.02
10880  8850.2  0.02
10900  8850.2  0.02
10920  8850.2  0.02
10940  8850.2  0.02
10960  8850.2  0.02
10980  8850.2  0.02
11000  8850.2  0.02
11020  8850.2  0.02
11040  8850.2  0.02
11060  8850.2  0.02
11080  8850.2  0.02
11100  8850.2  0.02
11120  8850.2  0.02
11140  8850.2  0.02
11160  8850.2  0.02
11180  8850.2  0.02
11200  8850.2  0.02
11220  8850.2  0.02
11240  8850.2  0.02
11260  8850.2  0.02
11280  8850.2  0.02
11300  8850.2  0.02
11320  8850.2  0.02
11340  8850.2  0.02
11360  8850.2  0.02
11380  8850.2  0.02
11400  8850.2  0.02
11420  8850.2  0.02
11440  8850.2  0.02
11460  8850.2  0.02
11480  8850.2  0.02
11500  8850.2  0.02
11520  8850.2  0.02
11540  8850.2  0.02
11560  8850.2  0.02
11580  8850.2  0.02
11600  8850.2  0.02
11620  8850.2  0.02
11640  8850.2  0.02
11660  8850.2  0.02
11680  8850.2  0.02
11700  8850.2  0.02
11720  8850.2  0.02
11740  8850.2  0.02
11760  8850.2  0.02
11780  8850.2  0.02
11800  8850.2  0.02
11820  8850.2  0.02
11840  8850.2  0.02
11860  8850.2  0.02
11880  8850.2  0.02
11900  8850.2  0.02
11920  8850.2  0.02
11940  8850.2  0.02
11960  8850.2  0.02
11980  8850.2  0.02
12000  8850.2  0.02
12020  8850.2  0.02
12040  8850.2  0.02
12060  8850.2  0.02
12080  8850.2  0.02
12100  8850.2  0.02
12120  8850.2  0.02
12140  8850.2  0.02
12160  8850.2  0.02
12180  8850.2  0.02
12200  8850.2  0.02
12220  8850.2  0.02
12240  8850.2  0.02
12260  8850.2  0.02
12280  8850.2  0.02
12300  8850.2  0.02
12320  8850.2  0.02
12340  8850.2  0.02
12360  8850.2  0.02
12380  8850.2  0.02
12400  8850.2  0.02
12420  8850.2  0.02
12440  8850.2  0.02
12460  8850.2  0.02
12480  8850.2  0.02
12500  8850.2  0.02
12520  8850.2  0.02
12540  8850.2  0.02
12560  8850.2  0.02
12580  8850.2  0.02
12600  8850.2  0.02
12620  8850.2  0.02
12640  8850.2  0.02
12660  8850.2  0.02
12680  8850.2  0.02
12700  8850.2  0.02
12720  8850.2  0.02
12740  8850.2  0.02
12760  8850.2  0.02
12780  8850.2  0.02
12800  8850.2  0.02
12820  8850.2  0.02
12840  8850.2  0.02
12860  8850.2  0.02
12880  8850.2  0.02
12900  8850.2  0.02
12920  8850.2  0.02
12940  8850.2  0.02
12960  8850.2  0.02
12980  8850.2  0.02
13000  8850.2  0.02
13020  8850.2  0.02
13040  8850.2  0.02
13060  8850.2  0.02
13080  8850.2  0.02
13100  8850.2  0.02
13120  8850.2  0.02
13140  8850.2  0.02
13160  8850.2  0.02
13180  8850.2  0.02
13200  8850.2  0.02
13220  8850.2  0.02
13240  8850.2  0.02
13260  8850.2  0.02
13280  8850.2  0.02
13300  8850.2  0.02
13320  8850.2  0.02
13340  8850.2  0.02
13360  8850.2  0.02
13380  8850.2  0.02
13400  8850.2  0.02
13420  8850.2  0.02
13440  8850.2  0.02
13460  8850.2  0.02
13480  8850.2  0.02
13500  8850.2  0.02
13520  8850.2  0.02
13540  8850.2  0.02
13560  8850.2  0.02
13580  8850.2  0.02
13600  8850.2  0.02
13620  8850.2  0.02
13640  8850.2  0.02
13660  8850.2  0.02
13680  8850.2  0.02
13700  8850.2  0.02
13720  8850.2  0.02
13740  8850.2  0.02
13760  8850.2  0.02
13780  8850.2  0.02
13800  8850.2  0.02
13820  8850.2  0.02
13840  8850.2  0.02
13860  8850.2  0.02
13880  8850.2  0.02
13900  8850.2  0.02
13920  8850.2  0.02
13940  8850.2  0.02
13960  8850.2  0.02
13980  8850.2  0.02
14000  8850.2  0.02
14020  8850.2  0.02
14040  8850.2  0.02
14060  8850.2  0.02
14080  8850.2  0.02
14100  8850.2  0.02
14120  8850.2  0.02
14140  8850.2  0.02
14160  8850.2  0.02
14180  8850.2  0.02
14200  8850.2  0.02
14220  8850.2  0.02
14240  8850.2  0.02
14260  8850.2  0.02
14280  8850.2  0.02
14300  8850.2  0.02
14320  8850.2  0.02
14340  8850.2  0.02
14360  8850.2  0.02
14380  8850.2  0.02
14400  8850.2  0.02
14420  8850.2  0.02
14440  8850.2  0.02
14460  8850.2  0.02
14480  8850.2  0.02
14500  8850.2  0.02
14520  8850.2  0.02
14540  8850.2  0.02
14560  8850.2  0.02
14580  8850.2  0.02
14600  8850.2  0.02
14620  8850.2  0.02
14640  8850.2  0.02
14660  8850.2  0.02
14680  8850.2  0.02
14700  8850.2  0.02
14720  8850.2  0.02
14740  8850.2  0.02
14760  8850.2  0.02
14780  8850.2  0.02
14800  8850.2  0.02
14820  8850.2  0.02
14840  8850.2  0.02
14860  8850.2  0.02
14880  8850.2  0.02
14900  8850.2  0.02
14920  8850.2  0.02
14940  8850.2  0.02
14960  8850.2  0.02
14980  8850.2  0.02
