100  4321.99  0.96
120  5439.89  0.98
140  6699.13  1
160  8213.76  1
180  8991.77  0.92
200  10444.4  1
220  10962.6  0.96
240  11952.5  0.96
260  12776.3  0.96
280  13375.6  0.94
300  14373.3  0.96
320  14615.8  0.92
340  15264.4  0.92
360  15985.5  0.9
380  16964  0.9
400  15076.8  0.76
420  18181.4  0.88
440  17673.6  0.82
460  18044.4  0.8
480  21211.6  0.88
500  20761.7  0.84
520  22295.7  0.84
540  22558  0.82
560  21432.3  0.76
580  23962.4  0.82
600  24117.3  0.8
620  25364.7  0.82
640  25499.6  0.8
660  24385.9  0.74
680  25999.4  0.76
700  23130.4  0.66
720  28130.7  0.8
740  23264.2  0.64
760  27655.3  0.74
780  25116  0.68
800  27116.6  0.68
820  28635.7  0.7
840  32444  0.78
860  23430.8  0.54
880  24461.7  0.56
900  32569.8  0.72
920  25783.6  0.56
940  32095.6  0.68
960  26399.4  0.56
980  33293  0.68
1000  30080.8  0.6
1020  27705  0.56
1040  27859.9  0.54
1060  27152.1  0.52
1080  31116.1  0.58
1100  21375.2  0.4
1120  27860.8  0.5
1140  25876.6  0.46
1160  29787.4  0.52
1180  25773.6  0.44
1200  28976.1  0.48
1220  25419.9  0.42
1240  21626.3  0.36
1260  40418.6  0.64
1280  38574.6  0.6
1300  30490.5  0.48
1320  25874  0.4
1340  20407.4  0.32
1360  33835  0.5
1380  27491.5  0.4
1400  30622.6  0.44
1420  35411.1  0.5
1440  24371.5  0.34
1460  36509.9  0.5
1480  37095.9  0.52
1500  32775.7  0.44
1520  38495.4  0.52
1540  30551.4  0.4
1560  29408.9  0.38
1580  34406.4  0.44
1600  29364  0.38
1620  33405.6  0.42
1640  39592.3  0.5
1660  34744.9  0.42
1680  35065.5  0.42
1700  25254.3  0.3
1720  32731.9  0.4
1740  35462.2  0.42
1760  17434.3  0.2
1780  27703.6  0.32
1800  46835.8  0.52
1820  14485.8  0.16
1840  15835.7  0.18
1860  35904.2  0.4
1880  14762.2  0.16
1900  34057.8  0.36
1920  36099.9  0.38
1940  33326.2  0.36
1960  41254.7  0.44
1980  25923.5  0.28
2000  29140.6  0.3
2020  42038.9  0.42
2040  30618.1  0.3
2060  25444.9  0.26
2080  30328.9  0.3
2100  34857.8  0.34
2120  44529.2  0.42
2140  33555.4  0.32
2160  38780.4  0.38
2180  19044.8  0.18
2200  40737.1  0.38
2220  23979  0.22
2240  33633.4  0.32
2260  31118.3  0.28
2280  23867.9  0.22
2300  25735.1  0.24
2320  40536.1  0.36
2340  37169  0.32
2360  40205.6  0.34
2380  39591.8  0.34
2400  22682.8  0.2
2420  35368.6  0.3
2440  26041.6  0.22
2460  23317.6  0.2
2480  27328.4  0.24
2500  12662.9  0.12
2520  32535.5  0.26
2540  16176.9  0.14
2560  17341  0.14
2580  35541.6  0.28
2600  48998.6  0.38
2620  21268.2  0.18
2640  27483.3  0.22
2660  13654.9  0.12
2680  42026.4  0.32
2700  39474.6  0.3
2720  22529.5  0.18
2740  31592.8  0.24
2760  21628.3  0.16
2780  37795.5  0.28
2800  45356.8  0.34
2820  16915.8  0.12
2840  20999.9  0.16
2860  15370.4  0.12
2880  33228  0.24
2900  49216.9  0.34
2920  35585.9  0.26
2940  28385.5  0.2
2960  25111.9  0.18
2980  23633.6  0.16
3000  49193.4  0.34
3020  45673  0.32
3040  32088.9  0.22
3060  13918.7  0.1
3080  28077.4  0.2
3100  26450.2  0.18
3120  27414  0.18
3140  21495.8  0.14
3160  14249.8  0.1
3180  15515.9  0.1
3200  28298.6  0.18
3220  40935.7  0.26
3240  25965.1  0.16
3260  36606.5  0.24
3280  44806  0.28
3300  27756.6  0.18
3320  18429.1  0.12
3340  63500  0.38
3360  31499.6  0.2
3380  17097.6  0.12
3400  25457.2  0.16
3420  23354.1  0.14
3440  49232.6  0.3
3460  29446.4  0.18
3480  23609.7  0.14
3500  25547.1  0.16
3520  32152.7  0.2
3540  30135  0.18
3560  31375.5  0.18
3580  29321.9  0.18
3600  17770.6  0.1
3620  34291.9  0.2
3640  39422.7  0.22
3660  38137.8  0.22
3680  27703.2  0.16
3700  48164.9  0.26
3720  18004.8  0.1
3740  24223.4  0.14
3760  25505.9  0.14
3780  20243.6  0.12
3800  41262.1  0.22
3820  33033  0.18
3840  29494  0.16
3860  10860.2  0.06
3880  12821.6  0.08
3900  36946.8  0.2
3920  33452.1  0.18
3940  13392  0.08
3960  10522.7  0.06
3980  35159.9  0.18
4000  34755.5  0.18
4020  19910.3  0.1
4040  44613.5  0.24
4060  25576.8  0.14
4080  11140.3  0.06
4100  38564.5  0.2
4120  57838.9  0.28
4140  39690.7  0.2
4160  25142  0.14
4180  36855.4  0.18
4200  34919.9  0.18
4220  39067.6  0.2
4240  39256.5  0.2
4260  30774.7  0.16
4280  23301.9  0.12
4300  40968.5  0.2
4320  25020.1  0.12
4340  7086.42  0.04
4360  10708.5  0.06
4380  36776.8  0.18
4400  36741.1  0.18
4420  30099.4  0.14
4440  41749.7  0.2
4460  32958.4  0.16
4480  20239.9  0.1
4500  27364.6  0.14
4520  32483.9  0.16
4540  16899.6  0.08
4560  25599.2  0.12
4580  26362.5  0.12
4600  20492.4  0.1
4620  6930.89  0.04
4640  10289.7  0.06
4660  10921.8  0.06
4680  13307  0.06
4700  15833.5  0.08
4720  6584.98  0.04
4740  45103.7  0.2
4760  35208.3  0.16
4780  39720.5  0.18
4800  13588.2  0.06
4820  35415.3  0.16
4840  13089.5  0.06
4860  15767.2  0.08
4880  26939.9  0.12
4900  16174.3  0.08
4920  31677.3  0.14
4940  45985  0.2
4960  32624.6  0.14
4980  48151.4  0.2
5000  30983.1  0.14
5020  11759.5  0.06
5040  22953.4  0.1
5060  7876.81  0.04
5080  31147.9  0.14
5100  22152.4  0.1
5120  9588.51  0.04
5140  51087.9  0.2
5160  43269.5  0.18
5180  32361.4  0.14
5200  27513.8  0.12
5220  12888.4  0.06
5240  43737.6  0.18
5260  45944.9  0.18
5280  12399.4  0.06
5300  17349.2  0.08
5320  33879.8  0.14
5340  33208.6  0.14
5360  19405.2  0.08
5380  13415.1  0.06
5400  9708.82  0.04
5420  33064.8  0.14
5440  38792.5  0.16
5460  21664.5  0.08
5480  40029  0.16
5500  14320.6  0.06
5520  28698.7  0.12
5540  23660.2  0.1
5560  18570.6  0.08
5580  13933.3  0.06
5600  19315  0.08
5620  29059.3  0.12
5640  17142.1  0.08
5660  28327  0.12
5680  24502.3  0.1
5700  24762.2  0.1
5720  40033.2  0.14
5740  18140.6  0.08
5760  30037.5  0.12
5780  8463.08  0.04
5800  60761.9  0.22
5820  8823.28  0.04
5840  23175.3  0.08
5860  25289.8  0.1
5880  12471.5  0.06
5900  7986.98  0.04
5920  13701.9  0.06
5940  42191.6  0.16
5960  21685.9  0.08
5980  7287.13  0.04
6000  35970.1  0.14
6020  13200.2  0.06
6040  18182.3  0.08
6060  13698.7  0.06
6080  19496.5  0.08
6100  18131.1  0.06
6120  12972  0.06
6140  9622.71  0.04
6160  40109.1  0.14
6180  37451  0.14
6200  31206.4  0.12
6220  51871.4  0.18
6240  40305.2  0.14
6260  26953.2  0.1
6280  19083  0.08
6300  19456.6  0.08
6320  27261.7  0.1
6340  13128.6  0.06
6360  25975.3  0.1
6380  16034.4  0.06
6400  20350.9  0.08
6420  19369.6  0.08
6440  29144.3  0.1
6460  20963.2  0.08
6480  11250.5  0.04
6500  32511.4  0.12
6520  6753.72  0.04
6540  16467.5  0.06
6560  27117.2  0.1
6580  13665  0.06
6600  13463.4  0.06
6620  15371  0.06
6640  26509.3  0.08
6660  12340  0.04
6680  13818.9  0.06
6700  10939.1  0.04
6720  15087.4  0.06
6740  14774.1  0.06
6760  13864.5  0.06
6780  6780.02  0.02
6800  6782.75  0.02
6820  6782.75  0.02
6840  6782.75  0.02
6860  6782.75  0.02
6880  6782.75  0.02
6900  6782.75  0.02
6920  6782.75  0.02
6940  6782.75  0.02
6960  6782.75  0.02
6980  6782.75  0.02
7000  6782.75  0.02
7020  6782.75  0.02
7040  6782.75  0.02
7060  6782.75  0.02
7080  6782.75  0.02
7100  6782.75  0.02
7120  6782.75  0.02
7140  6782.75  0.02
7160  6782.75  0.02
7180  6782.75  0.02
7200  6782.75  0.02
7220  6782.75  0.02
7240  6782.75  0.02
7260  6782.75  0.02
7280  6782.75  0.02
7300  6782.75  0.02
7320  6782.75  0.02
7340  6782.75  0.02
7360  6782.75  0.02
7380  6782.75  0.02
7400  6782.75  0.02
7420  6782.75  0.02
7440  6782.75  0.02
7460  6782.75  0.02
7480  6782.75  0.02
7500  6782.75  0.02
7520  6782.75  0.02
7540  6782.75  0.02
7560  6782.75  0.02
7580  6782.75  0.02
7600  6782.75  0.02
7620  6782.75  0.02
7640  6782.75  0.02
7660  6782.75  0.02
7680  6782.75  0.02
7700  6782.75  0.02
7720  6782.75  0.02
7740  6782.75  0.02
7760  6782.75  0.02
7780  6782.75  0.02
7800  6782.75  0.02
7820  6782.75  0.02
7840  6782.75  0.02
7860  6782.75  0.02
7880  6782.75  0.02
7900  6782.75  0.02
7920  6782.75  0.02
7940  6782.75  0.02
7960  6782.75  0.02
7980  6782.75  0.02
8000  6782.75  0.02
8020  6782.75  0.02
8040  6782.75  0.02
8060  6782.75  0.02
8080  6782.75  0.02
8100  6782.75  0.02
8120  6782.75  0.02
8140  6782.75  0.02
8160  6782.75  0.02
8180  6782.75  0.02
8200  6782.75  0.02
8220  6782.75  0.02
8240  6782.75  0.02
8260  6782.75  0.02
8280  6782.75  0.02
8300  6782.75  0.02
8320  6782.75  0.02
8340  6782.75  0.02
8360  6782.75  0.02
8380  6782.75  0.02
8400  6782.75  0.02
8420  6782.75  0.02
8440  6782.75  0.02
8460  6782.75  0.02
8480  6782.75  0.02
8500  6782.75  0.02
8520  6782.75  0.02
8540  6782.75  0.02
8560  6782.75  0.02
8580  6782.75  0.02
8600  6782.75  0.02
8620  6782.75  0.02
8640  6782.75  0.02
8660  6782.75  0.02
8680  6782.75  0.02
8700  6782.75  0.02
8720  6782.75  0.02
8740  6782.75  0.02
8760  6782.75  0.02
8780  6782.75  0.02
8800  6782.75  0.02
8820  6782.75  0.02
8840  6782.75  0.02
8860  6782.75  0.02
8880  6782.75  0.02
8900  6782.75  0.02
8920  6782.75  0.02
8940  6782.75  0.02
8960  6782.75  0.02
8980  6782.75  0.02
9000  6782.75  0.02
9020  6782.75  0.02
9040  6782.75  0.02
9060  6782.75  0.02
9080  6782.75  0.02
9100  6782.75  0.02
9120  6782.75  0.02
9140  6782.75  0.02
9160  6782.75  0.02
9180  6782.75  0.02
9200  6782.75  0.02
9220  6782.75  0.02
9240  6782.75  0.02
9260  6782.75  0.02
9280  6782.75  0.02
9300  6782.75  0.02
9320  6782.75  0.02
9340  6782.75  0.02
9360  6782.75  0.02
9380  6782.75  0.02
9400  6782.75  0.02
9420  6782.75  0.02
9440  6782.75  0.02
9460  6782.75  0.02
9480  6782.75  0.02
9500  6782.75  0.02
9520  6782.75  0.02
9540  6782.75  0.02
9560  6782.75  0.02
9580  6782.75  0.02
9600  6782.75  0.02
9620  6782.75  0.02
9640  6782.75  0.02
9660  6782.75  0.02
9680  6782.75  0.02
9700  6782.75  0.02
9720  6782.75  0.02
9740  6782.75  0.02
9760  6782.75  0.02
9780  6782.75  0.02
9800  6782.75  0.02
9820  6782.75  0.02
9840  6782.75  0.02
9860  6782.75  0.02
9880  6782.75  0.02
9900  6782.75  0.02
9920  6782.75  0.02
9940  6782.75  0.02
9960  6782.75  0.02
9980  6782.75  0.02
10000  6782.75  0.02
10020  6782.75  0.02
10040  6782.75  0.02
10060  6782.75  0.02
10080  6782.75  0.02
10100  6782.75  0.02
10120  6782.75  0.02
10140  6782.75  0.02
10160  6782.75  0.02
10180  6782.75  0.02
10200  6782.75  0.02
10220  6782.75  0.02
10240  6782.75  0.02
10260  6782.75  0.02
10280  6782.75  0.02
10300  6782.75  0.02
10320  6782.75  0.02
10340  6782.75  0.02
10360  6782.75  0.02
10380  6782.75  0.02
10400  6782.75  0.02
10420  6782.75  0.02
10440  6782.75  0.02
10460  6782.75  0.02
10480  6782.75  0.02
10500  6782.75  0.02
10520  6782.75  0.02
10540  6782.75  0.02
10560  6782.75  0.02
10580  6782.75  0.02
10600  6782.75  0.02
10620  6782.75  0.02
10640  6782.75  0.02
10660  6782.75  0.02
10680  6782.75  0.02
10700  6782.75  0.02
10720  6782.75  0.02
10740  6782.75  0.02
10760  6782.75  0.02
10780  6782.75  0.02
10800  6782.75  0.02
10820  6782.75  0.02
10840  6782.75  0.02
10860  6782.75  0.02
10880  6782.75  0.02
10900  6782.75  0.02
10920  6782.75  0.02
10940  6782.75  0.02
10960  6782.75  0.02
10980  6782.75  0.02
11000  6782.75  0.02
11020  6782.75  0.02
11040  6782.75  0.02
11060  6782.75  0.02
11080  6782.75  0.02
11100  6782.75  0.02
11120  6782.75  0.02
11140  6782.75  0.02
11160  6782.75  0.02
11180  6782.75  0.02
11200  6782.75  0.02
11220  6782.75  0.02
11240  6782.75  0.02
11260  6782.75  0.02
11280  6782.75  0.02
11300  6782.75  0.02
11320  6782.75  0.02
11340  6782.75  0.02
11360  6782.75  0.02
11380  6782.75  0.02
11400  6782.75  0.02
11420  6782.75  0.02
11440  6782.75  0.02
11460  6782.75  0.02
11480  6782.75  0.02
11500  6782.75  0.02
11520  6782.75  0.02
11540  6782.75  0.02
11560  6782.75  0.02
11580  6782.75  0.02
11600  6782.75  0.02
11620  6782.75  0.02
11640  6782.75  0.02
11660  6782.75  0.02
11680  6782.75  0.02
11700  6782.75  0.02
11720  6782.75  0.02
11740  6782.75  0.02
11760  6782.75  0.02
11780  6782.75  0.02
11800  6782.75  0.02
11820  6782.75  0.02
11840  6782.75  0.02
11860  6782.75  0.02
11880  6782.75  0.02
11900  6782.75  0.02
11920  6782.75  0.02
11940  6782.75  0.02
11960  6782.75  0.02
11980  6782.75  0.02
12000  6782.75  0.02
12020  6782.75  0.02
12040  6782.75  0.02
12060  6782.75  0.02
12080  6782.75  0.02
12100  6782.75  0.02
12120  6782.75  0.02
12140  6782.75  0.02
12160  6782.75  0.02
12180  6782.75  0.02
12200  6782.75  0.02
12220  6782.75  0.02
12240  6782.75  0.02
12260  6782.75  0.02
12280  6782.75  0.02
12300  6782.75  0.02
12320  6782.75  0.02
12340  6782.75  0.02
12360  6782.75  0.02
12380  6782.75  0.02
12400  6782.75  0.02
12420  6782.75  0.02
12440  6782.75  0.02
12460  6782.75  0.02
12480  6782.75  0.02
12500  6782.75  0.02
12520  6782.75  0.02
12540  6782.75  0.02
12560  6782.75  0.02
12580  6782.75  0.02
12600  6782.75  0.02
12620  6782.75  0.02
12640  6782.75  0.02
12660  6782.75  0.02
12680  6782.75  0.02
12700  6782.75  0.02
12720  6782.75  0.02
12740  6782.75  0.02
12760  6782.75  0.02
12780  6782.75  0.02
12800  6782.75  0.02
12820  6782.75  0.02
12840  6782.75  0.02
12860  6782.75  0.02
12880  6782.75  0.02
12900  6782.75  0.02
12920  6782.75  0.02
12940  6782.75  0.02
12960  6782.75  0.02
12980  6782.75  0.02
13000  6782.75  0.02
13020  6782.75  0.02
13040  6782.75  0.02
13060  6782.75  0.02
13080  6782.75  0.02
13100  6782.75  0.02
13120  6782.75  0.02
13140  6782.75  0.02
13160  6782.75  0.02
13180  6782.75  0.02
13200  6782.75  0.02
13220  6782.75  0.02
13240  6782.75  0.02
13260  6782.75  0.02
13280  6782.75  0.02
13300  6782.75  0.02
13320  6782.75  0.02
13340  6782.75  0.02
13360  6782.75  0.02
13380  6782.75  0.02
13400  6782.75  0.02
13420  6782.75  0.02
13440  6782.75  0.02
13460  6782.75  0.02
13480  6782.75  0.02
13500  6782.75  0.02
13520  6782.75  0.02
13540  6782.75  0.02
13560  6782.75  0.02
13580  6782.75  0.02
13600  6782.75  0.02
13620  6782.75  0.02
13640  6782.75  0.02
13660  6782.75  0.02
13680  6782.75  0.02
13700  6782.75  0.02
13720  6782.75  0.02
13740  6782.75  0.02
13760  6782.75  0.02
13780  6782.75  0.02
13800  6782.75  0.02
13820  6782.75  0.02
13840  6782.75  0.02
13860  6782.75  0.02
13880  6782.75  0.02
13900  6782.75  0.02
13920  6782.75  0.02
13940  6782.75  0.02
13960  6782.75  0.02
13980  6782.75  0.02
14000  6782.75  0.02
14020  6782.75  0.02
14040  6782.75  0.02
14060  6782.75  0.02
14080  6782.75  0.02
14100  6782.75  0.02
14120  6782.75  0.02
14140  6782.75  0.02
14160  6782.75  0.02
14180  6782.75  0.02
14200  6782.75  0.02
14220  6782.75  0.02
14240  6782.75  0.02
14260  6782.75  0.02
14280  6782.75  0.02
14300  6782.75  0.02
14320  6782.75  0.02
14340  6782.75  0.02
14360  6782.75  0.02
14380  6782.75  0.02
14400  6782.75  0.02
14420  6782.75  0.02
14440  6782.75  0.02
14460  6782.75  0.02
14480  6782.75  0.02
14500  6782.75  0.02
14520  6782.75  0.02
14540  6782.75  0.02
14560  6782.75  0.02
14580  6782.75  0.02
14600  6782.75  0.02
14620  6782.75  0.02
14640  6782.75  0.02
14660  6782.75  0.02
14680  6782.75  0.02
14700  6782.75  0.02
14720  6782.75  0.02
14740  6782.75  0.02
14760  6782.75  0.02
14780  6782.75  0.02
14800  6782.75  0.02
14820  6782.75  0.02
14840  6782.75  0.02
14860  6782.75  0.02
14880  6782.75  0.02
14900  6782.75  0.02
14920  6782.75  0.02
14940  6782.75  0.02
14960  6782.75  0.02
14980  6782.75  0.02
