100  4407.35  1
120  5805.2  1
140  7868.6  1
160  8664.76  1
180  9121.43  0.96
200  9514.32  0.92
220  10612.8  0.96
240  11168.6  0.94
260  11917  0.92
280  11693.6  0.84
300  12362  0.84
320  14011.9  0.88
340  14338.5  0.86
360  15521.5  0.88
380  17086.1  0.92
400  17158  0.86
420  16486.6  0.76
440  17829.7  0.8
460  19134.8  0.82
480  18436.6  0.76
500  20102.5  0.82
520  20289  0.78
540  20821.8  0.78
560  19880.7  0.72
580  23807  0.84
600  23593.6  0.8
620  20877.1  0.7
640  22099.7  0.7
660  23377.6  0.72
680  22865.6  0.68
700  21599.5  0.62
720  24418.1  0.68
740  22153.1  0.6
760  23516.8  0.62
780  27695.1  0.72
800  29121.3  0.74
820  25036.9  0.62
840  22084.7  0.54
860  17836.4  0.42
880  25840.4  0.6
900  23853.8  0.54
920  18870  0.42
940  24853.3  0.54
960  29096.9  0.6
980  22577.9  0.46
1000  27163  0.56
1020  31397.2  0.62
1040  26310.7  0.52
1060  27082.1  0.52
1080  24309.1  0.46
1100  33119.6  0.62
1120  26673.2  0.48
1140  28062.9  0.5
1160  28616.2  0.5
1180  31068  0.54
1200  19878.9  0.34
1220  32016.6  0.54
1240  30669.9  0.5
1260  30823.1  0.5
1280  29259.1  0.46
1300  30516  0.48
1320  30182  0.46
1340  31285.9  0.48
1360  24549.3  0.38
1380  29063.8  0.44
1400  22750.7  0.34
1420  33040.4  0.48
1440  29208.9  0.42
1460  36268.6  0.52
1480  28657.2  0.4
1500  21346.5  0.3
1520  33007.2  0.44
1540  25144.2  0.34
1560  33410.8  0.44
1580  33708  0.44
1600  30538.8  0.4
1620  27282.6  0.34
1640  39450.2  0.5
1660  29743.1  0.36
1680  28980.6  0.36
1700  36899.1  0.44
1720  29487.3  0.36
1740  24014.6  0.28
1760  29029.5  0.34
1780  27191.4  0.32
1800  27296  0.32
1820  24064.7  0.28
1840  28266.9  0.32
1860  35471.7  0.4
1880  14739.9  0.16
1900  24143.1  0.26
1920  33844.7  0.36
1940  17354.9  0.18
1960  19313.2  0.2
1980  31966.7  0.34
2000  19766  0.2
2020  30987  0.32
2040  25943.9  0.26
2060  39465.5  0.4
2080  24458  0.24
2100  33371.3  0.32
2120  21237.7  0.2
2140  24101.7  0.24
2160  54456.6  0.52
2180  27163.8  0.26
2200  37947.3  0.36
2220  24084.9  0.22
2240  61606.9  0.56
2260  30974.9  0.28
2280  39669.2  0.36
2300  24423.5  0.22
2320  53486.7  0.48
2340  28024.6  0.24
2360  25819.5  0.22
2380  38576.9  0.34
2400  23583.9  0.2
2420  48929.1  0.42
2440  32540.8  0.28
2460  24305.9  0.2
2480  25442.5  0.22
2500  34123.5  0.28
2520  37056.6  0.3
2540  32531.5  0.26
2560  40950.6  0.34
2580  40656.1  0.32
2600  37309.7  0.3
2620  36835.6  0.28
2640  28938.2  0.22
2660  35798  0.28
2680  56690.2  0.44
2700  42728.8  0.32
2720  34493.9  0.26
2740  35639.8  0.28
2760  33409.7  0.26
2780  43661.5  0.32
2800  38577.2  0.28
2820  27263.5  0.2
2840  28808.7  0.22
2860  51773.6  0.38
2880  41040.8  0.3
2900  46683.6  0.34
2920  34284.6  0.24
2940  39493  0.28
2960  43164  0.3
2980  36482.8  0.26
3000  22712.3  0.16
3020  40878.1  0.28
3040  48897.7  0.34
3060  55148.8  0.36
3080  35481.8  0.24
3100  20396.6  0.14
3120  38443.3  0.26
3140  39444.6  0.26
3160  33368.9  0.22
3180  46617.3  0.3
3200  51881.4  0.34
3220  31694.5  0.2
3240  62048.9  0.4
3260  45436.9  0.28
3280  38706.3  0.24
3300  25018.6  0.16
3320  35925.4  0.22
3340  33516  0.2
3360  70840.2  0.44
3380  46057.8  0.28
3400  41235.7  0.26
3420  47676.5  0.3
3440  57813.7  0.34
3460  19829.5  0.12
3480  48797.3  0.28
3500  33589.1  0.2
3520  51519.4  0.3
3540  52353.6  0.3
3560  57185.9  0.34
3580  71890.1  0.42
3600  37652.8  0.22
3620  66667.9  0.38
3640  42069.8  0.24
3660  34694.4  0.2
3680  38664.6  0.22
3700  19894.5  0.12
3720  42819  0.24
3740  47523.3  0.26
3760  35760.9  0.2
3780  57917.8  0.32
3800  39460.9  0.22
3820  39286.9  0.22
3840  66964.8  0.36
3860  32948.4  0.18
3880  47268.5  0.26
3900  48568.6  0.26
3920  56030.4  0.3
3940  38455.7  0.2
3960  75953.3  0.4
3980  34445.2  0.18
4000  26003.3  0.14
4020  47921.1  0.24
4040  37874.9  0.2
4060  23713.2  0.12
4080  54678.1  0.28
4100  51015.2  0.26
4120  39065.9  0.2
4140  30043.3  0.16
4160  35271.5  0.18
4180  58648.7  0.3
4200  54737.9  0.28
4220  35334.8  0.18
4240  55148.6  0.28
4260  12233.4  0.06
4280  13976.3  0.08
4300  79609.9  0.38
4320  25261.6  0.12
4340  40607.1  0.2
4360  17155.8  0.08
4380  72359.2  0.34
4400  51245.6  0.24
4420  54509.4  0.26
4440  27899.2  0.14
4460  14301.2  0.08
4480  46785.2  0.22
4500  26596.3  0.12
4520  36655.9  0.18
4540  58123.5  0.26
4560  69305.1  0.32
4580  39373  0.18
4600  26841.6  0.12
4620  31525.1  0.14
4640  15985  0.08
4660  71538.8  0.32
4680  29930.3  0.14
4700  43870.2  0.2
4720  39286  0.18
4740  50009.6  0.22
4760  40007.9  0.18
4780  44142.7  0.2
4800  74070.3  0.32
4820  74411.9  0.32
4840  50091.6  0.22
4860  42977.3  0.18
4880  65007  0.28
4900  55340.1  0.24
4920  26030  0.12
4940  21643.1  0.1
4960  62801.6  0.26
4980  56053.6  0.24
5000  32408.4  0.14
5020  29096.4  0.12
5040  53754.3  0.22
5060  37137.2  0.16
5080  32160.8  0.14
5100  38655.3  0.16
5120  50058.7  0.2
5140  36155.6  0.16
5160  44329.8  0.18
5180  31335.9  0.14
5200  16952.1  0.08
5220  39778.3  0.16
5240  64144.6  0.26
5260  20942.2  0.08
5280  42505.4  0.18
5300  25947.1  0.1
5320  47753.4  0.18
5340  20095.9  0.08
5360  39308.5  0.16
5380  54285.7  0.22
5400  54756.2  0.22
5420  79512.2  0.3
5440  65737.3  0.26
5460  48484.9  0.18
5480  23762.1  0.1
5500  39280.3  0.16
5520  28985.5  0.12
5540  40883.6  0.16
5560  39006.4  0.16
5580  68315.4  0.26
5600  55879.8  0.22
5620  28363.1  0.12
5640  71310.6  0.26
5660  64781.8  0.24
5680  56584.8  0.2
5700  69714.4  0.26
5720  36466.9  0.14
5740  39758  0.14
5760  67833.6  0.24
5780  46582.7  0.18
5800  17206.8  0.06
5820  71445.6  0.26
5840  30829.5  0.12
5860  52004.7  0.18
5880  51226.3  0.18
5900  52753.3  0.18
5920  46335.9  0.16
5940  11627.5  0.04
5960  60047.9  0.22
5980  11662.7  0.04
6000  74208.7  0.26
6020  100117  0.34
6040  60511.4  0.2
6060  29079  0.1
6080  70375.3  0.24
6100  17852.6  0.06
6120  61954.4  0.22
6140  56069.9  0.2
6160  71190.3  0.24
6180  36059.6  0.12
6200  47839.6  0.16
6220  38997.6  0.14
6240  84646.2  0.28
6260  35558  0.12
6280  44533.1  0.16
6300  37030.4  0.12
6320  34286.1  0.12
6340  24602.3  0.08
6360  72041.1  0.24
6380  76587.7  0.24
6400  40965.7  0.14
6420  12038.1  0.04
6440  35860.2  0.12
6460  45324.6  0.16
6480  60453.7  0.2
6500  105057  0.34
6520  12123.7  0.04
6540  31819.5  0.1
6560  31215.1  0.1
6580  81090.8  0.26
6600  48519  0.16
6620  75634.4  0.24
6640  34167.4  0.12
6660  47789.7  0.16
6680  65721.4  0.2
6700  15494.8  0.06
6720  26770.1  0.08
6740  75824.8  0.24
6760  12326  0.04
6780  58699.9  0.18
6800  48709  0.16
6820  62277  0.2
6840  48230.6  0.16
6860  85768.3  0.26
6880  29257.6  0.1
6900  32478.1  0.1
6920  19318.3  0.06
6940  66696.4  0.2
6960  68624.1  0.2
6980  77011  0.24
7000  101254  0.3
7020  34602  0.1
7040  87843.7  0.26
7060  66259.6  0.2
7080  33815.7  0.1
7100  50271.1  0.16
7120  64262.2  0.2
7140  65477.2  0.2
7160  75748.6  0.22
7180  59572.2  0.18
7200  67485.7  0.2
7220  43523.1  0.14
7240  19845.8  0.06
7260  48385.2  0.14
7280  38430.7  0.12
7300  12790.9  0.04
7320  37699.7  0.12
7340  97597.7  0.28
7360  56657.9  0.16
7380  91349.3  0.26
7400  62661.5  0.18
7420  108015  0.3
7440  12912.4  0.04
7460  90131.9  0.26
7480  112384  0.32
7500  12962.6  0.04
7520  61066  0.18
7540  99096.7  0.28
7560  37554.3  0.1
7580  62351.6  0.18
7600  29258.6  0.08
7620  13065.1  0.04
7640  64599.3  0.18
7660  36000.6  0.1
7680  13114.8  0.04
7700  85205.5  0.24
7720  88533.8  0.24
7740  35199.7  0.1
7760  73309.6  0.2
7780  46875  0.14
7800  95885.2  0.26
7820  39288.2  0.12
7840  64536.4  0.18
7860  55791.2  0.16
7880  44644.3  0.12
7900  69916.7  0.18
7920  21245.5  0.06
7940  68845.9  0.18
7960  13353.7  0.04
7980  37207.3  0.1
8000  52152.9  0.14
8020  64282.4  0.18
8040  89659.4  0.24
8060  45471.2  0.12
8080  16475.6  0.06
8100  82579  0.22
8120  58022.2  0.16
8140  49054.4  0.14
8160  44019.8  0.12
8180  59472.2  0.16
8200  29869.9  0.08
8220  33352.6  0.1
8240  70756.5  0.18
8260  59084.8  0.16
8280  76340.8  0.2
8300  21088.5  0.06
8320  30219.7  0.08
8340  44895.3  0.12
8360  16635.1  0.04
8380  25910.1  0.08
8400  68060.6  0.18
8420  89700  0.22
8440  40302.2  0.1
8460  82507  0.2
8480  63763.7  0.16
8500  81650.2  0.2
8520  71574  0.18
8540  30053.5  0.08
8560  129224  0.32
8580  73167.6  0.18
8600  86479.9  0.22
8620  22388.9  0.06
8640  87571.2  0.22
8660  46435.6  0.12
8680  95921.8  0.24
8700  78674.5  0.2
8720  16913.3  0.04
8740  25652.5  0.06
8760  65957.5  0.16
8780  22857.7  0.06
8800  82313.6  0.2
8820  30515  0.08
8840  109654  0.26
8860  43387.7  0.1
8880  14139.1  0.04
8900  25846.3  0.06
8920  34914.1  0.08
8940  75212  0.18
8960  32085.6  0.08
8980  40051  0.1
9000  49310.8  0.12
9020  67173.8  0.16
9040  88223.3  0.2
9060  35218.3  0.08
9080  63389.2  0.14
9100  69177.2  0.16
9120  64546.6  0.16
9140  112603  0.26
9160  26390.1  0.06
9180  23692.7  0.06
9200  74388.4  0.18
9220  17300.8  0.04
9240  52301.1  0.12
9260  114610  0.26
9280  102883  0.24
9300  76158.7  0.18
9320  35213.3  0.08
9340  17396.8  0.04
9360  23918.3  0.06
9380  112947  0.26
9400  14588.3  0.04
9420  38158.3  0.1
9440  96757.7  0.22
9460  17487.1  0.04
9480  95747.9  0.22
9500  97346.2  0.22
9520  44685.8  0.1
9540  124623  0.28
9560  29711.6  0.08
9580  47417.8  0.1
9600  36576.8  0.08
9620  33800.7  0.08
9640  71371.4  0.16
9660  100205  0.22
9680  17658.8  0.04
9700  113913  0.24
9720  96825.6  0.2
9740  60350.4  0.14
9760  78831.2  0.18
9780  47283.6  0.1
9800  56362.2  0.12
9820  99954  0.22
9840  49357.8  0.12
9860  109297  0.24
9880  78909.1  0.16
9900  96643.7  0.2
9920  34713.2  0.08
9940  19780.7  0.04
9960  86660.9  0.18
9980  37731.4  0.08
10000  48925.4  0.1
10020  121003  0.26
10040  17940.6  0.04
10060  95628.8  0.2
10080  17969  0.04
10100  60050.7  0.12
10120  15203.4  0.04
10140  77507.3  0.16
10160  69747.4  0.14
10180  132740  0.28
10200  44766.3  0.1
10220  72546.5  0.16
10240  19996.9  0.04
10260  54673.2  0.12
10280  30181.6  0.06
10300  38590.5  0.08
10320  18157.4  0.04
10340  28515.1  0.06
10360  40776.4  0.08
10380  28482.6  0.06
10400  51362.3  0.1
10420  59075  0.12
10440  57050.8  0.12
10460  20155.6  0.04
10480  74408.9  0.16
10500  77914.9  0.16
10520  88316.4  0.18
10540  93103.5  0.18
10560  30862.9  0.06
10580  50024.9  0.1
10600  15615.3  0.04
10620  57881.1  0.12
10640  26179.7  0.06
10660  76035  0.16
10680  52174.4  0.1
10700  37106.9  0.08
10720  37124.6  0.08
10740  109706  0.22
10760  37697.3  0.08
10780  37250.2  0.08
10800  64244.8  0.12
10820  74092.9  0.14
10840  41991.1  0.08
10860  20444.1  0.04
10880  26717.7  0.06
10900  47500.1  0.1
10920  29540.5  0.06
10940  38662.6  0.08
10960  73013.7  0.14
10980  110961  0.22
11000  18680.4  0.04
11020  31304.6  0.06
11040  15991.4  0.04
11060  77479.6  0.16
11080  40667.7  0.08
11100  16041  0.04
11120  53140.7  0.1
11140  42698.9  0.08
11160  70569.3  0.14
11180  66918.7  0.12
11200  31635.5  0.06
11220  52461.5  0.1
11240  39651.9  0.08
11260  80661.4  0.16
11280  73453.8  0.14
11300  40405.2  0.08
11320  80803.4  0.16
11340  114323  0.22
11360  68984.3  0.14
11380  80610.6  0.16
11400  68736.5  0.14
11420  76343.4  0.14
11440  90729.6  0.16
11460  86900.9  0.16
11480  20893  0.04
11500  73945.5  0.14
11520  58405.5  0.12
11540  76211.8  0.14
11560  93856  0.18
11580  122768  0.22
11600  70309.5  0.14
11620  19166.9  0.04
11640  68012.7  0.12
11660  39805.1  0.08
11680  39989.9  0.08
11700  67626.5  0.12
11720  21062  0.04
11740  77637.7  0.14
11760  21093.5  0.04
11780  42643.1  0.08
11800  31027.3  0.06
11820  110274  0.2
11840  105378  0.18
11860  70870.2  0.12
11880  31264.7  0.06
11900  86782.5  0.16
11920  31293.1  0.06
11940  110164  0.2
11960  43273.7  0.08
11980  64549.9  0.12
12000  121684  0.22
12020  56660.4  0.1
12040  61898.3  0.12
12060  134052  0.24
12080  21326.2  0.04
12100  19540.2  0.04
12120  41034.1  0.08
12140  164209  0.28
12160  86620.1  0.16
12180  76453.8  0.14
12200  75066.4  0.14
12220  33547  0.06
12240  81333.5  0.14
12260  92708  0.16
12280  160126  0.28
12300  58040.3  0.1
12320  117141  0.2
12340  92951.3  0.16
12360  57521.4  0.1
12380  113007  0.2
12400  19771.2  0.04
12420  102997  0.18
12440  71368.5  0.12
12460  36515.9  0.06
12480  21614.7  0.04
12500  34024.7  0.06
12520  54741.5  0.1
12540  113760  0.2
12560  48612.3  0.08
12580  89863.6  0.16
12600  32386.1  0.06
12620  17342.9  0.04
12640  74167  0.12
12660  32528  0.06
12680  103484  0.18
12700  102364  0.18
12720  82384.6  0.14
12740  68867.1  0.12
12760  47112.9  0.08
12780  104385  0.18
12800  145322  0.24
12820  95899.8  0.16
12840  77852.4  0.14
12860  59209.3  0.1
12880  68799.3  0.12
12900  67653.5  0.12
12920  126476  0.2
12940  82616  0.14
12960  73472.7  0.12
12980  84445.3  0.14
13000  76277.4  0.12
13020  43761.7  0.08
13040  92376.5  0.16
13060  114952  0.18
13080  30694.4  0.06
13100  144932  0.24
13120  61791.6  0.1
13140  35787.8  0.06
13160  83801.7  0.14
13180  22120.7  0.04
13200  83660  0.14
13220  92667.7  0.16
13240  44209  0.08
13260  108767  0.18
13280  116716  0.18
13300  81705.9  0.14
13320  22222.4  0.04
13340  125079  0.2
13360  59246.7  0.1
13380  20531.9  0.04
13400  31281.6  0.06
13420  31330.5  0.06
13440  85983.6  0.14
13460  18063.7  0.04
13480  73598.8  0.12
13500  44112.6  0.08
13520  82853.1  0.14
13540  33842.6  0.06
13560  152327  0.24
13580  33586.2  0.06
13600  35005.8  0.06
13620  22439.4  0.04
13640  154659  0.24
13660  48017.5  0.08
13680  34315.3  0.06
13700  111445  0.18
13720  117875  0.18
13740  22526.6  0.04
13760  72561.8  0.12
13780  36320.7  0.06
13800  33450.8  0.06
13820  103935  0.16
13840  49901.7  0.08
13860  93642.6  0.14
13880  145353  0.22
13900  168384  0.26
13920  34792.6  0.06
13940  140449  0.22
13960  152343  0.22
13980  22700.6  0.04
14000  34978.3  0.06
14020  79091.9  0.12
14040  70550.8  0.12
14060  145439  0.22
14080  84258  0.12
14100  80718.7  0.12
14120  22798.6  0.04
14140  88727.3  0.14
14160  49780.1  0.08
14180  22844.1  0.04
14200  100909  0.16
14220  93804.9  0.14
14240  90574.1  0.14
14260  106879  0.16
14280  49779.7  0.08
14300  61521.2  0.1
14320  63432  0.1
14340  65577.5  0.1
14360  98161.1  0.14
14380  57128.4  0.08
14400  95342.7  0.14
14420  47585.9  0.08
14440  28813.8  0.04
14460  33402.5  0.06
14480  94448.7  0.14
14500  45512  0.08
14520  47960.6  0.08
14540  78751.6  0.12
14560  123066  0.18
14580  19022.8  0.04
14600  28899.7  0.04
14620  19052.8  0.04
14640  135233  0.2
14660  104248  0.16
14680  134017  0.2
14700  92719.6  0.14
14720  36249.6  0.06
14740  23248.3  0.04
14760  151492  0.22
14780  133893  0.2
14800  78012.6  0.12
14820  66954.5  0.1
14840  51074.8  0.08
14860  50825.5  0.08
14880  164428  0.24
14900  95762.8  0.14
14920  76773.7  0.12
14940  121478  0.18
14960  116254  0.16
14980  154460  0.22
