100  4120.48  1
120  5508.81  1
140  6204.31  0.96
160  6990.57  0.88
180  8486.73  0.96
200  10877.7  1
220  11321.8  0.96
240  11789  0.94
260  11827.8  0.88
280  10499.3  0.74
300  10904.4  0.72
320  12073.5  0.76
340  13520.8  0.8
360  12571.1  0.7
380  14435.5  0.78
400  14224.8  0.74
420  13955.6  0.7
440  14224.5  0.66
460  16203.6  0.72
480  14752.9  0.62
500  15960.5  0.68
520  16077  0.64
540  17814.7  0.68
560  17665  0.64
580  18510.1  0.62
600  17951.4  0.58
620  19659.4  0.62
640  15157.9  0.48
660  19061.5  0.58
680  20001  0.6
700  18843.2  0.56
720  19655  0.56
740  18795.5  0.52
760  17767.6  0.48
780  20975.8  0.54
800  21282.9  0.54
820  19603  0.48
840  21528.6  0.52
860  23147  0.56
880  17541.1  0.42
900  21389.6  0.5
920  21372.5  0.46
940  24387.5  0.52
960  15042.4  0.32
980  23748.3  0.5
1000  25639.3  0.52
1020  19423.1  0.4
1040  22415.4  0.44
1060  16454.6  0.32
1080  21238.8  0.4
1100  25094.8  0.46
1120  19510.3  0.36
1140  18799.7  0.34
1160  28654  0.5
1180  19978  0.36
1200  18542.5  0.32
1220  26485.4  0.46
1240  23317.7  0.4
1260  18340.3  0.3
1280  27482.6  0.44
1300  25035.1  0.38
1320  23438.8  0.36
1340  22316.2  0.34
1360  27733.8  0.4
1380  14046.2  0.22
1400  18575.5  0.28
1420  23423.1  0.34
1440  24961.4  0.36
1460  24534.5  0.34
1480  19691.6  0.28
1500  25016.1  0.34
1520  23930.7  0.32
1540  29167.7  0.4
1560  26938.2  0.36
1580  19692.4  0.26
1600  18255.5  0.24
1620  17847.1  0.24
1640  29922.9  0.38
1660  22783.8  0.28
1680  21563  0.26
1700  24518.7  0.3
1720  17701.9  0.22
1740  21233.5  0.26
1760  30179.5  0.34
1780  18024.6  0.22
1800  35029.7  0.4
1820  15670.4  0.18
1840  18468.6  0.22
1860  27981.7  0.32
1880  15797.1  0.18
1900  19569.4  0.22
1920  19811.5  0.22
1940  19747.5  0.22
1960  17413.2  0.18
1980  19028.3  0.2
2000  28825.4  0.3
2020  13010.6  0.14
2040  14310.6  0.14
2060  33050.6  0.34
2080  38211.8  0.38
2100  38329.3  0.38
2120  14877.2  0.16
2140  20889.6  0.2
2160  31777.8  0.3
2180  23518  0.22
2200  27438.8  0.26
2220  23984.5  0.22
2240  29374.4  0.28
2260  36305.7  0.34
2280  40791.4  0.36
2300  19235.9  0.18
2320  25321.8  0.22
2340  23956.8  0.22
2360  43977.2  0.38
2380  29064  0.26
2400  20066.5  0.18
2420  23068.2  0.2
2440  12028.2  0.1
2460  25139.2  0.22
2480  29670.6  0.24
2500  36589.2  0.3
2520  25957.3  0.22
2540  16946.5  0.14
2560  28810.6  0.24
2580  20655.1  0.16
2600  17748.7  0.14
2620  25334.3  0.2
2640  30466.1  0.24
2660  10811.8  0.1
2680  24235.8  0.2
2700  14489.3  0.12
2720  27302.6  0.2
2740  12324.2  0.1
2760  38132.1  0.28
2780  23237.3  0.18
2800  35706  0.26
2820  23445.6  0.18
2840  30264  0.22
2860  17051.5  0.12
2880  15837.8  0.12
2900  19226.3  0.14
2920  47160.8  0.34
2940  34723.7  0.24
2960  14551  0.1
2980  17795.2  0.12
3000  26831.6  0.18
3020  26073  0.18
3040  17331  0.12
3060  19829.1  0.14
3080  26314.2  0.18
3100  38278.9  0.26
3120  34255.5  0.22
3140  32589.6  0.22
3160  39295  0.26
3180  37542.4  0.24
3200  28378  0.18
3220  46917.8  0.3
3240  22701.1  0.14
3260  44366.2  0.28
3280  34723.9  0.22
3300  42757.1  0.26
3320  41188  0.26
3340  28164.9  0.18
3360  53635.2  0.34
3380  21158.4  0.14
3400  11776  0.08
3420  46067.2  0.28
3440  35694.4  0.22
3460  40810  0.24
3480  24230.2  0.14
3500  33593.5  0.2
3520  22032.7  0.14
3540  28053.3  0.16
3560  38071.6  0.22
3580  29854.5  0.18
3600  16209.1  0.1
3620  35005.9  0.2
3640  25968.3  0.16
3660  55828.7  0.32
3680  29182.5  0.16
3700  17351.5  0.1
3720  44841.8  0.26
3740  15843.2  0.1
3760  38461.4  0.22
3780  60762  0.34
3800  38386.6  0.22
3820  20347.4  0.12
3840  26219.3  0.14
3860  23448.2  0.14
3880  38415.9  0.2
3900  22406.6  0.12
3920  42823.8  0.22
3940  41416.8  0.22
3960  14396.1  0.08
3980  26103.6  0.14
4000  21849.1  0.12
4020  23519  0.12
4040  19336.1  0.1
4060  30440.3  0.16
4080  25295.2  0.14
4100  25030.8  0.14
4120  26911  0.14
4140  32261.1  0.16
4160  36464.1  0.18
4180  29121.1  0.14
4200  34931  0.18
4220  19778.4  0.1
4240  34240.9  0.18
4260  27458.9  0.14
4280  64370.7  0.32
4300  32380.8  0.16
4320  44442.4  0.22
4340  38212.1  0.18
4360  59188.5  0.28
4380  33292.9  0.16
4400  53523.1  0.26
4420  30519.8  0.14
4440  23468.9  0.12
4460  39118.2  0.18
4480  37489.4  0.18
4500  26266  0.12
4520  41911.2  0.2
4540  56190.2  0.26
4560  35394.3  0.16
4580  26782  0.12
4600  34818.4  0.16
4620  26322.3  0.12
4640  34301.3  0.16
4660  32802.8  0.16
4680  33137.8  0.16
4700  37014.7  0.16
4720  29608.6  0.14
4740  58471.5  0.26
4760  30590  0.14
4780  73322.5  0.32
4800  15311.3  0.08
4820  55912.7  0.24
4840  25349.6  0.12
4860  45589.7  0.2
4880  38054.4  0.16
4900  33445  0.14
4920  42865.6  0.18
4940  43158.1  0.18
4960  41928.1  0.18
4980  26713.2  0.12
5000  41884.1  0.18
5020  42508.9  0.18
5040  31986.8  0.14
5060  49035.3  0.2
5080  39424.5  0.16
5100  48124.9  0.2
5120  52163.9  0.22
5140  19177.8  0.08
5160  48011.4  0.2
5180  22366.7  0.1
5200  25759.8  0.1
5220  74900  0.3
5240  54348.9  0.22
5260  69369.2  0.28
5280  65864.9  0.26
5300  24541.3  0.1
5320  65567.5  0.26
5340  31133.4  0.12
5360  27112.8  0.12
5380  43882.3  0.18
5400  22114.9  0.1
5420  22163.7  0.1
5440  78963.7  0.3
5460  13924.1  0.06
5480  37765.5  0.14
5500  27772.2  0.12
5520  22380.8  0.1
5540  36933.6  0.14
5560  77721.7  0.28
5580  34917.9  0.14
5600  32080  0.12
5620  50726.7  0.18
5640  22588.1  0.1
5660  32407.2  0.12
5680  60011.6  0.22
5700  44264.9  0.16
5720  30623.5  0.12
5740  64778.6  0.24
5760  54035.4  0.2
5780  36920.9  0.14
5800  43208.9  0.16
5820  43977.1  0.16
5840  48928.7  0.18
5860  54990.9  0.2
5880  27077.1  0.1
5900  60792.5  0.22
5920  43777.8  0.16
5940  17628.4  0.06
5960  54829.1  0.2
5980  62586.5  0.22
6000  32411  0.12
6020  15922  0.06
6040  11698.6  0.04
6060  11712.2  0.04
6080  57026.4  0.2
6100  36104  0.12
6120  36143.9  0.12
6140  17994  0.06
6160  39387  0.14
6180  24288.7  0.08
6200  39423  0.14
6220  57377.6  0.2
6240  65330.3  0.22
6260  82547  0.28
6280  29491  0.1
6300  16094.1  0.06
6320  75836.9  0.26
6340  47565.6  0.16
6360  96495  0.32
6380  77929.1  0.26
6400  47109.1  0.16
6420  31032.5  0.1
6440  42889.1  0.14
6460  36456.2  0.12
6480  27422.1  0.1
6500  25113.8  0.08
6520  24107.7  0.08
6540  81285  0.26
6560  56844.2  0.18
6580  85129.5  0.26
6600  61285.1  0.2
6620  23562.5  0.08
6640  59596.3  0.2
6660  74008.1  0.24
6680  53800.1  0.18
6700  22206.7  0.08
6720  51641.9  0.16
6740  50105.9  0.16
6760  48004.1  0.16
6780  75454.1  0.24
6800  50075.4  0.16
6820  12419  0.04
6840  19233.3  0.06
6860  12456.1  0.04
6880  78371.4  0.24
6900  81354.3  0.24
6920  26567.5  0.08
6940  38556.4  0.12
6960  25310.2  0.08
6980  55875.9  0.16
7000  31940.7  0.1
7020  64522.7  0.2
7040  19715.3  0.06
7060  27814.3  0.08
7080  25878.4  0.08
7100  26958.2  0.08
7120  78453.2  0.24
7140  30599.3  0.1
7160  12729.6  0.04
7180  52511  0.16
7200  49881.1  0.14
7220  27070.8  0.08
7240  26798.6  0.08
7260  66052.3  0.2
7280  51752.9  0.16
7300  20047.4  0.06
7320  52148.1  0.16
7340  68406.2  0.2
7360  46734.9  0.14
7380  26970.7  0.08
7400  53272.4  0.16
7420  89841  0.26
7440  37069.6  0.1
7460  13005.6  0.04
7480  27831.6  0.08
7500  76298.9  0.22
7520  77198.4  0.22
7540  48344.5  0.14
7560  20751.1  0.06
7580  64384.4  0.18
7600  19518.8  0.06
7620  115333  0.32
7640  37881  0.1
7660  34633.9  0.1
7680  92516.8  0.26
7700  62379.2  0.18
7720  63159.3  0.18
7740  47631.1  0.14
7760  86147.6  0.24
7780  42006.3  0.12
7800  37904.3  0.1
7820  87843.7  0.24
7840  88632.2  0.24
7860  37128.4  0.1
7880  35266.5  0.1
7900  33775  0.1
7920  21419.3  0.06
7940  28304.5  0.08
7960  28041.6  0.08
7980  77104.3  0.2
8000  36164.9  0.1
8020  21636.2  0.06
8040  72869.8  0.2
8060  13562.6  0.04
8080  44538.1  0.12
8100  85992.3  0.22
8120  27643.9  0.08
8140  48932.4  0.14
8160  75834.6  0.2
8180  35290.6  0.1
8200  36547.9  0.1
8220  55839.1  0.14
8240  100142  0.26
8260  48574.7  0.12
8280  21374.3  0.06
8300  39368.9  0.1
8320  100873  0.26
8340  39298.8  0.1
8360  76651.5  0.2
8380  41537  0.1
8400  53345.7  0.14
8420  25201  0.06
8440  51412.2  0.14
8460  46308.5  0.12
8480  22293.1  0.06
8500  41114.3  0.1
8520  39596.4  0.1
8540  43954.1  0.12
8560  48356  0.12
8580  80150.4  0.2
8600  86679.5  0.22
8620  46022.5  0.12
8640  31247.7  0.08
8660  22701.6  0.06
8680  14133.8  0.04
8700  71469.5  0.18
8720  89104.4  0.22
8740  37320.5  0.1
8760  34675.4  0.08
8780  46294  0.12
8800  68013.8  0.16
8820  51289.3  0.12
8840  63533.5  0.16
8860  38573.1  0.1
8880  63931.6  0.16
8900  91015.6  0.22
8920  45366.6  0.12
8940  83019.1  0.2
8960  14393.8  0.04
8980  56355.4  0.14
9000  31091  0.08
9020  23486.1  0.06
9040  39115.2  0.1
9060  100099  0.24
9080  23541.8  0.06
9100  36030.2  0.08
9120  30136.5  0.08
9140  14557.8  0.04
9160  14580  0.04
9180  74823  0.18
9200  34426.8  0.08
9220  74707.8  0.18
9240  66050.3  0.16
9260  67249.3  0.16
9280  23746.7  0.06
9300  32298.7  0.08
9320  39500.5  0.1
9340  49251.6  0.12
9360  57445.4  0.14
9380  14780.5  0.04
9400  133751  0.3
9420  96640.9  0.22
9440  41604.3  0.1
9460  38555  0.1
9480  24379.2  0.06
9500  72469  0.16
9520  96778.4  0.22
9540  67243.9  0.16
9560  81430.2  0.18
9580  43213.6  0.1
9600  58627.6  0.14
9620  24464.7  0.06
9640  106508  0.24
9660  70513.6  0.16
9680  33080.1  0.08
9700  34207.9  0.08
9720  15090.6  0.04
9740  61723.9  0.14
9760  108490  0.24
9780  51367.3  0.12
9800  24887.7  0.06
9820  24696.5  0.06
9840  79431.4  0.18
9860  41563.6  0.1
9880  51641.4  0.12
9900  15263.3  0.04
9920  20707.6  0.06
9940  60158.1  0.14
9960  59862.1  0.14
9980  50233.8  0.12
10000  50304.8  0.12
10020  20701.5  0.06
10040  142247  0.3
10060  44801.5  0.1
10080  30693.3  0.08
10100  54652.6  0.12
10120  44345.4  0.1
10140  55426.2  0.12
10160  53623  0.12
10180  35310.5  0.08
10200  15538  0.04
10220  53313.9  0.12
10240  51069.1  0.1
10260  61905.3  0.14
10280  54290.7  0.12
10300  41837.6  0.1
10320  54452.2  0.12
10340  85413.4  0.18
10360  63841.5  0.14
10380  57764.7  0.12
10400  36140.3  0.08
10420  41968.3  0.1
10440  64200.5  0.14
10460  15775.7  0.04
10480  34719.1  0.08
10500  36221.6  0.08
10520  26017.6  0.06
10540  55047.5  0.12
10560  15872.2  0.04
10580  86886.7  0.18
10600  44217.8  0.1
10620  77888.6  0.16
10640  76884.9  0.16
10660  68340.1  0.14
10680  97879.2  0.2
10700  131209  0.26
10720  35709.3  0.08
10740  31918.7  0.06
10760  16057.3  0.04
10780  16072.7  0.04
10800  32408.4  0.08
10820  58676.5  0.12
10840  55091.3  0.12
10860  43650.1  0.1
10880  47817.9  0.1
10900  32515.2  0.06
10920  38039.1  0.08
10940  115088  0.22
10960  67981.2  0.14
10980  47529.8  0.1
11000  40539  0.08
11020  52013.4  0.1
11040  16317.8  0.04
11060  32480  0.06
11080  48277.6  0.1
11100  59636.1  0.12
11120  33293.9  0.06
11140  54926.8  0.1
11160  44531.1  0.08
11180  38061.6  0.08
11200  52922.3  0.1
11220  102354  0.2
11240  73073.8  0.14
11260  96729  0.18
11280  50055.5  0.1
11300  59511.5  0.12
11320  16570.3  0.04
11340  93593.5  0.18
11360  74005.2  0.14
11380  44542.8  0.08
11400  40940.4  0.08
11420  104330  0.2
11440  38098.3  0.08
11460  33580.8  0.06
11480  95569.2  0.18
11500  39411.3  0.08
11520  22122.6  0.04
11540  70543.7  0.14
11560  71183.5  0.14
11580  62210  0.12
11600  85163.9  0.16
11620  45614  0.08
11640  16867.4  0.04
11660  22654.5  0.04
11680  16904.5  0.04
11700  46328.9  0.08
11720  106485  0.2
11740  16963.3  0.04
11760  40627  0.08
11780  61624.9  0.12
11800  104892  0.18
11820  63398.3  0.12
11840  63625.5  0.12
11860  85262  0.16
11880  45810.7  0.08
11900  63727.9  0.12
11920  119993  0.22
11940  28961.1  0.06
11960  110606  0.2
11980  17179.3  0.04
12000  22533.9  0.04
12020  17213.9  0.04
12040  41606.2  0.08
12060  28929.8  0.06
12080  23004  0.04
12100  87671.4  0.16
12120  17307.4  0.04
12140  47779.5  0.08
12160  27869.1  0.06
12180  123295  0.22
12200  49859.7  0.1
12220  149177  0.26
12240  17423.7  0.04
12260  111772  0.2
12280  36049.5  0.06
12300  52497.5  0.1
12320  46583.8  0.08
12340  59957.9  0.1
12360  48503.2  0.08
12380  23249.7  0.04
12400  35520.8  0.06
12420  29872.7  0.06
12440  26314.5  0.06
12460  36344.6  0.06
12480  76483  0.14
12500  42196.7  0.08
12520  57648.5  0.1
12540  118823  0.2
12560  56588.5  0.1
12580  81047.3  0.14
12600  60382.5  0.1
12620  132180  0.22
12640  17786.4  0.04
12660  35775.8  0.06
12680  17824.7  0.04
12700  46769.4  0.08
12720  36873.1  0.06
12740  48939.9  0.08
12760  63972.6  0.12
12780  52597.1  0.1
12800  49624.5  0.08
12820  98239.6  0.16
12840  24273.8  0.04
12860  40545.2  0.08
12880  91909.6  0.16
12900  18033.3  0.04
12920  119393  0.2
12940  77401.8  0.12
12960  94239.7  0.16
12980  91970.8  0.16
13000  28236.6  0.06
13020  91099.1  0.14
13040  53884.8  0.1
13060  44168.7  0.08
13080  144620  0.24
13100  42944.8  0.08
13120  119859  0.2
13140  97896.8  0.16
13160  66051.4  0.12
13180  81441.2  0.14
13200  24565.7  0.04
13220  44347.1  0.08
13240  35977.4  0.06
13260  80256.1  0.14
13280  106730  0.18
13300  24660.6  0.04
13320  37838.2  0.06
13340  28820.7  0.06
13360  43878  0.08
13380  109259  0.18
13400  50604.9  0.08
13420  38153.4  0.06
13440  24772.6  0.04
13460  73633.1  0.12
13480  123722  0.2
13500  37593.9  0.06
13520  120053  0.18
13540  121586  0.2
13560  55874.4  0.1
13580  37435.5  0.06
13600  51481.6  0.08
13620  45968.6  0.08
13640  69537.2  0.12
13660  97669.3  0.16
13680  18753.7  0.04
13700  71072.8  0.12
13720  51582.8  0.08
13740  46080.6  0.08
13760  64110.7  0.1
13780  64435.3  0.1
13800  25074.1  0.04
13820  37002.2  0.06
13840  32809.8  0.06
13860  32822.2  0.06
13880  25140.8  0.04
13900  111557  0.18
13920  25171.4  0.04
13940  32898.3  0.06
13960  86868.8  0.14
13980  39079.8  0.06
14000  74855.1  0.12
14020  38105.4  0.06
14040  77703.2  0.12
14060  114267  0.18
14080  70364  0.12
14100  127181  0.2
14120  33294.2  0.06
14140  24732.2  0.04
14160  38446.2  0.06
14180  19214.1  0.04
14200  76737.8  0.12
14220  48390.4  0.08
14240  131490  0.2
14260  101243  0.16
14280  116004  0.18
14300  24474.5  0.04
14320  53945.5  0.08
14340  25519.6  0.04
14360  39070.7  0.06
14380  39878  0.06
14400  48273.9  0.08
14420  116487  0.18
14440  111846  0.16
14460  53400.6  0.08
14480  39082.8  0.06
14500  133079  0.2
14520  101566  0.14
14540  54079.1  0.08
14560  54701.8  0.08
14580  53721.2  0.08
14600  25728.9  0.04
14620  54757.9  0.08
14640  48304  0.08
14660  45458.2  0.08
14680  74114.3  0.12
14700  40371.7  0.06
14720  39392.8  0.06
14740  90766  0.14
14760  39611.8  0.06
14780  92741.8  0.14
14800  55430.6  0.08
14820  92881.6  0.14
14840  19823.1  0.04
14860  74466.8  0.12
14880  24964.9  0.04
14900  64289.6  0.1
14920  120909  0.18
14940  54935.8  0.08
14960  39826.6  0.06
14980  62400.1  0.1
