100  4629.5  0.98
120  6064.03  1
140  7395.13  1
160  8283.77  0.96
180  8914.9  0.96
200  9571.94  0.96
220  10177  0.94
240  11731.4  1
260  11637.8  0.92
280  13154  0.96
300  14327.6  0.98
320  14573  0.92
340  14942.2  0.88
360  16637.9  0.94
380  15691.1  0.84
400  15849.8  0.82
420  19602.4  0.94
440  18299.1  0.84
460  17114.6  0.76
480  19363.9  0.82
500  20670.2  0.84
520  20418.4  0.78
540  18849  0.7
560  23359.2  0.84
580  18943.5  0.66
600  21131.7  0.72
620  20490.4  0.68
640  26840.6  0.86
660  18957.2  0.58
680  19748.1  0.6
700  23836.6  0.7
720  20344.5  0.56
740  25790.4  0.7
760  25296  0.66
780  27444.4  0.72
800  25905.3  0.66
820  31020.6  0.76
840  31030.7  0.76
860  28879.8  0.68
880  27077  0.62
900  25363.3  0.58
920  30935  0.68
940  25142.3  0.54
960  25851.4  0.54
980  22981.5  0.48
1000  28778.2  0.58
1020  31629.6  0.62
1040  34021.2  0.66
1060  27464.5  0.52
1080  32515.2  0.62
1100  27692.7  0.52
1120  21001.2  0.38
1140  32348.8  0.58
1160  26022.3  0.46
1180  28035  0.48
1200  29086.9  0.5
1220  30195.1  0.5
1240  32430  0.52
1260  42053.6  0.68
1280  27107.9  0.44
1300  33146  0.52
1320  41444.1  0.64
1340  25704.9  0.4
1360  26121.3  0.4
1380  32550.4  0.48
1400  39313.5  0.56
1420  20025.8  0.3
1440  35950.6  0.52
1460  31680.1  0.44
1480  37191.3  0.52
1500  33363.2  0.46
1520  42375.4  0.58
1540  34182.4  0.46
1560  28954.4  0.38
1580  32491  0.42
1600  29569.4  0.38
1620  37597.1  0.48
1640  30950.5  0.38
1660  50187.9  0.62
1680  29252.1  0.36
1700  23152.3  0.28
1720  31492.5  0.38
1740  40206.3  0.48
1760  26464.1  0.32
1780  34413.5  0.4
1800  37774.3  0.44
1820  32363.2  0.36
1840  30602.8  0.34
1860  36315.6  0.4
1880  32239.7  0.36
1900  33909.2  0.36
1920  48661.4  0.52
1940  37616.5  0.4
1960  35629.4  0.38
1980  31767.8  0.32
2000  33226.6  0.34
2020  38220.3  0.4
2040  16981.6  0.18
2060  20488.1  0.2
2080  36883.7  0.36
2100  40500.2  0.4
2120  30017.6  0.3
2140  25298.1  0.24
2160  18401.2  0.18
2180  29994.7  0.28
2200  42411.1  0.4
2220  45778.4  0.42
2240  29892  0.28
2260  36474.5  0.34
2280  37818.3  0.34
2300  21178.4  0.2
2320  33508.5  0.3
2340  25683.5  0.24
2360  49228.1  0.42
2380  33269.9  0.28
2400  37051.1  0.32
2420  33865.2  0.28
2440  32818.7  0.28
2460  44242.8  0.36
2480  49081.4  0.4
2500  33250.9  0.28
2520  25624.5  0.22
2540  31006.5  0.26
2560  31962  0.26
2580  31209.9  0.26
2600  54267.5  0.42
2620  35096.1  0.28
2640  42326.4  0.34
2660  34147.8  0.26
2680  34393.8  0.26
2700  36229.3  0.28
2720  24048  0.18
2740  44339  0.34
2760  26851.2  0.2
2780  38840.4  0.28
2800  46809.5  0.34
2820  21646.3  0.16
2840  31794.3  0.24
2860  19788.6  0.14
2880  38354.4  0.28
2900  28395  0.2
2920  51154.2  0.36
2940  46651.7  0.32
2960  45817.1  0.32
2980  41057.5  0.28
3000  45207.8  0.32
3020  29418.2  0.2
3040  23598.4  0.16
3060  44789.2  0.3
3080  22489  0.16
3100  47913.6  0.32
3120  38112.2  0.26
3140  28010.3  0.18
3160  35508.6  0.24
3180  17564.3  0.12
3200  39887.4  0.26
3220  33441.2  0.22
3240  52441  0.34
3260  43172.9  0.28
3280  41440.7  0.26
3300  33484.4  0.22
3320  51901.5  0.32
3340  60366.4  0.38
3360  59119.2  0.36
3380  35801.6  0.22
3400  49983  0.3
3420  41552.2  0.26
3440  44837.2  0.28
3460  39942.6  0.24
3480  44694.7  0.26
3500  61014.3  0.36
3520  36244.2  0.22
3540  37056.8  0.22
3560  39516.7  0.24
3580  35664.1  0.2
3600  27846.6  0.16
3620  42206.2  0.24
3640  38889.1  0.22
3660  36057  0.2
3680  25022.7  0.14
3700  49448.7  0.28
3720  54157.1  0.3
3740  47269.8  0.26
3760  39177.8  0.22
3780  18541  0.1
3800  26714.7  0.16
3820  64162.8  0.34
3840  44799  0.24
3860  40106.8  0.22
3880  40888.7  0.22
3900  39683.4  0.22
3920  71804.3  0.38
3940  14648.8  0.08
3960  50021.6  0.26
3980  33222.5  0.18
4000  19157.1  0.1
4020  53126.7  0.28
4040  30067  0.16
4060  36895.6  0.2
4080  30663.7  0.16
4100  39485.8  0.2
4120  35358.7  0.18
4140  59799.2  0.3
4160  38020.6  0.2
4180  43721.8  0.22
4200  65151.1  0.32
4220  14852.2  0.08
4240  48366.4  0.24
4260  23443.8  0.12
4280  45087.7  0.22
4300  32819.9  0.16
4320  54154.7  0.26
4340  40464.2  0.2
4360  42761.3  0.2
4380  59448.5  0.28
4400  48513.3  0.24
4420  70971.5  0.32
4440  30683.2  0.14
4460  38172.2  0.18
4480  72246  0.34
4500  59102.9  0.28
4520  38520.1  0.18
4540  34725  0.16
4560  29837.2  0.14
4580  47474.1  0.22
4600  34666.4  0.16
4620  33649.6  0.16
4640  28001.3  0.14
4660  59164.9  0.26
4680  31978.2  0.14
4700  57655.8  0.26
4720  86236.5  0.38
4740  36542.1  0.16
4760  62831.1  0.28
4780  54516.2  0.24
4800  70677.3  0.3
4820  64482.6  0.28
4840  61904.1  0.26
4860  44305.5  0.2
4880  44426.6  0.2
4900  77554.7  0.32
4920  59343.5  0.26
4940  23830.1  0.1
4960  41434.2  0.18
4980  44833.3  0.18
5000  66868.4  0.28
5020  68372.3  0.28
5040  57419.6  0.24
5060  41182.5  0.18
5080  47327.8  0.2
5100  22635.5  0.1
5120  46604.2  0.2
5140  37708.9  0.16
5160  46402.2  0.18
5180  32365.8  0.14
5200  59978.9  0.24
5220  71098.5  0.28
5240  42512.1  0.18
5260  47331  0.2
5280  59187.6  0.24
5300  70677.8  0.28
5320  33697.1  0.14
5340  31933.6  0.12
5360  27911.8  0.12
5380  35164.1  0.14
5400  48510.3  0.18
5420  49499  0.2
5440  89112.2  0.34
5460  61730.9  0.24
5480  62639.9  0.24
5500  32475  0.12
5520  62786.7  0.24
5540  98478.2  0.36
5560  61695.8  0.24
5580  51335.2  0.2
5600  94547.4  0.34
5620  62067.8  0.24
5640  48944  0.18
5660  23126  0.1
5680  74944.3  0.28
5700  33672.9  0.12
5720  39453  0.14
5740  59314.4  0.22
5760  62144.5  0.22
5780  56740.8  0.2
5800  38462.9  0.14
5820  70212.6  0.26
5840  75070.7  0.26
5860  50183.5  0.18
5880  20671.1  0.08
5900  33836.6  0.12
5920  44175.5  0.16
5940  34966.3  0.12
5960  113674  0.4
5980  68539.6  0.24
6000  69785.8  0.24
6020  80788.7  0.28
6040  37644.6  0.14
6060  27324.9  0.1
6080  81204.5  0.28
6100  40829.3  0.14
6120  74347  0.26
6140  44082.9  0.16
6160  44644.7  0.16
6180  60051.5  0.2
6200  51338.4  0.18
6220  59527.8  0.2
6240  33556.6  0.12
6260  62357.6  0.2
6280  38558.5  0.14
6300  28124.2  0.1
6320  52537.3  0.18
6340  68443.3  0.22
6360  65852.1  0.22
6380  62479.6  0.2
6400  55515  0.18
6420  67590.6  0.22
6440  61370.3  0.2
6460  44680.1  0.14
6480  54484.5  0.18
6500  45936  0.16
6520  66287.8  0.22
6540  87559  0.28
6560  66200.2  0.22
6580  75879.1  0.24
6600  79245.3  0.26
6620  22006.6  0.08
6640  51809.4  0.16
6660  68326.9  0.22
6680  26235.2  0.08
6700  107379  0.34
6720  94190.8  0.3
6740  47678.9  0.16
6760  49681.9  0.16
6780  46098.8  0.14
6800  39803.2  0.12
6820  18678.6  0.06
6840  39384.5  0.12
6860  32420.6  0.1
6880  58074.9  0.18
6900  68232.4  0.2
6920  78314.3  0.24
6940  54784.1  0.16
6960  43844.8  0.14
6980  26079.5  0.08
7000  89637.9  0.26
7020  86521.5  0.26
7040  28353.9  0.1
7060  64917  0.2
7080  68367.4  0.2
7100  20925.6  0.06
7120  78151.5  0.22
7140  40749  0.12
7160  50959.6  0.16
7180  35668.3  0.1
7200  55282.1  0.16
7220  67129  0.2
7240  30070.6  0.1
7260  33947  0.1
7280  63028.9  0.18
7300  69518.4  0.2
7320  44325  0.14
7340  51785.2  0.16
7360  50268.3  0.14
7380  61827.3  0.18
7400  44785.2  0.14
7420  67074.6  0.2
7440  47366.3  0.14
7460  38443.7  0.12
7480  41948.9  0.12
7500  46038.1  0.14
7520  39508.3  0.12
7540  42166.1  0.12
7560  38953.7  0.12
7580  53086.1  0.16
7600  31377.9  0.1
7620  53690.6  0.16
7640  93873.2  0.26
7660  26062.1  0.08
7680  41416  0.12
7700  78322.2  0.22
7720  78197  0.22
7740  20100.9  0.06
7760  22816.6  0.06
7780  35869.6  0.1
7800  76359.8  0.2
7820  31134.3  0.08
7840  72826.6  0.2
7860  36916.2  0.1
7880  54975.6  0.14
7900  32472.8  0.1
7920  66278.9  0.18
7940  42206.6  0.12
7960  37887.1  0.1
7980  23984.6  0.08
8000  41868.2  0.12
8020  36481.2  0.1
8040  39781  0.1
8060  49202.4  0.14
8080  72049.9  0.18
8100  83543.7  0.22
8120  51880.4  0.14
8140  40160.6  0.1
8160  37286.9  0.1
8180  33513.5  0.1
8200  58791.2  0.16
8220  40943.9  0.1
8240  59895.5  0.16
8260  24288.5  0.06
8280  16305.6  0.04
8300  16168.4  0.04
8320  39913.8  0.1
8340  50215.8  0.14
8360  31736.7  0.08
8380  72012.6  0.18
8400  25089.4  0.06
8420  16401.7  0.04
8440  48232.1  0.12
8460  112542  0.28
8480  24724.2  0.06
8500  44794.6  0.12
8520  24950.3  0.06
8540  24860.3  0.06
8560  41738.4  0.1
8580  67837.5  0.16
8600  42019.4  0.1
8620  43690.1  0.12
8640  109124  0.26
8660  25101  0.06
8680  25039.9  0.06
8700  50776.7  0.12
8720  78969.2  0.2
8740  27359  0.08
8760  82058.5  0.2
8780  59098  0.14
8800  17951.7  0.06
8820  49355.5  0.12
8840  56563  0.14
8860  40018.9  0.1
8880  62776.6  0.16
8900  43228.2  0.1
8920  49355.1  0.12
8940  16611.9  0.04
8960  34509.9  0.08
8980  32310.2  0.08
9000  43612.2  0.1
9020  74019.7  0.18
9040  25810.9  0.06
9060  74651.9  0.18
9080  50540.3  0.12
9100  25813.9  0.06
9120  26802.3  0.06
9140  93161.2  0.22
9160  16764.9  0.04
9180  25630.5  0.06
9200  35212.6  0.08
9220  26106.7  0.06
9240  85150.3  0.2
9260  16980.1  0.04
9280  58492.5  0.14
9300  26228.3  0.06
9320  34725.9  0.08
9340  41207.9  0.1
9360  70155  0.16
9380  61797.7  0.14
9400  40214.8  0.1
9420  80541.6  0.18
9440  26477.4  0.06
9460  97086.8  0.22
9480  17130.7  0.04
9500  64375.1  0.14
9520  35221.4  0.08
9540  44165.7  0.1
9560  44873.3  0.1
9580  26509.4  0.06
9600  27622.8  0.06
9620  50875.8  0.12
9640  109301  0.24
9660  36546.9  0.08
9680  91769.2  0.2
9700  109787  0.24
9720  121692  0.26
9740  26905.9  0.06
9760  67912.3  0.14
9780  44500.5  0.1
9800  34829.2  0.08
9820  86817.4  0.18
9840  34865.9  0.08
9860  17252.5  0.04
9880  44893.2  0.1
9900  72077.6  0.16
9920  73476.1  0.16
9940  66494.8  0.14
9960  35079.3  0.08
9980  27300.8  0.06
10000  91831.9  0.2
10020  18420.7  0.04
10040  69623.5  0.14
10060  87238.1  0.18
10080  72489.3  0.16
10100  18472.2  0.04
10120  95933.1  0.2
10140  48718.2  0.1
10160  52867  0.12
10180  63559.1  0.14
10200  17485.6  0.04
10220  46605.6  0.1
10240  35795.4  0.08
10260  90606.3  0.18
10280  48123.6  0.1
10300  25857.5  0.06
10320  17710.1  0.04
10340  43447.9  0.1
10360  60967.1  0.12
10380  64454.2  0.14
10400  86648.3  0.18
10420  38324  0.08
10440  36673.4  0.08
10460  18707.4  0.04
10480  35927.9  0.08
10500  67256.7  0.14
10520  50371.5  0.1
10540  59533.9  0.12
10560  29174.9  0.06
10580  17891.3  0.04
10600  61264.3  0.12
10620  50429  0.1
10640  41793.3  0.08
10660  107353  0.22
10680  104286  0.2
10700  55042.6  0.12
10720  58445.7  0.12
10740  64233.1  0.12
10760  39284.9  0.08
10780  86976.9  0.18
10800  58696.3  0.12
10820  17921.4  0.04
10840  59328.8  0.12
10860  126032  0.24
10880  50612.2  0.1
10900  61816.4  0.12
10920  73165.8  0.14
10940  111750  0.22
10960  89529.1  0.18
10980  59301.5  0.12
11000  57905.3  0.12
11020  39782.4  0.08
11040  19084.6  0.04
11060  145006  0.28
11080  57238.2  0.12
11100  27201.6  0.06
11120  29153.7  0.06
11140  73104.4  0.14
11160  86440.7  0.16
11180  49948.3  0.1
11200  92136.6  0.18
11220  74786.1  0.14
11240  18213  0.04
11260  16372  0.04
11280  40454.9  0.08
11300  133098  0.24
11320  115357  0.22
11340  123460  0.22
11360  49533.5  0.1
11380  70246.5  0.14
11400  53262.2  0.1
11420  50629.6  0.1
11440  84143.2  0.16
11460  103321  0.2
11480  86727.4  0.16
11500  52628.7  0.1
11520  18537.2  0.04
11540  61360.5  0.12
11560  71558.3  0.14
11580  48727.4  0.1
11600  39831.6  0.08
11620  107301  0.2
11640  60049.1  0.12
11660  83916.6  0.16
11680  63450.6  0.12
11700  152592  0.28
11720  19523.3  0.04
11740  40008.7  0.08
11760  31204.3  0.06
11780  83689.7  0.16
11800  108176  0.2
11820  96849.3  0.18
11840  61109.9  0.12
11860  77185.1  0.14
11880  91377.6  0.16
11900  121356  0.22
11920  37925.6  0.08
11940  18827.7  0.04
11960  74143.5  0.14
11980  50059  0.1
12000  86507.9  0.16
12020  100718  0.18
12040  30940.5  0.06
12060  102937  0.18
12080  125094  0.22
12100  90944.8  0.16
12120  54887  0.1
12140  63073  0.12
12160  62165.6  0.12
12180  30907.7  0.06
12200  66586  0.12
12220  43235.5  0.08
12240  92618.5  0.16
12260  29444.8  0.06
12280  43479.4  0.08
12300  56398.1  0.1
12320  27964.8  0.06
12340  126122  0.22
12360  44663.7  0.08
12380  76743.6  0.14
12400  70045.5  0.12
12420  80140.2  0.14
12440  88699.8  0.16
12460  31417.8  0.06
12480  70330.8  0.12
12500  20029.4  0.04
12520  45617.5  0.08
12540  103172  0.18
12560  44942.8  0.08
12580  47954.5  0.08
12600  42484.7  0.08
12620  19170.4  0.04
12640  33499.6  0.06
12660  67524.8  0.12
12680  91089.9  0.16
12700  67998.4  0.12
12720  69639.3  0.12
12740  33716.9  0.06
12760  92080.6  0.16
12780  32866.8  0.06
12800  91585.8  0.16
12820  19429.9  0.04
12840  56876.5  0.1
12860  34085.7  0.06
12880  71399.5  0.12
12900  20297.4  0.04
12920  32332.4  0.06
12940  93256.9  0.16
12960  54964.2  0.1
12980  32497.1  0.06
13000  30611.5  0.06
13020  20372.2  0.04
13040  20387  0.04
13060  47293.9  0.08
13080  71477.8  0.12
13100  83858.3  0.14
13120  17813.8  0.04
13140  21373.7  0.04
13160  93338.5  0.16
13180  51391.5  0.08
13200  89348.9  0.14
13220  46478.4  0.08
13240  111663  0.18
13260  122854  0.2
13280  32806.4  0.06
13300  60874.2  0.1
13320  128262  0.2
13340  95571.6  0.16
13360  20593.9  0.04
13380  57948.8  0.1
13400  34011.1  0.06
13420  76028.2  0.12
13440  33140  0.06
13460  140330  0.22
13480  102042  0.16
13500  48402.4  0.08
13520  21600.7  0.04
13540  45042.8  0.08
13560  20727.3  0.04
13580  46902.5  0.08
13600  110339  0.18
13620  70170.4  0.12
13640  128288  0.2
13660  65331.8  0.1
13680  137764  0.22
13700  117912  0.18
13720  45408.8  0.08
13740  97216.9  0.16
13760  35344.9  0.06
13780  86973.3  0.14
13800  154501  0.24
13820  76389.4  0.12
13840  155165  0.24
13860  168208  0.26
13880  62383  0.1
13900  20949  0.04
13920  49533.1  0.08
13940  49422.5  0.08
13960  20221.1  0.04
13980  47974.7  0.08
14000  120632  0.18
14020  100573  0.16
14040  35794.6  0.06
14060  95628.5  0.14
14080  142588  0.22
14100  34127  0.06
14120  78919.6  0.12
14140  61777.2  0.1
14160  82412.2  0.12
14180  32251.7  0.06
14200  100349  0.16
14220  21152.5  0.04
14240  123905  0.18
14260  48599.9  0.08
14280  58652.6  0.1
14300  22077.5  0.04
14320  48776  0.08
14340  22101.2  0.04
14360  77659.5  0.12
14380  47440.6  0.08
14400  177379  0.26
14420  101413  0.16
14440  33141.1  0.06
14460  33184.9  0.06
14480  50180  0.08
14500  112953  0.16
14520  50263.7  0.08
14540  20506.5  0.04
14560  117157  0.18
14580  96912.8  0.14
14600  117239  0.18
14620  20672.9  0.04
14640  35079.1  0.06
14660  77654  0.12
14680  20715.4  0.04
14700  119297  0.18
14720  50742.5  0.08
14740  65291.8  0.1
14760  111620  0.16
14780  98968.3  0.14
14800  50934.6  0.08
14820  96394  0.14
14840  107963  0.16
14860  36254.6  0.06
14880  76706.8  0.12
14900  50471.1  0.08
14920  119868  0.18
14940  110411  0.16
14960  138093  0.2
14980  89833  0.14
