100  5050.75  1
120  5736.99  1
140  7200.5  0.96
160  8190.65  1
180  8770.29  0.94
200  9985.79  1
220  10955.9  1
240  11275.1  0.96
260  12578.4  1
280  13965.8  1
300  14536  0.98
320  15464.4  1
340  15689.7  0.96
360  16242.9  0.94
380  17625.7  0.94
400  18825.8  0.94
420  19581.2  0.94
440  18947.4  0.88
460  20237  0.9
480  20387.3  0.86
500  21319.4  0.86
520  22335.8  0.86
540  23495.3  0.88
560  21633.3  0.78
580  22779.7  0.8
600  24007.4  0.84
620  28178.1  0.92
640  27239.8  0.86
660  23556.3  0.72
680  27952.3  0.82
700  24390.7  0.7
720  25891.3  0.72
740  27377.9  0.76
760  25058.1  0.66
780  30132  0.8
800  27644.1  0.72
820  25200.6  0.64
840  32386.4  0.78
860  30113.4  0.72
880  32179  0.74
900  27977.4  0.62
920  28585.2  0.62
940  30347  0.66
960  35997.7  0.76
980  37225.4  0.78
1000  30628.7  0.62
1020  34766.6  0.7
1040  29221.1  0.58
1060  32886  0.64
1080  24896.8  0.48
1100  37122.1  0.68
1120  34963.7  0.64
1140  33389.6  0.6
1160  32950.2  0.58
1180  32704  0.56
1200  35993.7  0.6
1220  40366.4  0.66
1240  30969.2  0.5
1260  37721.8  0.6
1280  45627.1  0.72
1300  33392  0.52
1320  36499  0.56
1340  38305.7  0.58
1360  43716.1  0.66
1380  31970.6  0.48
1400  36814.6  0.54
1420  41881.9  0.6
1440  31200.7  0.44
1460  39547.1  0.54
1480  33269.1  0.46
1500  32768.7  0.44
1520  39069.1  0.52
1540  40957.1  0.54
1560  44401.8  0.58
1580  28155.7  0.36
1600  44030.2  0.56
1620  30499.5  0.38
1640  49692.9  0.62
1660  37416.8  0.46
1680  34885.5  0.42
1700  45418.1  0.54
1720  49230.3  0.58
1740  37493.9  0.44
1760  50533.2  0.58
1780  40544.3  0.46
1800  55120  0.62
1820  39147.5  0.44
1840  36183.1  0.4
1860  44757.6  0.5
1880  34769.2  0.38
1900  43998.3  0.48
1920  39438.8  0.42
1940  33824.6  0.36
1960  32213.6  0.34
1980  45617.2  0.46
2000  37406.3  0.38
2020  48219.9  0.48
2040  31655.8  0.32
2060  59885.7  0.6
2080  43264.8  0.42
2100  47216.4  0.46
2120  31028.3  0.3
2140  37842.7  0.36
2160  50458.9  0.48
2180  41376.2  0.38
2200  45146.1  0.42
2220  45849  0.42
2240  62650.1  0.58
2260  35060.5  0.32
2280  38452.5  0.34
2300  43728.1  0.4
2320  32938.7  0.3
2340  58079.6  0.5
2360  42246.3  0.36
2380  44136.7  0.38
2400  43188.8  0.38
2420  42443.3  0.36
2440  55129.7  0.46
2460  43706.4  0.36
2480  38441  0.32
2500  54375.6  0.44
2520  23706.3  0.2
2540  58044.9  0.46
2560  30827.3  0.26
2580  37201.3  0.3
2600  40667.2  0.32
2620  75959.5  0.58
2640  51245.1  0.4
2660  47233.6  0.36
2680  31179.6  0.24
2700  57290.1  0.44
2720  61318.5  0.46
2740  48847.2  0.36
2760  48844  0.36
2780  35660.4  0.26
2800  59930.8  0.44
2820  48439.6  0.36
2840  38446.7  0.28
2860  83783.5  0.6
2880  73718.2  0.52
2900  54257.9  0.38
2920  45111.8  0.32
2940  74718.4  0.52
2960  48843.9  0.34
2980  22036.3  0.16
3000  73139.9  0.5
3020  28714.4  0.2
3040  35412.5  0.24
3060  49285.8  0.34
3080  39824.4  0.26
3100  42441.2  0.28
3120  42082.1  0.28
3140  47675.9  0.32
3160  68241.9  0.44
3180  74615.8  0.48
3200  61788.2  0.4
3220  38925.1  0.26
3240  59533.9  0.38
3260  48027.8  0.3
3280  75929.5  0.48
3300  36422.6  0.24
3320  70133.2  0.44
3340  63243  0.38
3360  79206.3  0.48
3380  70143.4  0.42
3400  62816.3  0.38
3420  48322.4  0.3
3440  70540.8  0.42
3460  27782.5  0.18
3480  89772.6  0.52
3500  38053.9  0.22
3520  37714.4  0.22
3540  49201.3  0.28
3560  82896.8  0.48
3580  52180  0.3
3600  35122.6  0.2
3620  67766.1  0.38
3640  57696.2  0.32
3660  42283.7  0.24
3680  47955.2  0.28
3700  44037  0.24
3720  47570.9  0.26
3740  79193.8  0.44
3760  40644.1  0.22
3780  50334.1  0.28
3800  64060.5  0.34
3820  89129.4  0.48
3840  92874.8  0.5
3860  70781.7  0.38
3880  37938.8  0.2
3900  47043.4  0.26
3920  46632.2  0.24
3940  59716  0.32
3960  52097.6  0.28
3980  46163.9  0.24
4000  52516.1  0.28
4020  55370.9  0.28
4040  37558.7  0.2
4060  45181.5  0.24
4080  41160.7  0.22
4100  56350.7  0.28
4120  64328.4  0.32
4140  32097.8  0.16
4160  28386.9  0.14
4180  62512.8  0.3
4200  74265.3  0.36
4220  49021.5  0.24
4240  47060.1  0.24
4260  56798.8  0.28
4280  48990  0.24
4300  100740  0.48
4320  49767.4  0.24
4340  54184.6  0.26
4360  42583.1  0.2
4380  69311.8  0.32
4400  42215  0.2
4420  41086  0.2
4440  31978.9  0.16
4460  29279.8  0.14
4480  37350.5  0.18
4500  55766.6  0.26
4520  68315.3  0.32
4540  42311.6  0.2
4560  43840.1  0.2
4580  86811.1  0.38
4600  88772.8  0.4
4620  73556.1  0.32
4640  70107.2  0.32
4660  52358.1  0.24
4680  69892  0.3
4700  94981.6  0.42
4720  51924.2  0.22
4740  51940.8  0.22
4760  49102.9  0.22
4780  41056.3  0.18
4800  53977.4  0.24
4820  45925.1  0.2
4840  48663.3  0.22
4860  49598.9  0.22
4880  46066.2  0.2
4900  65777  0.28
4920  51177.2  0.22
4940  31847.3  0.14
4960  63805.5  0.26
4980  124672  0.52
5000  78999.8  0.32
5020  59773.9  0.24
5040  97041.2  0.4
5060  44246.8  0.18
5080  53470.3  0.22
5100  54368  0.22
5120  53709.6  0.22
5140  50736.6  0.2
5160  61370.4  0.24
5180  53473.5  0.22
5200  82498.1  0.32
5220  71627.1  0.28
5240  74167.1  0.3
5260  131377  0.52
5280  102367  0.4
5300  85679.5  0.34
5320  43490.2  0.18
5340  63950  0.24
5360  56396.9  0.22
5380  108568  0.42
5400  111032  0.42
5420  66017.5  0.26
5440  38970.6  0.16
5460  69667.8  0.26
5480  92117.4  0.34
5500  90511.1  0.34
5520  96058.4  0.36
5540  54942.7  0.2
5560  67808.2  0.26
5580  40295.6  0.16
5600  24704.3  0.1
5620  86915.1  0.32
5640  47210.5  0.18
5660  89576.4  0.32
5680  63886.1  0.24
5700  109358  0.4
5720  47101.6  0.18
5740  34790.1  0.14
5760  36940.9  0.14
5780  46972.5  0.18
5800  76668.1  0.28
5820  65400.6  0.24
5840  120668  0.42
5860  117478  0.42
5880  45986.1  0.16
5900  97972.1  0.34
5920  59762  0.22
5940  88155.9  0.3
5960  66224.9  0.24
5980  47952.6  0.18
6000  121048  0.42
6020  54428.7  0.2
6040  55437.6  0.2
6060  31320  0.12
6080  79323.4  0.28
6100  92815.8  0.32
6120  52865.7  0.18
6140  73124.6  0.24
6160  96967.6  0.32
6180  84764  0.28
6200  56841.1  0.2
6220  43083.2  0.14
6240  43021  0.14
6260  37353.8  0.12
6280  52430.6  0.18
6300  57123.6  0.2
6320  92664  0.3
6340  59108.8  0.2
6360  83842.7  0.28
6380  106843  0.34
6400  40864.5  0.14
6420  71494.4  0.24
6440  58364.5  0.2
6460  64781.6  0.22
6480  41614.8  0.14
6500  87742.7  0.28
6520  65786.6  0.22
6540  73726.2  0.24
6560  48019.9  0.16
6580  51531.4  0.16
6600  51108.6  0.16
6620  59659.3  0.18
6640  39019.5  0.12
6660  42259.3  0.14
6680  32459.1  0.1
6700  80291.6  0.26
6720  48820.3  0.16
6740  119167  0.36
6760  47758.5  0.16
6780  116302  0.36
6800  39890.1  0.12
6820  100532  0.3
6840  52956.1  0.16
6860  42481.9  0.14
6880  72218.2  0.22
6900  41497.3  0.14
6920  108479  0.32
6940  98455.4  0.3
6960  46297  0.14
6980  48747.3  0.14
7000  33817.3  0.1
7020  93613.1  0.28
7040  110351  0.32
7060  99591.7  0.3
7080  49281.7  0.14
7100  44761.2  0.14
7120  93183.9  0.28
7140  54721.9  0.16
7160  83784.7  0.24
7180  48529.7  0.14
7200  44451.2  0.14
7220  56065  0.16
7240  116443  0.34
7260  104278  0.3
7280  65032.2  0.18
7300  34927.3  0.1
7320  43620.9  0.12
7340  36633.1  0.1
7360  36825.8  0.1
7380  42636.1  0.12
7400  91807  0.26
7420  99631.3  0.28
7440  120367  0.34
7460  36858.3  0.1
7480  71790.4  0.2
7500  128626  0.36
7520  58900.3  0.16
7540  57969.6  0.16
7560  43490.4  0.12
7580  122686  0.34
7600  137529  0.38
7620  120554  0.32
7640  63499.7  0.18
7660  58964.2  0.16
7680  94397.2  0.26
7700  36199  0.1
7720  164402  0.44
7740  104844  0.28
7760  45397.9  0.12
7780  58839  0.16
7800  59034.5  0.16
7820  77153.3  0.2
7840  36991.9  0.1
7860  97562.2  0.26
7880  111494  0.3
7900  39012  0.1
7920  49363.7  0.14
7940  151734  0.4
7960  45262.8  0.12
7980  74067.2  0.2
8000  75881.3  0.2
8020  38899.3  0.1
8040  45779.9  0.12
8060  101477  0.26
8080  39173.9  0.1
8100  117277  0.3
8120  71650.5  0.18
8140  187835  0.48
8160  76151.7  0.2
8180  31931.6  0.08
8200  31560.6  0.08
8220  47917.2  0.12
8240  48135  0.12
8260  148241  0.36
8280  143615  0.36
8300  32280.4  0.08
8320  100988  0.26
8340  59581.6  0.16
8360  83200.8  0.2
8380  48990.5  0.12
8400  40931.6  0.1
8420  95077.4  0.24
8440  41123.6  0.1
8460  30936.4  0.08
8480  110488  0.28
8500  147032  0.36
8520  32891.5  0.08
8540  51168.6  0.12
8560  73181.6  0.18
8580  33077.5  0.08
8600  66629.4  0.16
8620  34700.4  0.1
8640  60200.2  0.14
8660  31501.4  0.08
8680  65328.8  0.16
8700  69140  0.16
8720  74125.7  0.18
8740  42221.3  0.1
8760  140816  0.34
8780  89827.4  0.22
8800  41963.8  0.1
8820  75305.9  0.18
8840  75654.7  0.18
8860  33950.1  0.08
8880  33945.3  0.08
8900  93450.5  0.22
8920  110097  0.26
8940  128399  0.3
8960  34183.5  0.08
8980  43077.8  0.1
9000  53320.4  0.12
9020  40356.2  0.1
9040  41499.4  0.1
9060  119077  0.28
9080  32649.2  0.08
9100  52218.8  0.12
9120  34671.1  0.08
9140  101818  0.24
9160  34793  0.08
9180  96510  0.22
9200  120544  0.28
9220  54332.2  0.12
9240  133786  0.3
9260  55046.4  0.12
9280  177485  0.4
9300  45716.6  0.1
9320  35011.2  0.08
9340  116115  0.26
9360  35086.8  0.08
9380  83037.8  0.18
9400  35586.9  0.08
9420  46511.5  0.1
9440  55959.8  0.12
9460  113554  0.26
9480  46354.7  0.1
9500  152243  0.34
9520  35549.6  0.08
9540  33964.9  0.08
9560  45469.6  0.1
9580  65694.3  0.14
9600  79131.3  0.18
9620  83486.8  0.18
9640  56885.7  0.12
9660  36276.6  0.08
9680  57134.5  0.12
9700  37708.9  0.08
9720  65169.7  0.14
9740  55438.5  0.12
9760  57108.5  0.12
9780  156694  0.34
9800  81362.9  0.18
9820  36800.2  0.08
9840  36541.6  0.08
9860  93415  0.2
9880  43868.3  0.1
9900  133537  0.28
9920  48403  0.1
9940  38776.3  0.08
9960  71101  0.16
9980  47047.8  0.1
10000  57047.3  0.12
10020  48413.4  0.1
10040  36535.7  0.08
10060  37153  0.08
10080  37522.7  0.08
10100  37571.7  0.08
10120  58735.4  0.12
10140  116752  0.24
10160  130554  0.26
10180  37853.2  0.08
10200  139308  0.28
10220  37942.2  0.08
10240  69638.6  0.14
10260  146462  0.3
10280  46144.8  0.1
10300  87532.5  0.18
10320  56525.2  0.12
10340  95616.7  0.2
10360  92685.2  0.18
10380  47590.4  0.1
10400  39762  0.08
10420  58852.8  0.12
10440  105551  0.22
10460  108893  0.22
10480  61078  0.12
10500  50410.8  0.1
10520  61154.1  0.12
10540  69780.7  0.14
10560  50980  0.1
10580  47274.2  0.1
10600  140257  0.28
10620  60076.1  0.12
10640  39206.9  0.08
10660  149803  0.3
10680  93474.9  0.18
10700  39363.8  0.08
10720  103182  0.2
10740  222159  0.42
10760  51960.3  0.1
10780  114618  0.22
10800  110494  0.22
10820  50479.7  0.1
10840  88490.5  0.18
10860  39846.8  0.08
10880  73456.4  0.14
10900  121380  0.24
10920  165072  0.32
10940  163826  0.3
10960  59597.3  0.12
10980  95608.1  0.18
11000  50727.6  0.1
11020  58141.4  0.12
11040  40385.7  0.08
11060  62230.5  0.12
11080  91250.9  0.18
11100  162320  0.3
11120  53344.6  0.1
11140  52954.9  0.1
11160  51770.3  0.1
11180  138210  0.26
11200  102882  0.2
11220  75893.9  0.14
11240  53628.5  0.1
11260  85229.3  0.16
11280  82238.2  0.16
11300  42779.9  0.08
11320  42920.1  0.08
11340  87189.9  0.16
11360  74709.3  0.14
11380  137774  0.26
11400  43154.4  0.08
11420  43183.1  0.08
11440  50982  0.1
11460  84352.6  0.16
11480  187729  0.34
11500  50602.7  0.1
11520  63275.4  0.12
11540  43543  0.08
11560  85791.8  0.16
11580  154798  0.28
11600  121109  0.22
11620  43794.2  0.08
11640  53221.7  0.1
11660  52404.8  0.1
11680  66488.6  0.12
11700  217874  0.38
11720  97752.1  0.18
11740  108208  0.2
11760  110665  0.2
11780  52226.7  0.1
11800  40118  0.08
11820  54414.1  0.1
11840  42778  0.08
11860  41388.9  0.08
11880  97628  0.18
11900  54635.2  0.1
11920  180647  0.32
11940  128989  0.22
11960  162304  0.28
11980  68013.4  0.12
12000  54812.4  0.1
12020  103602  0.18
12040  123222  0.22
12060  68287.1  0.12
12080  57069.8  0.1
12100  67095.5  0.12
12120  89669.6  0.16
12140  55573.4  0.1
12160  55434.5  0.1
12180  159690  0.28
12200  43965.2  0.08
12220  126939  0.22
12240  122951  0.22
12260  100163  0.18
12280  136007  0.24
12300  69618.9  0.12
12320  45354.8  0.08
12340  56503.9  0.1
12360  58160  0.1
12380  45929.9  0.08
12400  176757  0.3
12420  128300  0.22
12440  46192.6  0.08
12460  58635.9  0.1
12480  137608  0.24
12500  126665  0.22
12520  46371.3  0.08
12540  112958  0.2
12560  56957.4  0.1
12580  44502.1  0.08
12600  69831.4  0.12
12620  126982  0.22
12640  151997  0.26
12660  156182  0.26
12680  190423  0.32
12700  45321  0.08
12720  59437.1  0.1
12740  141903  0.24
12760  57978.3  0.1
12780  58243.9  0.1
12800  45546.5  0.08
12820  147902  0.24
12840  55769.6  0.1
12860  210511  0.34
12880  157218  0.26
12900  97991.8  0.16
12920  45912  0.08
12940  46074.5  0.08
12960  60600.2  0.1
12980  147376  0.24
13000  71398.4  0.12
13020  101934  0.16
13040  137893  0.22
13060  33515.3  0.06
13080  132040  0.22
13100  33582.5  0.06
13120  61231.3  0.1
13140  83606.8  0.14
13160  61221.6  0.1
13180  198361  0.32
13200  33823  0.06
13220  72570.3  0.12
13240  46982.1  0.08
13260  61713.4  0.1
13280  88104.7  0.14
13300  150952  0.24
13320  34065.1  0.06
13340  84190.1  0.14
13360  34097.9  0.06
13380  71514  0.12
13400  58642.8  0.1
13420  62375.5  0.1
13440  88456.7  0.14
13460  49192.9  0.08
13480  112484  0.18
13500  128863  0.2
13520  34404  0.06
13540  189518  0.3
13560  47392.5  0.08
13580  62997.6  0.1
13600  49567.1  0.08
13620  185699  0.28
13640  126183  0.2
13660  76643  0.12
13680  202927  0.3
13700  34779.1  0.06
13720  90559.1  0.14
13740  127642  0.2
13760  156192  0.24
13780  94257.8  0.14
13800  49612.3  0.08
13820  159818  0.24
13840  108439  0.16
13860  50321  0.08
13880  135301  0.2
13900  35193.5  0.06
13920  49985.9  0.08
13940  154621  0.24
13960  35329.7  0.06
13980  49127.1  0.08
14000  112371  0.18
14020  64659.3  0.1
14040  170513  0.26
14060  35501.2  0.06
14080  161021  0.24
14100  61344.9  0.1
14120  47486.9  0.08
14140  35671.1  0.06
14160  51340.5  0.08
14180  112851  0.16
14200  92963.2  0.14
14220  150467  0.22
14240  51496.9  0.08
14260  71573.1  0.12
14280  147390  0.22
14300  86770  0.14
14320  111283  0.16
14340  124543  0.18
14360  129612  0.2
14380  130687  0.2
14400  68650.5  0.1
14420  186119  0.26
14440  62574  0.1
14460  47479.6  0.08
14480  47521.1  0.08
14500  52204.3  0.08
14520  136744  0.2
14540  48072.3  0.08
14560  117622  0.18
14580  63195  0.1
14600  135848  0.2
14620  50526.4  0.08
14640  99312  0.14
14660  36663.2  0.06
14680  52988.9  0.08
14700  65737.6  0.1
14720  175146  0.24
14740  78084.1  0.12
14760  151720  0.22
14780  213486  0.3
14800  142553  0.2
14820  51587.4  0.08
14840  241849  0.34
14860  63639  0.1
14880  53319.6  0.08
14900  96193.9  0.14
14920  194640  0.28
14940  100982  0.14
14960  131430  0.18
14980  64105  0.1
