100  4713.19  1
200  8451.6  0.78
300  9408.65  0.62
400  12597.2  0.64
500  14412.8  0.6
600  12869.5  0.42
700  13927.7  0.4
800  11638.1  0.3
900  10695.5  0.24
1000  10694.9  0.22
1100  17133  0.32
1200  16685.1  0.28
1300  18247.2  0.28
1400  23879.3  0.34
1500  23762.8  0.32
1600  23162.2  0.3
1700  24435.6  0.3
1800  21125.9  0.24
1900  8926.85  0.1
2000  9326.47  0.1
2100  11828.3  0.12
2200  7927.4  0.08
2300  15134.1  0.14
2400  18960.2  0.16
2500  17031.6  0.14
2600  17695.2  0.14
2700  15606.1  0.12
2800  22190.1  0.16
2900  20037.2  0.14
3000  17499  0.12
3100  22364.8  0.16
3200  14841.9  0.1
3300  6338.67  0.04
3400  17813.3  0.12
3500  25202.9  0.16
3600  29271.1  0.18
3700  22812.7  0.14
3800  23572.2  0.14
3900  23967.4  0.14
4000  12637.1  0.08
4100  12935.3  0.08
4200  13235.4  0.08
4300  13533.5  0.08
4400  18063.3  0.1
4500  15535.7  0.08
4600  15856.2  0.08
4700  11470.7  0.06
4800  15074.6  0.08
4900  9799.07  0.04
5000  9896.08  0.04
5100  9996.25  0.04
5200  7971.28  0.04
5300  8118.72  0.04
5400  6728.05  0.04
5500  6828.22  0.04
5600  6927.69  0.04
5700  7027.86  0.04
5800  6602.21  0.04
5900  8447.79  0.04
6000  8547.26  0.04
6100  24781.4  0.1
6200  6885.46  0.04
6300  6985.63  0.04
6400  19152.5  0.06
6500  7134.63  0.04
6600  7234.8  0.04
6700  7334.97  0.04
6800  6800.33  0.02
6900  6899.81  0.02
7000  6901.89  0.02
7100  6901.89  0.02
7200  6901.89  0.02
7300  6901.89  0.02
7400  6901.89  0.02
7500  6901.89  0.02
7600  6901.89  0.02
7700  6901.89  0.02
7800  6901.89  0.02
7900  6901.89  0.02
8000  6901.89  0.02
8100  6901.89  0.02
8200  6901.89  0.02
8300  6901.89  0.02
8400  6901.89  0.02
8500  6901.89  0.02
8600  6901.89  0.02
8700  6901.89  0.02
8800  6901.89  0.02
8900  6901.89  0.02
9000  6901.89  0.02
9100  6901.89  0.02
9200  6901.89  0.02
9300  6901.89  0.02
9400  6901.89  0.02
9500  6901.89  0.02
9600  6901.89  0.02
9700  6901.89  0.02
9800  6901.89  0.02
9900  6901.89  0.02
10000  6901.89  0.02
10100  6901.89  0.02
10200  6901.89  0.02
10300  6901.89  0.02
10400  6901.89  0.02
10500  6901.89  0.02
10600  6901.89  0.02
10700  6901.89  0.02
10800  6901.89  0.02
10900  6901.89  0.02
11000  6901.89  0.02
11100  6901.89  0.02
11200  6901.89  0.02
11300  6901.89  0.02
11400  6901.89  0.02
11500  6901.89  0.02
11600  6901.89  0.02
11700  6901.89  0.02
11800  6901.89  0.02
11900  6901.89  0.02
12000  6901.89  0.02
12100  6901.89  0.02
12200  6901.89  0.02
12300  6901.89  0.02
12400  6901.89  0.02
12500  6901.89  0.02
12600  6901.89  0.02
12700  6901.89  0.02
12800  6901.89  0.02
12900  6901.89  0.02
13000  6901.89  0.02
13100  6901.89  0.02
13200  6901.89  0.02
13300  6901.89  0.02
13400  6901.89  0.02
13500  6901.89  0.02
13600  6901.89  0.02
13700  6901.89  0.02
13800  6901.89  0.02
13900  6901.89  0.02
14000  6901.89  0.02
14100  6901.89  0.02
14200  6901.89  0.02
14300  6901.89  0.02
14400  6901.89  0.02
14500  6901.89  0.02
14600  6901.89  0.02
14700  6901.89  0.02
14800  6901.89  0.02
14900  6901.89  0.02
15000  6901.89  0.02
15100  6901.89  0.02
15200  6901.89  0.02
15300  6901.89  0.02
15400  6901.89  0.02
15500  6901.89  0.02
15600  6901.89  0.02
15700  6901.89  0.02
15800  6901.89  0.02
15900  6901.89  0.02
16000  6901.89  0.02
16100  6901.89  0.02
16200  6901.89  0.02
16300  6901.89  0.02
16400  6901.89  0.02
16500  6901.89  0.02
16600  6901.89  0.02
16700  6901.89  0.02
16800  6901.89  0.02
16900  6901.89  0.02
17000  6901.89  0.02
17100  6901.89  0.02
17200  6901.89  0.02
17300  6901.89  0.02
17400  6901.89  0.02
17500  6901.89  0.02
17600  6901.89  0.02
17700  6901.89  0.02
17800  6901.89  0.02
17900  6901.89  0.02
18000  6901.89  0.02
18100  6901.89  0.02
18200  6901.89  0.02
18300  6901.89  0.02
18400  6901.89  0.02
18500  6901.89  0.02
18600  6901.89  0.02
18700  6901.89  0.02
18800  6901.89  0.02
18900  6901.89  0.02
19000  6901.89  0.02
19100  6901.89  0.02
19200  6901.89  0.02
19300  6901.89  0.02
19400  6901.89  0.02
19500  6901.89  0.02
19600  6901.89  0.02
19700  6901.89  0.02
19800  6901.89  0.02
19900  6901.89  0.02
20000  6901.89  0.02
20100  6901.89  0.02
20200  6901.89  0.02
20300  6901.89  0.02
20400  6901.89  0.02
20500  6901.89  0.02
20600  6901.89  0.02
20700  6901.89  0.02
20800  6901.89  0.02
20900  6901.89  0.02
21000  6901.89  0.02
21100  6901.89  0.02
21200  6901.89  0.02
21300  6901.89  0.02
21400  6901.89  0.02
21500  6901.89  0.02
21600  6901.89  0.02
21700  6901.89  0.02
21800  6901.89  0.02
21900  6901.89  0.02
22000  6901.89  0.02
22100  6901.89  0.02
22200  6901.89  0.02
22300  6901.89  0.02
22400  6901.89  0.02
22500  6901.89  0.02
22600  6901.89  0.02
22700  6901.89  0.02
22800  6901.89  0.02
22900  6901.89  0.02
23000  6901.89  0.02
23100  6901.89  0.02
23200  6901.89  0.02
23300  6901.89  0.02
23400  6901.89  0.02
23500  6901.89  0.02
23600  6901.89  0.02
23700  6901.89  0.02
23800  6901.89  0.02
23900  6901.89  0.02
24000  6901.89  0.02
24100  6901.89  0.02
24200  6901.89  0.02
24300  6901.89  0.02
24400  6901.89  0.02
24500  6901.89  0.02
24600  6901.89  0.02
24700  6901.89  0.02
24800  6901.89  0.02
24900  6901.89  0.02
25000  6901.89  0.02
25100  6901.89  0.02
25200  6901.89  0.02
25300  6901.89  0.02
25400  6901.89  0.02
25500  6901.89  0.02
25600  6901.89  0.02
25700  6901.89  0.02
25800  6901.89  0.02
25900  6901.89  0.02
26000  6901.89  0.02
26100  6901.89  0.02
26200  6901.89  0.02
26300  6901.89  0.02
26400  6901.89  0.02
26500  6901.89  0.02
26600  6901.89  0.02
26700  6901.89  0.02
26800  6901.89  0.02
26900  6901.89  0.02
27000  6901.89  0.02
27100  6901.89  0.02
27200  6901.89  0.02
27300  6901.89  0.02
27400  6901.89  0.02
27500  6901.89  0.02
27600  6901.89  0.02
27700  6901.89  0.02
27800  6901.89  0.02
27900  6901.89  0.02
28000  6901.89  0.02
28100  6901.89  0.02
28200  6901.89  0.02
28300  6901.89  0.02
28400  6901.89  0.02
28500  6901.89  0.02
28600  6901.89  0.02
28700  6901.89  0.02
28800  6901.89  0.02
28900  6901.89  0.02
29000  6901.89  0.02
29100  6901.89  0.02
29200  6901.89  0.02
29300  6901.89  0.02
29400  6901.89  0.02
29500  6901.89  0.02
29600  6901.89  0.02
29700  6901.89  0.02
29800  6901.89  0.02
29900  6901.89  0.02
30000  6901.89  0.02
30100  6901.89  0.02
30200  6901.89  0.02
30300  6901.89  0.02
30400  6901.89  0.02
30500  6901.89  0.02
30600  6901.89  0.02
30700  6901.89  0.02
30800  6901.89  0.02
30900  6901.89  0.02
31000  6901.89  0.02
31100  6901.89  0.02
31200  6901.89  0.02
31300  6901.89  0.02
31400  6901.89  0.02
31500  6901.89  0.02
31600  6901.89  0.02
31700  6901.89  0.02
31800  6901.89  0.02
31900  6901.89  0.02
32000  6901.89  0.02
32100  6901.89  0.02
32200  6901.89  0.02
32300  6901.89  0.02
32400  6901.89  0.02
32500  6901.89  0.02
32600  6901.89  0.02
32700  6901.89  0.02
32800  6901.89  0.02
32900  6901.89  0.02
33000  6901.89  0.02
33100  6901.89  0.02
33200  6901.89  0.02
33300  6901.89  0.02
33400  6901.89  0.02
33500  6901.89  0.02
33600  6901.89  0.02
33700  6901.89  0.02
33800  6901.89  0.02
33900  6901.89  0.02
34000  6901.89  0.02
34100  6901.89  0.02
34200  6901.89  0.02
34300  6901.89  0.02
34400  6901.89  0.02
34500  6901.89  0.02
34600  6901.89  0.02
34700  6901.89  0.02
34800  6901.89  0.02
34900  6901.89  0.02
35000  6901.89  0.02
35100  6901.89  0.02
35200  6901.89  0.02
35300  6901.89  0.02
35400  6901.89  0.02
35500  6901.89  0.02
35600  6901.89  0.02
35700  6901.89  0.02
35800  6901.89  0.02
35900  6901.89  0.02
36000  6901.89  0.02
36100  6901.89  0.02
36200  6901.89  0.02
36300  6901.89  0.02
36400  6901.89  0.02
36500  6901.89  0.02
36600  6901.89  0.02
36700  6901.89  0.02
36800  6901.89  0.02
36900  6901.89  0.02
37000  6901.89  0.02
37100  6901.89  0.02
37200  6901.89  0.02
37300  6901.89  0.02
37400  6901.89  0.02
37500  6901.89  0.02
37600  6901.89  0.02
37700  6901.89  0.02
37800  6901.89  0.02
37900  6901.89  0.02
38000  6901.89  0.02
38100  6901.89  0.02
38200  6901.89  0.02
38300  6901.89  0.02
38400  6901.89  0.02
38500  6901.89  0.02
38600  6901.89  0.02
38700  6901.89  0.02
38800  6901.89  0.02
38900  6901.89  0.02
39000  6901.89  0.02
39100  6901.89  0.02
39200  6901.89  0.02
39300  6901.89  0.02
39400  6901.89  0.02
39500  6901.89  0.02
39600  6901.89  0.02
39700  6901.89  0.02
39800  6901.89  0.02
39900  6901.89  0.02
40000  6901.89  0.02
40100  6901.89  0.02
40200  6901.89  0.02
40300  6901.89  0.02
40400  6901.89  0.02
40500  6901.89  0.02
40600  6901.89  0.02
40700  6901.89  0.02
40800  6901.89  0.02
40900  6901.89  0.02
41000  6901.89  0.02
41100  6901.89  0.02
41200  6901.89  0.02
41300  6901.89  0.02
41400  6901.89  0.02
41500  6901.89  0.02
41600  6901.89  0.02
41700  6901.89  0.02
41800  6901.89  0.02
41900  6901.89  0.02
42000  6901.89  0.02
42100  6901.89  0.02
42200  6901.89  0.02
42300  6901.89  0.02
42400  6901.89  0.02
42500  6901.89  0.02
42600  6901.89  0.02
42700  6901.89  0.02
42800  6901.89  0.02
42900  6901.89  0.02
43000  6901.89  0.02
43100  6901.89  0.02
43200  6901.89  0.02
43300  6901.89  0.02
43400  6901.89  0.02
43500  6901.89  0.02
43600  6901.89  0.02
43700  6901.89  0.02
43800  6901.89  0.02
43900  6901.89  0.02
44000  6901.89  0.02
44100  6901.89  0.02
44200  6901.89  0.02
44300  6901.89  0.02
44400  6901.89  0.02
44500  6901.89  0.02
44600  6901.89  0.02
44700  6901.89  0.02
44800  6901.89  0.02
44900  6901.89  0.02
45000  6901.89  0.02
45100  6901.89  0.02
45200  6901.89  0.02
45300  6901.89  0.02
45400  6901.89  0.02
45500  6901.89  0.02
45600  6901.89  0.02
45700  6901.89  0.02
45800  6901.89  0.02
45900  6901.89  0.02
46000  6901.89  0.02
46100  6901.89  0.02
46200  6901.89  0.02
46300  6901.89  0.02
46400  6901.89  0.02
46500  6901.89  0.02
46600  6901.89  0.02
46700  6901.89  0.02
46800  6901.89  0.02
46900  6901.89  0.02
47000  6901.89  0.02
47100  6901.89  0.02
47200  6901.89  0.02
47300  6901.89  0.02
47400  6901.89  0.02
47500  6901.89  0.02
47600  6901.89  0.02
47700  6901.89  0.02
47800  6901.89  0.02
47900  6901.89  0.02
48000  6901.89  0.02
48100  6901.89  0.02
48200  6901.89  0.02
48300  6901.89  0.02
48400  6901.89  0.02
48500  6901.89  0.02
48600  6901.89  0.02
48700  6901.89  0.02
48800  6901.89  0.02
48900  6901.89  0.02
49000  6901.89  0.02
49100  6901.89  0.02
49200  6901.89  0.02
49300  6901.89  0.02
49400  6901.89  0.02
49500  6901.89  0.02
49600  6901.89  0.02
49700  6901.89  0.02
49800  6901.89  0.02
49900  6901.89  0.02
50000  6901.89  0.02
50100  6901.89  0.02
50200  6901.89  0.02
50300  6901.89  0.02
50400  6901.89  0.02
50500  6901.89  0.02
50600  6901.89  0.02
50700  6901.89  0.02
50800  6901.89  0.02
50900  6901.89  0.02
51000  6901.89  0.02
51100  6901.89  0.02
51200  6901.89  0.02
51300  6901.89  0.02
51400  6901.89  0.02
51500  6901.89  0.02
51600  6901.89  0.02
51700  6901.89  0.02
51800  6901.89  0.02
51900  6901.89  0.02
52000  6901.89  0.02
52100  6901.89  0.02
52200  6901.89  0.02
52300  6901.89  0.02
52400  6901.89  0.02
52500  6901.89  0.02
52600  6901.89  0.02
52700  6901.89  0.02
52800  6901.89  0.02
52900  6901.89  0.02
53000  6901.89  0.02
53100  6901.89  0.02
53200  6901.89  0.02
53300  6901.89  0.02
53400  6901.89  0.02
53500  6901.89  0.02
53600  6901.89  0.02
53700  6901.89  0.02
53800  6901.89  0.02
53900  6901.89  0.02
54000  6901.89  0.02
54100  6901.89  0.02
54200  6901.89  0.02
54300  6901.89  0.02
54400  6901.89  0.02
54500  6901.89  0.02
54600  6901.89  0.02
54700  6901.89  0.02
54800  6901.89  0.02
54900  6901.89  0.02
55000  6901.89  0.02
55100  6901.89  0.02
55200  6901.89  0.02
55300  6901.89  0.02
55400  6901.89  0.02
55500  6901.89  0.02
55600  6901.89  0.02
55700  6901.89  0.02
55800  6901.89  0.02
55900  6901.89  0.02
56000  6901.89  0.02
56100  6901.89  0.02
56200  6901.89  0.02
56300  6901.89  0.02
56400  6901.89  0.02
56500  6901.89  0.02
56600  6901.89  0.02
56700  6901.89  0.02
56800  6901.89  0.02
56900  6901.89  0.02
57000  6901.89  0.02
57100  6901.89  0.02
57200  6901.89  0.02
57300  6901.89  0.02
57400  6901.89  0.02
57500  6901.89  0.02
57600  6901.89  0.02
57700  6901.89  0.02
57800  6901.89  0.02
57900  6901.89  0.02
58000  6901.89  0.02
58100  6901.89  0.02
58200  6901.89  0.02
58300  6901.89  0.02
58400  6901.89  0.02
58500  6901.89  0.02
58600  6901.89  0.02
58700  6901.89  0.02
58800  6901.89  0.02
58900  6901.89  0.02
59000  6901.89  0.02
59100  6901.89  0.02
59200  6901.89  0.02
59300  6901.89  0.02
59400  6901.89  0.02
59500  6901.89  0.02
59600  6901.89  0.02
59700  6901.89  0.02
59800  6901.89  0.02
59900  6901.89  0.02
