100  4217.68  0.96
200  10133.7  0.96
300  13204.9  0.88
400  15092.7  0.78
500  15853.3  0.64
600  19296.1  0.64
700  19926.6  0.58
800  22114.6  0.56
900  23503.1  0.52
1000  23746.1  0.48
1100  23794.8  0.44
1200  26324.1  0.44
1300  33362.6  0.52
1400  35550.8  0.52
1500  35015.8  0.48
1600  37727.2  0.48
1700  38085.3  0.46
1800  16997.4  0.2
1900  16245.5  0.18
2000  22972.3  0.24
2100  11414.3  0.12
2200  20762.5  0.2
2300  21554.9  0.2
2400  18122.3  0.16
2500  16246.5  0.14
2600  16933.3  0.14
2700  22316.2  0.18
2800  23074.1  0.18
2900  23856.3  0.18
3000  18888.1  0.14
3100  19421.2  0.14
3200  29815.4  0.2
3300  23963.7  0.16
3400  21242.4  0.14
3500  18257.9  0.12
3600  15387.3  0.1
3700  11982.4  0.08
3800  12184  0.08
3900  12719.2  0.08
4000  12913  0.08
4100  25289.6  0.14
4200  21709  0.12
4300  17856.8  0.1
4400  10985.6  0.06
4500  10189.9  0.06
4600  9854.26  0.06
4700  36221.7  0.16
4800  36812.4  0.16
4900  37380.2  0.16
5000  33326  0.14
5100  11111  0.06
5200  52471.5  0.22
5300  53930.4  0.22
5400  49239  0.2
5500  49964.3  0.2
5600  51224  0.2
5700  37481.3  0.14
5800  65024.2  0.24
5900  66272.9  0.24
6000  67097.2  0.24
6100  68359.7  0.24
6200  63273.7  0.22
6300  64138.9  0.22
6400  65141  0.22
6500  59705.1  0.2
6600  54105.1  0.18
6700  54781.2  0.18
6800  55137.4  0.18
6900  62665.1  0.2
7000  58397.1  0.18
7100  58974.8  0.18
7200  59788.1  0.18
7300  60373.7  0.18
7400  54051.8  0.16
7500  54624.6  0.16
7600  54398.7  0.16
7700  55026.1  0.16
7800  55800.7  0.16
7900  26966.8  0.08
8000  26758.8  0.08
8100  49187.2  0.14
8200  49848  0.14
8300  50532.4  0.14
8400  51029.3  0.14
8500  51723.5  0.14
8600  52216.9  0.14
8700  52897.7  0.14
8800  44638.4  0.12
8900  45042.3  0.12
9000  36657.5  0.1
9100  37058.2  0.1
9200  65165.7  0.16
9300  56623.2  0.14
9400  57120.1  0.14
9500  47497.1  0.1
9600  47993.9  0.1
9700  97527  0.22
9800  88704.4  0.2
9900  59353.5  0.12
10000  60062  0.12
10100  23466.7  0.06
10200  23667.7  0.06
10300  23353.3  0.06
10400  51686.2  0.1
10500  52163.6  0.1
10600  52455.1  0.1
10700  52932.5  0.1
10800  53219.1  0.1
10900  53696.5  0.1
11000  78304.1  0.16
11100  79024.1  0.16
11200  79827.5  0.16
11300  80475.2  0.16
11400  81012.2  0.16
11500  81937  0.16
11600  82471.1  0.16
11700  83126.6  0.16
11800  83922.3  0.16
11900  84543.1  0.16
12000  85501.8  0.16
12100  86036  0.16
12200  86691.5  0.16
12300  87494.9  0.16
12400  18164.7  0.04
12500  18266.2  0.04
12600  18367.7  0.04
12700  18469.2  0.04
12800  18570.7  0.04
12900  18664.3  0.04
13000  18765.8  0.04
13100  18867.3  0.04
13200  18968.8  0.04
13300  19070.3  0.04
13400  19164  0.04
13500  19265.5  0.04
13600  19367  0.04
13700  19468.4  0.04
13800  19569.9  0.04
13900  19663.6  0.04
14000  19765.1  0.04
14100  19866.6  0.04
14200  19968.1  0.04
14300  20069.6  0.04
14400  20171.1  0.04
14500  20264.8  0.04
14600  20366.2  0.04
14700  20467.7  0.04
14800  20569.2  0.04
14900  20670.7  0.04
15000  20764.4  0.04
15100  20865.9  0.04
15200  20967.4  0.04
15300  21068.9  0.04
15400  21170.4  0.04
15500  21264  0.04
15600  21365.5  0.04
15700  21467  0.04
15800  21568.5  0.04
15900  21670  0.04
16000  21763.7  0.04
16100  21865.2  0.04
16200  21966.7  0.04
16300  22068.2  0.04
16400  22169.6  0.04
16500  42932.1  0.06
16600  43025.8  0.06
16700  43347.4  0.06
16800  43448.9  0.06
16900  43770.5  0.06
17000  43872  0.06
17100  44185.7  0.06
17200  44287.2  0.06
17300  44608.8  0.06
17400  44710.3  0.06
17500  45031.9  0.06
17600  45125.6  0.06
17700  45227.1  0.06
17800  45548.6  0.06
17900  45650.1  0.06
18000  45971.7  0.06
18100  46065.4  0.06
18200  46387  0.06
18300  46488.5  0.06
18400  46810.1  0.06
18500  46911.6  0.06
18600  47233.1  0.06
18700  47326.8  0.06
18800  47428.3  0.06
18900  47749.9  0.06
19000  47851.4  0.06
19100  48173  0.06
19200  48266.7  0.06
19300  48588.2  0.06
19400  48689.7  0.06
19500  49011.3  0.06
19600  49112.8  0.06
19700  49426.6  0.06
19800  49528.1  0.06
19900  49629.6  0.06
20000  49951.2  0.06
20100  50052.6  0.06
20200  50366.4  0.06
20300  50467.9  0.06
20400  50789.5  0.06
20500  50891  0.06
20600  51212.6  0.06
20700  51306.3  0.06
20800  51627.8  0.06
20900  30820.3  0.04
21000  30921.8  0.04
21100  31023.2  0.04
21200  31124.7  0.04
21300  31218.4  0.04
21400  31319.9  0.04
21500  31421.4  0.04
21600  31522.9  0.04
21700  31624.4  0.04
21800  31718.1  0.04
21900  31819.6  0.04
22000  31921  0.04
22100  32022.5  0.04
22200  32124  0.04
22300  32217.7  0.04
22400  32319.2  0.04
22500  32420.7  0.04
22600  32522.2  0.04
22700  32623.7  0.04
22800  32717.4  0.04
22900  32818.8  0.04
23000  32920.3  0.04
23100  33021.8  0.04
23200  33123.3  0.04
23300  163618  0.16
23400  164514  0.16
23500  165059  0.16
23600  165972  0.16
23700  166617  0.16
23800  167238  0.16
23900  168005  0.16
24000  168627  0.16
24100  169223  0.16
24200  193444  0.16
24300  61467.1  0.06
24400  61698.6  0.06
24500  61938  0.06
24600  62039.5  0.06
24700  62278.8  0.06
24800  62518.2  0.06
24900  62749.7  0.06
25000  62851.2  0.06
25100  37999.8  0.04
25200  38101.3  0.04
25300  38202.8  0.04
25400  38304.3  0.04
25500  38397.9  0.04
25600  38499.4  0.04
25700  38600.9  0.04
25800  38702.4  0.04
25900  38803.9  0.04
26000  38897.6  0.04
26100  38999.1  0.04
26200  39100.6  0.04
26300  39202.1  0.04
26400  39303.5  0.04
26500  39397.2  0.04
26600  39498.7  0.04
26700  39600.2  0.04
26800  39701.7  0.04
26900  39803.2  0.04
27000  39896.9  0.04
27100  39998.4  0.04
27200  40099.9  0.04
27300  40201.3  0.04
27400  40302.8  0.04
27500  40404.3  0.04
27600  40498  0.04
27700  40599.5  0.04
27800  40701  0.04
27900  40802.5  0.04
28000  84916.5  0.08
28100  85219.8  0.08
28200  85504  0.08
28300  85815  0.08
28400  86116.8  0.08
28500  86427.8  0.08
28600  86704.2  0.08
28700  87015.3  0.08
28800  87317  0.08
28900  87601.2  0.08
29000  87912.3  0.08
29100  88206.2  0.08
29200  88517.2  0.08
29300  88801.4  0.08
29400  85529.1  0.06
29500  85723.8  0.06
29600  85927.7  0.06
29700  86123.8  0.06
29800  86327.8  0.06
29900  86522.4  0.06
30000  86726.3  0.06
30100  86930.3  0.06
30200  87126.4  0.06
30300  87321  0.06
30400  87525  0.06
30500  87728.9  0.06
30600  87932.8  0.06
30700  88119.7  0.06
30800  88323.6  0.06
30900  88527.5  0.06
31000  88722.2  0.06
31100  88926.1  0.06
31200  89122.2  0.06
31300  89326.2  0.06
31400  89520.8  0.06
31500  128037  0.1
31600  128619  0.1
31700  128936  0.1
31800  64921.4  0.06
31900  186197  0.12
32000  186849  0.12
32100  187320  0.12
32200  187606  0.12
32300  188436  0.12
32400  188721  0.12
32500  189234  0.12
32600  189520  0.12
32700  190316  0.12
32800  190635  0.12
32900  191106  0.12
33000  191944  0.12
33100  192230  0.12
33200  245140  0.16
33300  245826  0.16
33400  246340  0.16
33500  213515  0.14
33600  214070  0.14
33700  214397  0.14
33800  215214  0.14
33900  215541  0.14
34000  206085  0.14
34100  206791  0.14
34200  138131  0.1
34300  138644  0.1
34400  138922  0.1
34500  139393  0.1
34600  139720  0.1
34700  140192  0.1
34800  140477  0.1
34900  140982  0.1
35000  141268  0.1
35100  141781  0.1
35200  97126.6  0.06
35300  97329.5  0.06
35400  97524.6  0.06
35500  97727.5  0.06
35600  97930.5  0.06
35700  75262.3  0.06
35800  75462.1  0.06
35900  75654  0.06
36000  72916.5  0.06
36100  73116.2  0.06
36200  73316  0.06
36300  73515.8  0.06
36400  73715.5  0.06
36500  73907.5  0.06
36600  74107.2  0.06
36700  98334  0.06
36800  87414.6  0.06
36900  87618.6  0.06
37000  87814.7  0.06
37100  88009.3  0.06
37200  88213.3  0.06
37300  88417.2  0.06
37400  88621.1  0.06
37500  88807.9  0.06
37600  77379.6  0.06
37700  77583.5  0.06
37800  77787.5  0.06
37900  77982.1  0.06
38000  102894  0.06
38100  103328  0.06
38200  103429  0.06
38300  103530  0.06
38400  103964  0.06
38500  104066  0.06
38600  104160  0.06
38700  104261  0.06
38800  65981.7  0.04
38900  66083.2  0.04
39000  66184.7  0.04
39100  66278.3  0.04
39200  66379.8  0.04
39300  66481.3  0.04
39400  66582.8  0.04
39500  158996  0.1
39600  159309  0.1
39700  159756  0.1
39800  160077  0.1
39900  160584  0.1
40000  43268.1  0.04
40100  43361.8  0.04
40200  43463.3  0.04
40300  43564.8  0.04
40400  43666.3  0.04
40500  43767.8  0.04
40600  43358.7  0.04
40700  43452.4  0.04
40800  123387  0.08
40900  123588  0.08
41000  123976  0.08
41100  124178  0.08
41200  124557  0.08
41300  124759  0.08
41400  125146  0.08
41500  125348  0.08
41600  125735  0.08
41700  125929  0.08
41800  126317  0.08
41900  126518  0.08
42000  126906  0.08
42100  127293  0.08
42200  127487  0.08
42300  127875  0.08
42400  128076  0.08
42500  128464  0.08
42600  128665  0.08
42700  129053  0.08
42800  129247  0.08
42900  129634  0.08
43000  129836  0.08
43100  130223  0.08
43200  130425  0.08
43300  130804  0.08
43400  131192  0.08
43500  131394  0.08
43600  131781  0.08
43700  131983  0.08
43800  132362  0.08
43900  132564  0.08
44000  132951  0.08
44100  133153  0.08
44200  133541  0.08
44300  133734  0.08
44400  134122  0.08
44500  134323  0.08
44600  134711  0.08
44700  135098  0.08
44800  135292  0.08
44900  135680  0.08
45000  135881  0.08
45100  136269  0.08
45200  136470  0.08
45300  136858  0.08
45400  137052  0.08
45500  137439  0.08
45600  137641  0.08
45700  138028  0.08
45800  138230  0.08
45900  138610  0.08
46000  138997  0.08
46100  139199  0.08
46200  139586  0.08
46300  139788  0.08
46400  140167  0.08
46500  140369  0.08
46600  140756  0.08
46700  140958  0.08
46800  141346  0.08
46900  141539  0.08
47000  141927  0.08
47100  142128  0.08
47200  142516  0.08
47300  142903  0.08
47400  143105  0.08
47500  143485  0.08
47600  143686  0.08
47700  144074  0.08
47800  144275  0.08
47900  144663  0.08
48000  144857  0.08
48100  145244  0.08
48200  145446  0.08
48300  145833  0.08
48400  146035  0.08
48500  146415  0.08
48600  98112.6  0.06
48700  98314.2  0.06
48800  98515.8  0.06
48900  98717.5  0.06
49000  98911.3  0.06
49100  99112.9  0.06
49200  99314.5  0.06
49300  99516.2  0.06
49400  99717.8  0.06
49500  99919.4  0.06
49600  100113  0.06
49700  100315  0.06
49800  100517  0.06
49900  100718  0.06
50000  100920  0.06
50100  101114  0.06
50200  101315  0.06
50300  101517  0.06
50400  101718  0.06
50500  60769.9  0.04
50600  60863.6  0.04
50700  60965.1  0.04
50800  61066.6  0.04
50900  61168  0.04
51000  61269.5  0.04
51100  61363.2  0.04
51200  61464.7  0.04
51300  61566.2  0.04
51400  61667.7  0.04
51500  61769.2  0.04
51600  61870.7  0.04
51700  61964.4  0.04
51800  62065.8  0.04
51900  62167.3  0.04
52000  62268.8  0.04
52100  62370.3  0.04
52200  62464  0.04
52300  62565.5  0.04
52400  62414.3  0.04
52500  62515.8  0.04
52600  62617.3  0.04
52700  62711  0.04
52800  62812.5  0.04
52900  62913.9  0.04
53000  63015.4  0.04
53100  107126  0.06
53200  215009  0.1
53300  215497  0.1
53400  215703  0.1
53500  216177  0.1
53600  216665  0.1
53700  216871  0.1
53800  217338  0.1
53900  217791  0.1
54000  218266  0.1
54100  218471  0.1
54200  164832  0.08
54300  165030  0.08
54400  165518  0.08
54500  165723  0.08
54600  165929  0.08
54700  166382  0.08
54800  166580  0.08
54900  166785  0.08
55000  167273  0.08
55100  167478  0.08
55200  167684  0.08
55300  168164  0.08
55400  168370  0.08
55500  168575  0.08
55600  169028  0.08
55700  169234  0.08
55800  169439  0.08
55900  169919  0.08
56000  170125  0.08
56100  82826  0.04
56200  82927.5  0.04
56300  83029  0.04
56400  83122.7  0.04
56500  83224.2  0.04
56600  83325.7  0.04
56700  83427.2  0.04
56800  83528.7  0.04
56900  83622.4  0.04
57000  83723.8  0.04
57100  83825.3  0.04
57200  83926.8  0.04
57300  84028.3  0.04
57400  84122  0.04
57500  84223.5  0.04
57600  84325  0.04
57700  84426.5  0.04
57800  84528  0.04
57900  84621.6  0.04
58000  84723.1  0.04
58100  84824.6  0.04
58200  84926.1  0.04
58300  119142  0.06
58400  118210  0.06
58500  59824.7  0.04
58600  59926.2  0.04
58700  60027.7  0.04
58800  60129.2  0.04
58900  62766.1  0.04
59000  62859.8  0.04
59100  62961.3  0.04
59200  63062.8  0.04
59300  63164.3  0.04
59400  63265.8  0.04
59500  63359.5  0.04
59600  60511.4  0.04
59700  60612.8  0.04
59800  60714.3  0.04
59900  60815.8  0.04
