100  4350.03  0.96
200  9411.72  0.92
300  12942  0.86
400  15848.4  0.78
500  16088.7  0.66
600  18121.9  0.6
700  18439.6  0.52
800  22512.4  0.56
900  23556.8  0.52
1000  26915.9  0.54
1100  26262.1  0.48
1200  28761.8  0.48
1300  28535.4  0.44
1400  32177.4  0.46
1500  29912.8  0.4
1600  30580.5  0.38
1700  27194.5  0.32
1800  27045.9  0.3
1900  24597.7  0.26
2000  28316.3  0.28
2100  27391.1  0.26
2200  24107  0.22
2300  18051.4  0.16
2400  30965.3  0.26
2500  31893.1  0.26
2600  33233.6  0.26
2700  37080.1  0.28
2800  27192.2  0.2
2900  28131  0.2
3000  26712.2  0.18
3100  36493  0.24
3200  24403.3  0.16
3300  48640.5  0.3
3400  50076.5  0.3
3500  48357.8  0.28
3600  49426.2  0.28
3700  61902.6  0.34
3800  63525.7  0.34
3900  78243.4  0.4
4000  29545.6  0.16
4100  53382.7  0.26
4200  54311.2  0.26
4300  55860.9  0.26
4400  57101.1  0.26
4500  58419.7  0.26
4600  55188.6  0.24
4700  51757  0.22
4800  52846.2  0.22
4900  49117.4  0.2
5000  79737.1  0.32
5100  81875.4  0.32
5200  83511.1  0.32
5300  84612.7  0.32
5400  86306.9  0.32
5500  77232.5  0.28
5600  78123.3  0.28
5700  39931.9  0.14
5800  31142.9  0.12
5900  31836.2  0.12
6000  20288  0.08
6100  24478.8  0.08
6200  24756.2  0.08
6300  25112.8  0.08
6400  25390.1  0.08
6500  24489.2  0.08
6600  24838.2  0.08
6700  25109.2  0.08
6800  25380.2  0.08
6900  81981.7  0.24
7000  83126.9  0.24
7100  84022.1  0.24
7200  64038.7  0.18
7300  19637  0.06
7400  19815  0.06
7500  19992.9  0.06
7600  70564.8  0.2
7700  71648.1  0.2
7800  96093.3  0.26
7900  97103.2  0.26
8000  90209.9  0.24
8100  91639.2  0.24
8200  84219  0.22
8300  47391  0.12
8400  69490.4  0.18
8500  70313.7  0.18
8600  71163.3  0.18
8700  71784.9  0.18
8800  72855.3  0.18
8900  73480.2  0.18
9000  74144.1  0.18
9100  75172.2  0.18
9200  59285.6  0.14
9300  59798.1  0.14
9400  58188.9  0.14
9500  58542  0.14
9600  59054.5  0.14
9700  59787.8  0.14
9800  67682.8  0.14
9900  68416.1  0.14
10000  68923.9  0.14
10100  59346.7  0.12
10200  60015.2  0.12
10300  60523.1  0.12
10400  60880.9  0.12
10500  54719.6  0.12
10600  55238.4  0.12
10700  55672.9  0.12
10800  56346.4  0.12
10900  56704.2  0.12
11000  46394  0.1
11100  31526.9  0.06
11200  31782.9  0.06
11300  36672  0.08
11400  36929.9  0.08
11500  37214.3  0.08
11600  37576.8  0.08
11700  37861.3  0.08
11800  25584.4  0.06
11900  25840.4  0.06
12000  26018.4  0.06
12100  26196.4  0.06
12200  97653.9  0.16
12300  86256.9  0.14
12400  27551.8  0.06
12500  43133  0.08
12600  43444.2  0.08
12700  43732.6  0.08
12800  44021  0.08
12900  44254.2  0.08
13000  44620.6  0.08
13100  44909  0.08
13200  45197.4  0.08
13300  45508.6  0.08
13400  45797  0.08
13500  46085.4  0.08
13600  46318.6  0.08
13700  33750.8  0.06
13800  68970.8  0.1
13900  69238.8  0.1
14000  70218.8  0.1
14100  70564.7  0.1
14200  70832.7  0.1
14300  71370.3  0.1
14400  72158.6  0.1
14500  30584.2  0.06
14600  30762.2  0.06
14700  38326.1  0.06
14800  38582.1  0.06
14900  46847.3  0.08
15000  47269  0.08
15100  47525  0.08
15200  32691.2  0.06
15300  46073.3  0.06
15400  46251.3  0.06
15500  46507.3  0.06
15600  46685.3  0.06
15700  46863.3  0.06
15800  47561.7  0.06
15900  47739.6  0.06
16000  47917.6  0.06
16100  32169.7  0.04
16200  32425.7  0.04
16300  32603.7  0.04
16400  32739.3  0.04
16500  32895.3  0.04
16600  32973.3  0.04
16700  33051.3  0.04
16800  33129.3  0.04
16900  33285.3  0.04
17000  33363.3  0.04
17100  33441.3  0.04
17200  33519.3  0.04
17300  33675.3  0.04
17400  33753.3  0.04
17500  33831.3  0.04
17600  33987.4  0.04
17700  34065.4  0.04
17800  34143.4  0.04
17900  34221.4  0.04
18000  34377.4  0.04
18100  34455.4  0.04
18200  34533.4  0.04
18300  34689.4  0.04
18400  34767.4  0.04
18500  34845.4  0.04
18600  34923.4  0.04
18700  35079.4  0.04
18800  35157.4  0.04
18900  35235.4  0.04
19000  35391.4  0.04
19100  35469.4  0.04
19200  35547.4  0.04
19300  35625.4  0.04
19400  35781.5  0.04
19500  35859.5  0.04
19600  35937.5  0.04
19700  36093.5  0.04
19800  36171.5  0.04
19900  36249.5  0.04
20000  36327.5  0.04
20100  36483.5  0.04
20200  36561.5  0.04
20300  36639.5  0.04
20400  36795.5  0.04
20500  36873.5  0.04
20600  36951.5  0.04
20700  37029.5  0.04
20800  37185.5  0.04
20900  37263.5  0.04
21000  37339.9  0.04
21100  37416.2  0.04
21200  37568.8  0.04
21300  37645.1  0.04
21400  37721.4  0.04
21500  37874  0.04
21600  37950.3  0.04
21700  38026.6  0.04
21800  38103  0.04
21900  38255.6  0.04
22000  38331.9  0.04
22100  38408.2  0.04
22200  38560.8  0.04
22300  38637.1  0.04
22400  38713.4  0.04
22500  38789.7  0.04
22600  38942.4  0.04
22700  39018.7  0.04
22800  39095  0.04
22900  39247.6  0.04
23000  39323.9  0.04
23100  39400.2  0.04
23200  39476.5  0.04
23300  39629.2  0.04
23400  39705.5  0.04
23500  39781.8  0.04
23600  39934.4  0.04
23700  40010.7  0.04
23800  40087  0.04
23900  40163.3  0.04
24000  40315.9  0.04
24100  40392.3  0.04
24200  40468.6  0.04
24300  40621.2  0.04
24400  40697.5  0.04
24500  40773.8  0.04
24600  40850.1  0.04
24700  41002.7  0.04
24800  41079.1  0.04
24900  41155.4  0.04
25000  41231.7  0.04
25100  41384.3  0.04
25200  41460.6  0.04
25300  41536.9  0.04
25400  41689.5  0.04
25500  41765.8  0.04
25600  41842.2  0.04
25700  41918.5  0.04
25800  42071.1  0.04
25900  42147.4  0.04
26000  42223.7  0.04
26100  42376.3  0.04
26200  42452.6  0.04
26300  42528.9  0.04
26400  42605.3  0.04
26500  42757.9  0.04
26600  42834.2  0.04
26700  42910.5  0.04
26800  43063.1  0.04
26900  43139.4  0.04
27000  43215.7  0.04
27100  43292  0.04
27200  43444.7  0.04
27300  43521  0.04
27400  43597.3  0.04
27500  43749.9  0.04
27600  43826.2  0.04
27700  43902.5  0.04
27800  43978.8  0.04
27900  44131.5  0.04
28000  44207.8  0.04
28100  44284.1  0.04
28200  44436.7  0.04
28300  44513  0.04
28400  44589.3  0.04
28500  44665.6  0.04
28600  44818.2  0.04
28700  44894.6  0.04
28800  44970.9  0.04
28900  45047.2  0.04
29000  45199.8  0.04
29100  45276.1  0.04
29200  45352.4  0.04
29300  45505  0.04
29400  45581.3  0.04
29500  45657.7  0.04
29600  45734  0.04
29700  45886.6  0.04
29800  45962.9  0.04
29900  46039.2  0.04
30000  46191.8  0.04
30100  46268.1  0.04
30200  46344.4  0.04
30300  46420.8  0.04
30400  46573.4  0.04
30500  46649.7  0.04
30600  46726  0.04
30700  46878.6  0.04
30800  46954.9  0.04
30900  47031.2  0.04
31000  256729  0.18
31100  257800  0.18
31200  258574  0.18
31300  259355  0.18
31400  260112  0.18
31500  261092  0.18
31600  261652  0.18
31700  262603  0.18
31800  263301  0.18
31900  263949  0.18
32000  264882  0.18
32100  265613  0.18
32200  266593  0.18
32300  135891  0.1
32400  136287  0.1
32500  136761  0.1
32600  137186  0.1
32700  137582  0.1
32800  137851  0.1
32900  138369  0.1
33000  272675  0.18
33100  273610  0.18
33200  274454  0.18
33300  275243  0.18
33400  275957  0.18
33500  276717  0.18
33600  277605  0.18
33700  278502  0.18
33800  279064  0.18
33900  280129  0.18
34000  280864  0.18
34100  281411  0.18
34200  282323  0.18
34300  283167  0.18
34400  283994  0.18
34500  284670  0.18
34600  285735  0.18
34700  110888  0.08
34800  111157  0.08
34900  111412  0.08
35000  111760  0.08
35100  112073  0.08
35200  112328  0.08
35300  112676  0.08
35400  112989  0.08
35500  113259  0.08
35600  113514  0.08
35700  113861  0.08
35800  114175  0.08
35900  114444  0.08
36000  114777  0.08
36100  115091  0.08
36200  115360  0.08
36300  115630  0.08
36400  115963  0.08
36500  116276  0.08
36600  116546  0.08
36700  116800  0.08
36800  117192  0.08
36900  117461  0.08
37000  321925  0.18
37100  322791  0.18
37200  323382  0.18
37300  324278  0.18
37400  325004  0.18
37500  325913  0.18
37600  326658  0.18
37700  327554  0.18
37800  328281  0.18
37900  329232  0.18
38000  329934  0.18
38100  330699  0.18
38200  331542  0.18
38300  332133  0.18
38400  333078  0.18
38500  333910  0.18
38600  334707  0.18
38700  335408  0.18
38800  336354  0.18
38900  337031  0.18
39000  337982  0.18
39100  338708  0.18
39200  339631  0.18
39300  340377  0.18
39400  341061  0.18
39500  341829  0.18
39600  342686  0.18
39700  343638  0.18
39800  344182  0.18
39900  345260  0.18
40000  345851  0.18
40100  163151  0.1
40200  163512  0.1
40300  163965  0.1
40400  164371  0.1
40500  164731  0.1
40600  165106  0.1
40700  165545  0.1
40800  165964  0.1
40900  166311  0.1
41000  213965  0.12
41100  214502  0.12
41200  214968  0.12
41300  215402  0.12
41400  215960  0.12
41500  216498  0.12
41600  216917  0.12
41700  217475  0.12
41800  218013  0.12
41900  218434  0.12
42000  218912  0.12
42100  219484  0.12
42200  219949  0.12
42300  220442  0.12
42400  220986  0.12
42500  221464  0.12
42600  221957  0.12
42700  222437  0.12
42800  258618  0.14
42900  259339  0.14
43000  259820  0.14
43100  260376  0.14
43200  261085  0.14
43300  261578  0.14
43400  261884  0.14
43500  262556  0.14
43600  263236  0.14
43700  263718  0.14
43800  264411  0.14
43900  265049  0.14
44000  265531  0.14
44100  266167  0.14
44200  266860  0.14
44300  137923  0.08
44400  138193  0.08
44500  138463  0.08
44600  143148  0.08
44700  143460  0.08
44800  143728  0.08
44900  181192  0.1
45000  181611  0.1
45100  181958  0.1
45200  182333  0.1
45300  182776  0.1
45400  183194  0.1
45500  183542  0.1
45600  183994  0.1
45700  184403  0.1
45800  184778  0.1
45900  192511  0.1
46000  64017.1  0.04
46100  64095.1  0.04
46200  64173.1  0.04
46300  64329.1  0.04
46400  64407.1  0.04
46500  64485.1  0.04
46600  64563.1  0.04
46700  64719.1  0.04
46800  64797.1  0.04
46900  64875.1  0.04
47000  65031.1  0.04
47100  65109.1  0.04
47200  65187.1  0.04
47300  65265.1  0.04
47400  65421.1  0.04
47500  65499.1  0.04
47600  65577.1  0.04
47700  65733.2  0.04
47800  65811.2  0.04
47900  65889.2  0.04
48000  65967.2  0.04
48100  66123.2  0.04
48200  66201.2  0.04
48300  66279.2  0.04
48400  66357.2  0.04
48500  66513.2  0.04
48600  66591.2  0.04
48700  66669.2  0.04
48800  66825.2  0.04
48900  66903.2  0.04
49000  66981.2  0.04
49100  67059.2  0.04
49200  67215.2  0.04
49300  67293.3  0.04
49400  67371.3  0.04
49500  67527.3  0.04
49600  67605.3  0.04
49700  67683.3  0.04
49800  67761.3  0.04
49900  67917.3  0.04
50000  67995.3  0.04
50100  68073.3  0.04
50200  68229.3  0.04
50300  68307.3  0.04
50400  68385.3  0.04
50500  68463.3  0.04
50600  63185  0.04
50700  63263  0.04
50800  63341  0.04
50900  63497  0.04
51000  63575.1  0.04
51100  63653.1  0.04
51200  63731.1  0.04
51300  63887.1  0.04
51400  60264.3  0.04
51500  60342.3  0.04
51600  60420.3  0.04
51700  60576.3  0.04
51800  60654.3  0.04
51900  60732.3  0.04
52000  60888.4  0.04
52100  60966.4  0.04
52200  61044.4  0.04
52300  61122.4  0.04
52400  61278.4  0.04
52500  61356.4  0.04
52600  61434.4  0.04
52700  61590.4  0.04
52800  61668.4  0.04
52900  61746.4  0.04
53000  61824.4  0.04
53100  61980.4  0.04
53200  62058.4  0.04
53300  62136.4  0.04
53400  62292.4  0.04
53500  62370.4  0.04
53600  62448.5  0.04
53700  62526.5  0.04
53800  62682.5  0.04
53900  62760.5  0.04
54000  62838.5  0.04
54100  62994.5  0.04
54200  63072.5  0.04
54300  63150.5  0.04
54400  63228.5  0.04
54500  63384.5  0.04
54600  63462.5  0.04
54700  63540.5  0.04
54800  63696.5  0.04
54900  63774.5  0.04
55000  63852.5  0.04
55100  63930.5  0.04
55200  64086.5  0.04
55300  64164.6  0.04
55400  64242.6  0.04
55500  64320.6  0.04
55600  64476.6  0.04
55700  64554.6  0.04
55800  64632.6  0.04
55900  64788.6  0.04
56000  64866.6  0.04
56100  64944.6  0.04
56200  65022.6  0.04
56300  65178.6  0.04
56400  65256.6  0.04
56500  65334.6  0.04
56600  65490.6  0.04
56700  65568.6  0.04
56800  65646.6  0.04
56900  65724.6  0.04
57000  65880.7  0.04
57100  65958.7  0.04
57200  66036.7  0.04
57300  66192.7  0.04
57400  66270.7  0.04
57500  66348.7  0.04
57600  66426.7  0.04
57700  66582.7  0.04
57800  66660.7  0.04
57900  66738.7  0.04
58000  66894.7  0.04
58100  66972.7  0.04
58200  67050.7  0.04
58300  67128.7  0.04
58400  67284.7  0.04
58500  67362.7  0.04
58600  67440.8  0.04
58700  67596.8  0.04
58800  67674.8  0.04
58900  67752.8  0.04
59000  67830.8  0.04
59100  67986.8  0.04
59200  68064.8  0.04
59300  68142.8  0.04
59400  68220.8  0.04
59500  68376.8  0.04
59600  68454.8  0.04
59700  68532.8  0.04
59800  68688.8  0.04
59900  68766.8  0.04
