100  4429.48  0.98
200  9046.33  0.84
300  11301.4  0.76
400  13080.7  0.68
500  15850  0.64
600  14776.6  0.5
700  19907.8  0.56
800  21661.8  0.54
900  21468.4  0.48
1000  19845.7  0.4
1100  17178.3  0.32
1200  21001.7  0.36
1300  18900  0.3
1400  25769.5  0.38
1500  25938.3  0.36
1600  29594.8  0.38
1700  17178  0.22
1800  14611  0.18
1900  13496.6  0.16
2000  21954.9  0.24
2100  17022  0.18
2200  28986.4  0.28
2300  25363.5  0.22
2400  26346.8  0.22
2500  27140.7  0.22
2600  31504.7  0.26
2700  31753.5  0.24
2800  32957.5  0.24
2900  47489.2  0.34
3000  36785.3  0.26
3100  37604.8  0.26
3200  31091.4  0.2
3300  40238  0.26
3400  37770.1  0.24
3500  32215.6  0.2
3600  45346.4  0.26
3700  52438.9  0.3
3800  53851  0.3
3900  41352.9  0.22
4000  38612.7  0.2
4100  39216.2  0.2
4200  40023.9  0.2
4300  41206.3  0.2
4400  37455.4  0.18
4500  35911  0.18
4600  37119.4  0.18
4700  47125.5  0.22
4800  38662.9  0.18
4900  39381.4  0.18
5000  28184.4  0.12
5100  23701.6  0.1
5200  31400.3  0.14
5300  26697.4  0.12
5400  27199.3  0.12
5500  24271.7  0.1
5600  28008.9  0.1
5700  28514.5  0.1
5800  29018.2  0.1
5900  29466.5  0.1
6000  29870.1  0.1
6100  26090.8  0.1
6200  26494.4  0.1
6300  26895.8  0.1
6400  27299.5  0.1
6500  21216.1  0.08
6600  21516.7  0.08
6700  21815.1  0.08
6800  22109.4  0.08
6900  22411.9  0.08
7000  22708.5  0.08
7100  23010.9  0.08
7200  23311.6  0.08
7300  23614  0.08
7400  17202.4  0.06
7500  17404.5  0.06
7600  17606.5  0.06
7700  17802.7  0.06
7800  18004.7  0.06
7900  21352.1  0.06
8000  21554.1  0.06
8100  21750.3  0.06
8200  21952.3  0.06
8300  27037.1  0.08
8400  27386.7  0.08
8500  31440.6  0.08
8600  24182.2  0.06
8700  24383.8  0.06
8800  24581.3  0.06
8900  56799.9  0.14
9000  57226.9  0.14
9100  58020.8  0.14
9200  58443.8  0.14
9300  65234.6  0.16
9400  97946  0.22
9500  99031.4  0.22
9600  99671.1  0.22
9700  101151  0.22
9800  101909  0.22
9900  102768  0.22
10000  104154  0.22
10100  104831  0.22
10200  95456.8  0.2
10300  96281.3  0.2
10400  86848.2  0.18
10500  63673.2  0.14
10600  64242.3  0.14
10700  54205.7  0.12
10800  54630.1  0.12
10900  50593.3  0.1
11000  50847.3  0.1
11100  51337.7  0.1
11200  51828.1  0.1
11300  52078  0.1
11400  52568.4  0.1
11500  96515.3  0.18
11600  93234.7  0.18
11700  93656.9  0.18
11800  94499.3  0.18
11900  95401.8  0.18
12000  96205.4  0.18
12100  43254.1  0.08
12200  85310.3  0.16
12300  86407.4  0.16
12400  86828.3  0.16
12500  87608  0.16
12600  18411  0.04
12700  18508  0.04
12800  18609.2  0.04
12900  18710.3  0.04
13000  65180.7  0.12
13100  65732.6  0.12
13200  66215.3  0.12
13300  66698  0.12
13400  67249.9  0.12
13500  67706.3  0.12
13600  54547.8  0.1
13700  55473.1  0.1
13800  55940.6  0.1
13900  56318.1  0.1
14000  42782.1  0.08
14100  42983.5  0.08
14200  43357  0.08
14300  43558.4  0.08
14400  60999.6  0.1
14500  46813.8  0.08
14600  47126.1  0.08
14700  47438.5  0.08
14800  47692.7  0.08
14900  34493.1  0.06
15000  30191.5  0.06
15100  30392.9  0.06
15200  30590.3  0.06
15300  22283  0.04
15400  22384.1  0.04
15500  22485.2  0.04
15600  22582.3  0.04
15700  22683.4  0.04
15800  22784.6  0.04
15900  22881.7  0.04
16000  22982.8  0.04
16100  23083.9  0.04
16200  23185.1  0.04
16300  23282.2  0.04
16400  23383.3  0.04
16500  79193.1  0.1
16600  79411.7  0.1
16700  80125.3  0.1
16800  80226.4  0.1
16900  80622.6  0.1
17000  81332.2  0.1
17100  81554.8  0.1
17200  81951  0.1
17300  82369.6  0.1
17400  65303.1  0.08
17500  65525.8  0.08
17600  65922  0.08
17700  66314.1  0.08
17800  66536.8  0.08
17900  66811.4  0.08
18000  67034.1  0.08
18100  67426.2  0.08
18200  67648.9  0.08
18300  49854.2  0.06
18400  49951.3  0.06
18500  31734.9  0.04
18600  31836  0.04
18700  31937.2  0.04
18800  32034.2  0.04
18900  32135.4  0.04
19000  32236.5  0.04
19100  61993.6  0.08
19200  57798.7  0.08
19300  58085.5  0.08
19400  58393.7  0.08
19500  58697.8  0.08
19600  58984.6  0.08
19700  27449.7  0.04
19800  27550.8  0.04
19900  27647.9  0.04
20000  27749  0.04
20100  42602  0.06
20200  42809.5  0.06
20300  43005.3  0.06
20400  43201.1  0.06
20500  33235.9  0.04
20600  33333  0.04
20700  44700.1  0.06
20800  44900.7  0.06
20900  45097.4  0.06
21000  23612.2  0.04
21100  23713.3  0.04
21200  42594.4  0.06
21300  42791.9  0.06
21400  42993.5  0.06
21500  43195  0.06
21600  43392.6  0.06
21700  43594.1  0.06
21800  43789.4  0.06
21900  43990.9  0.06
22000  44188.4  0.06
22100  44390  0.06
22200  44399.6  0.04
22300  44601.1  0.04
22400  44798.6  0.04
22500  45000.2  0.04
22600  45201.7  0.04
22700  45399.2  0.04
22800  45600.8  0.04
22900  45802.4  0.04
23000  46003.9  0.04
23100  46201.4  0.04
23200  46403  0.04
23300  46548  0.04
23400  46645.1  0.04
23500  46746.3  0.04
23600  46847.4  0.04
23700  46948.5  0.04
23800  47045.6  0.04
23900  47146.7  0.04
24000  47247.9  0.04
24100  47345  0.04
24200  47446.1  0.04
24300  47547.2  0.04
24400  47648.4  0.04
24500  47745.4  0.04
24600  47846.6  0.04
24700  47947.7  0.04
24800  48048.8  0.04
24900  48145.9  0.04
25000  48247.1  0.04
25100  48348.2  0.04
25200  27602.8  0.04
25300  27703.9  0.04
25400  27805  0.04
25500  27906.2  0.04
25600  28003.3  0.04
25700  28104.4  0.04
25800  28205.5  0.04
25900  28302.6  0.04
26000  28403.7  0.04
26100  28504.9  0.04
26200  31753.2  0.04
26300  31850.3  0.04
26400  31951.4  0.04
26500  32052.6  0.04
26600  32149.7  0.04
26700  32250.8  0.04
26800  32351.9  0.04
26900  32453.1  0.04
27000  32550.1  0.04
27100  32651.3  0.04
27200  87212.3  0.08
27300  87790.7  0.08
27400  87962.2  0.08
27500  29736.6  0.04
27600  60886.4  0.06
27700  61314  0.06
27800  61415.2  0.06
27900  61516.3  0.06
28000  61948  0.06
28100  33945.1  0.04
28200  34046.2  0.04
28300  34147.3  0.04
28400  34244.4  0.04
28500  34345.5  0.04
28600  34446.7  0.04
28700  34547.8  0.04
28800  34644.9  0.04
28900  34746  0.04
29000  34847.2  0.04
29100  30811  0.04
29200  30912.2  0.04
29300  31013.3  0.04
29400  31114.4  0.04
29500  31211.5  0.04
29600  31312.6  0.04
29700  31413.8  0.04
29800  31514.9  0.04
29900  31612  0.04
30000  31713.1  0.04
30100  31814.3  0.04
30200  147939  0.1
30300  118094  0.08
30400  118280  0.08
30500  118494  0.08
30600  33855.8  0.04
30700  33957  0.04
30800  34058.1  0.04
30900  34200.8  0.04
31000  34301.9  0.04
31100  34403  0.04
31200  34504.2  0.04
31300  34601.2  0.04
31400  34702.4  0.04
31500  34803.5  0.04
31600  34900.6  0.04
31700  35001.7  0.04
31800  35102.9  0.04
31900  35204  0.04
32000  35301.1  0.04
32100  35402.2  0.04
32200  35503.4  0.04
32300  35604.5  0.04
32400  35701.6  0.04
32500  35802.7  0.04
32600  35903.8  0.04
32700  36000.9  0.04
32800  36102.1  0.04
32900  36203.2  0.04
33000  36304.3  0.04
33100  36401.4  0.04
33200  36502.6  0.04
33300  36603.7  0.04
33400  36700.8  0.04
33500  36801.9  0.04
33600  36903  0.04
33700  37004.2  0.04
33800  45195.3  0.04
33900  45296.5  0.04
34000  102710  0.08
34100  103056  0.08
34200  103158  0.08
34300  103781  0.08
34400  103882  0.08
34500  103979  0.08
34600  104602  0.08
34700  104704  0.08
34800  105327  0.08
34900  105424  0.08
35000  105525  0.08
35100  106148  0.08
35200  106245  0.08
35300  106596  0.08
35400  106970  0.08
35500  64772  0.04
35600  64869.1  0.04
35700  72134  0.06
35800  72235.1  0.06
35900  72605  0.06
36000  36694.7  0.04
36100  36795.9  0.04
36200  36897  0.04
36300  36994.1  0.04
36400  37095.2  0.04
36500  37196.4  0.04
36600  37293.4  0.04
36700  73370.6  0.04
36800  73597.2  0.04
36900  73823.7  0.04
37000  73983.4  0.04
37100  74209.9  0.04
37200  74373.8  0.04
37300  74600.3  0.04
37400  42094.1  0.04
37500  37692.2  0.04
37600  37793.3  0.04
37700  37890.4  0.04
37800  37991.5  0.04
37900  38092.6  0.04
38000  38193.8  0.04
38100  38290.9  0.04
38200  38392  0.04
38300  38493.1  0.04
38400  38590.2  0.04
38500  38691.4  0.04
38600  38792.5  0.04
38700  38893.6  0.04
38800  38990.7  0.04
38900  39091.8  0.04
39000  39193  0.04
39100  39290.1  0.04
39200  39391.2  0.04
39300  39492.3  0.04
39400  39593.5  0.04
39500  39498.6  0.02
39600  39599.7  0.02
39700  39700.9  0.02
39800  39802  0.02
39900  39899.1  0.02
40000  40000.2  0.02
40100  40101.3  0.02
40200  40137.7  0.02
40300  40137.7  0.02
40400  40137.7  0.02
40500  40137.7  0.02
40600  40137.7  0.02
40700  40137.7  0.02
40800  40137.7  0.02
40900  40137.7  0.02
41000  40137.7  0.02
41100  40137.7  0.02
41200  40137.7  0.02
41300  40137.7  0.02
41400  40137.7  0.02
41500  40137.7  0.02
41600  40137.7  0.02
41700  40137.7  0.02
41800  40137.7  0.02
41900  40137.7  0.02
42000  40137.7  0.02
42100  40137.7  0.02
42200  40137.7  0.02
42300  40137.7  0.02
42400  40137.7  0.02
42500  40137.7  0.02
42600  40137.7  0.02
42700  40137.7  0.02
42800  40137.7  0.02
42900  40137.7  0.02
43000  40137.7  0.02
43100  40137.7  0.02
43200  40137.7  0.02
43300  40137.7  0.02
43400  40137.7  0.02
43500  40137.7  0.02
43600  40137.7  0.02
43700  40137.7  0.02
43800  40137.7  0.02
43900  40137.7  0.02
44000  40137.7  0.02
44100  40137.7  0.02
44200  40137.7  0.02
44300  40137.7  0.02
44400  40137.7  0.02
44500  40137.7  0.02
44600  40137.7  0.02
44700  40137.7  0.02
44800  40137.7  0.02
44900  40137.7  0.02
45000  40137.7  0.02
45100  40137.7  0.02
45200  40137.7  0.02
45300  40137.7  0.02
45400  40137.7  0.02
45500  40137.7  0.02
45600  40137.7  0.02
45700  40137.7  0.02
45800  40137.7  0.02
45900  40137.7  0.02
46000  40137.7  0.02
46100  40137.7  0.02
46200  40137.7  0.02
46300  40137.7  0.02
46400  40137.7  0.02
46500  40137.7  0.02
46600  40137.7  0.02
46700  40137.7  0.02
46800  40137.7  0.02
46900  40137.7  0.02
47000  40137.7  0.02
47100  40137.7  0.02
47200  40137.7  0.02
47300  40137.7  0.02
47400  40137.7  0.02
47500  40137.7  0.02
47600  40137.7  0.02
47700  40137.7  0.02
47800  40137.7  0.02
47900  40137.7  0.02
48000  40137.7  0.02
48100  40137.7  0.02
48200  40137.7  0.02
48300  40137.7  0.02
48400  40137.7  0.02
48500  40137.7  0.02
48600  40137.7  0.02
48700  40137.7  0.02
48800  40137.7  0.02
48900  40137.7  0.02
49000  40137.7  0.02
49100  40137.7  0.02
49200  40137.7  0.02
49300  40137.7  0.02
49400  40137.7  0.02
49500  40137.7  0.02
49600  40137.7  0.02
49700  40137.7  0.02
49800  40137.7  0.02
49900  40137.7  0.02
50000  40137.7  0.02
50100  40137.7  0.02
50200  40137.7  0.02
50300  40137.7  0.02
50400  40137.7  0.02
50500  40137.7  0.02
50600  40137.7  0.02
50700  40137.7  0.02
50800  40137.7  0.02
50900  40137.7  0.02
51000  40137.7  0.02
51100  40137.7  0.02
51200  40137.7  0.02
51300  40137.7  0.02
51400  40137.7  0.02
51500  40137.7  0.02
51600  40137.7  0.02
51700  40137.7  0.02
51800  40137.7  0.02
51900  40137.7  0.02
52000  40137.7  0.02
52100  40137.7  0.02
52200  40137.7  0.02
52300  40137.7  0.02
52400  40137.7  0.02
52500  40137.7  0.02
52600  40137.7  0.02
52700  40137.7  0.02
52800  40137.7  0.02
52900  40137.7  0.02
53000  40137.7  0.02
53100  40137.7  0.02
53200  40137.7  0.02
53300  40137.7  0.02
53400  40137.7  0.02
53500  40137.7  0.02
53600  40137.7  0.02
53700  40137.7  0.02
53800  40137.7  0.02
53900  40137.7  0.02
54000  40137.7  0.02
54100  40137.7  0.02
54200  40137.7  0.02
54300  40137.7  0.02
54400  40137.7  0.02
54500  40137.7  0.02
54600  40137.7  0.02
54700  40137.7  0.02
54800  40137.7  0.02
54900  40137.7  0.02
55000  40137.7  0.02
55100  40137.7  0.02
55200  40137.7  0.02
55300  40137.7  0.02
55400  40137.7  0.02
55500  40137.7  0.02
55600  40137.7  0.02
55700  40137.7  0.02
55800  40137.7  0.02
55900  40137.7  0.02
56000  40137.7  0.02
56100  40137.7  0.02
56200  40137.7  0.02
56300  40137.7  0.02
56400  40137.7  0.02
56500  40137.7  0.02
56600  40137.7  0.02
56700  40137.7  0.02
56800  40137.7  0.02
56900  40137.7  0.02
57000  40137.7  0.02
57100  40137.7  0.02
57200  40137.7  0.02
57300  40137.7  0.02
57400  40137.7  0.02
57500  40137.7  0.02
57600  40137.7  0.02
57700  40137.7  0.02
57800  40137.7  0.02
57900  40137.7  0.02
58000  40137.7  0.02
58100  40137.7  0.02
58200  40137.7  0.02
58300  40137.7  0.02
58400  40137.7  0.02
58500  40137.7  0.02
58600  40137.7  0.02
58700  40137.7  0.02
58800  40137.7  0.02
58900  40137.7  0.02
59000  40137.7  0.02
59100  40137.7  0.02
59200  40137.7  0.02
59300  40137.7  0.02
59400  40137.7  0.02
59500  40137.7  0.02
59600  40137.7  0.02
59700  40137.7  0.02
59800  40137.7  0.02
59900  40137.7  0.02
