100  3752.4  0.9
200  8815.97  0.82
300  11297.9  0.76
400  13606.8  0.68
500  15143.7  0.62
600  18020.8  0.6
700  18547.5  0.54
800  20047.7  0.52
900  21942.3  0.5
1000  22411.5  0.46
1100  23397.8  0.44
1200  20648.5  0.36
1300  24682.3  0.4
1400  22663  0.32
1500  20848.4  0.28
1600  20523.7  0.26
1700  27022.2  0.32
1800  26515.8  0.3
1900  22320.3  0.24
2000  23220.3  0.24
2100  28728.2  0.28
2200  29985.6  0.28
2300  29126.1  0.26
2400  27592.4  0.24
2500  29175.9  0.24
2600  27369.1  0.22
2700  28409.5  0.22
2800  35118.8  0.26
2900  25341.8  0.18
3000  31928.5  0.22
3100  33821.8  0.22
3200  31647.6  0.2
3300  26306.8  0.16
3400  27113.9  0.16
3500  24297.9  0.14
3600  20813.6  0.12
3700  20551.2  0.12
3800  21074.3  0.12
3900  21634.7  0.12
4000  21951.5  0.12
4100  18439.5  0.1
4200  18733.1  0.1
4300  22739.7  0.12
4400  23501.9  0.12
4500  19398.3  0.1
4600  19712.6  0.1
4700  15513.4  0.08
4800  15806  0.08
4900  31344  0.14
5000  27666.7  0.12
5100  27456.1  0.12
5200  28682.3  0.12
5300  45040.8  0.18
5400  34427.7  0.14
5500  30218.8  0.12
5600  19470.4  0.08
5700  36877.8  0.14
5800  16528.9  0.06
5900  38056.1  0.14
6000  26680.8  0.1
6100  27043.9  0.1
6200  27497.5  0.1
6300  27846.8  0.1
6400  28276  0.1
6500  28663.5  0.1
6600  29077.7  0.1
6700  29442  0.1
6800  29894.4  0.1
6900  30243.7  0.1
7000  30672.9  0.1
7100  36886.1  0.12
7200  30210.4  0.1
7300  30605.2  0.1
7400  31000  0.1
7500  23514.2  0.08
7600  23808.9  0.08
7700  24102.5  0.08
7800  33217.3  0.1
7900  18464.2  0.06
8000  25424.5  0.08
8100  25736.3  0.08
8200  26026.1  0.08
8300  18003.2  0.06
8400  18219.5  0.06
8500  18412.8  0.06
8600  19027.1  0.06
8700  20712.8  0.06
8800  28331.6  0.08
8900  28754.2  0.08
9000  28969.4  0.08
9100  29392  0.08
9200  73917.2  0.18
9300  74623.8  0.18
9400  66281.2  0.16
9500  57222.8  0.14
9600  57828.6  0.14
9700  58482.1  0.14
9800  49339.7  0.12
9900  39766  0.1
10000  30314.8  0.08
10100  31308  0.08
10200  23058.4  0.06
10300  23274.5  0.06
10400  32600.7  0.08
10500  32890.4  0.08
10600  33203.1  0.08
10700  33492.7  0.08
10800  23006.3  0.06
10900  23220.8  0.06
11000  23413.8  0.06
11100  23606.7  0.06
11200  23799.7  0.06
11300  46161.1  0.1
11400  26098.8  0.06
11500  36464.1  0.08
11600  36908.4  0.08
11700  37101.3  0.08
11800  37294.3  0.08
11900  37737  0.08
12000  37929.9  0.08
12100  38351  0.08
12200  38567.2  0.08
12300  20343.8  0.04
12400  20436.4  0.04
12500  20552.3  0.04
12600  20644.9  0.04
12700  20737.6  0.04
12800  20853.4  0.04
12900  20946.1  0.04
13000  21038.7  0.04
13100  21154.6  0.04
13200  21247.2  0.04
13300  21339.9  0.04
13400  21432.5  0.04
13500  21548.4  0.04
13600  21641  0.04
13700  70003.6  0.12
13800  44718.6  0.08
13900  44991.1  0.08
14000  57967.9  0.1
14100  58283.7  0.1
14200  58804.5  0.1
14300  59099.4  0.1
14400  59643.4  0.1
14500  59938.3  0.1
14600  60459.1  0.1
14700  60777.2  0.1
14800  61298  0.1
14900  61590.7  0.1
15000  61908.8  0.1
15100  103143  0.14
15200  103763  0.14
15300  89052.9  0.12
15400  89572.9  0.12
15500  155384  0.22
15600  140758  0.2
15700  141559  0.2
15800  142509  0.2
15900  143260  0.2
16000  144356  0.2
16100  145097  0.2
16200  100477  0.14
16300  101057  0.14
16400  101696  0.14
16500  102268  0.14
16600  102914  0.14
16700  103486  0.14
16800  104120  0.14
16900  104766  0.14
17000  105338  0.14
17100  105977  0.14
17200  122410  0.16
17300  122964  0.16
17400  123764  0.16
17500  124388  0.16
17600  125211  0.16
17700  125850  0.16
17800  126635  0.16
17900  127296  0.16
18000  127869  0.16
18100  128720  0.16
18200  129290  0.16
18300  130157  0.16
18400  130714  0.16
18500  131604  0.16
18600  132176  0.16
18700  133027  0.16
18800  133515  0.16
18900  134154  0.16
19000  134939  0.16
19100  135601  0.16
19200  98038.9  0.12
19300  98417.9  0.12
19400  99052.1  0.12
19500  99469.2  0.12
19600  99848.3  0.12
19700  74034.4  0.08
19800  74250.5  0.08
19900  74696.3  0.08
20000  74889.2  0.08
20100  75105.3  0.08
20200  75551.1  0.08
20300  75744  0.08
20400  76213.1  0.08
20500  76405.9  0.08
20600  56107.5  0.06
20700  56323.5  0.06
20800  56516.4  0.06
20900  56709.3  0.06
21000  56925.4  0.06
21100  149581  0.16
21200  107853  0.12
21300  108471  0.12
21400  108886  0.12
21500  109503  0.12
21600  48125.6  0.06
21700  48341.6  0.06
21800  48534.5  0.06
21900  48727.4  0.06
22000  67415.6  0.08
22100  67714.9  0.08
22200  68003.6  0.08
22300  68315.4  0.08
22400  136509  0.14
22500  136873  0.14
22600  114863  0.12
22700  115440  0.12
22800  115870  0.12
22900  116486  0.12
23000  116901  0.12
23100  117493  0.12
23200  117946  0.12
23300  118523  0.12
23400  118953  0.12
23500  119317  0.12
23600  119978  0.12
23700  120342  0.12
23800  121000  0.12
23900  121373  0.12
24000  122031  0.12
24100  122395  0.12
24200  122833  0.12
24300  123425  0.12
24400  123855  0.12
24500  124456  0.12
24600  124886  0.12
24700  125478  0.12
24800  125916  0.12
24900  126508  0.12
25000  126938  0.12
25100  127311  0.12
25200  127969  0.12
25300  128333  0.12
25400  128976  0.12
25500  129429  0.12
25600  130021  0.12
25700  130436  0.12
25800  130824  0.12
25900  105644  0.1
26000  105993  0.1
26100  106441  0.1
26200  106805  0.1
26300  107220  0.1
26400  107607  0.1
26500  107038  0.1
26600  107387  0.1
26700  107840  0.1
26800  108204  0.1
26900  108619  0.1
27000  109006  0.1
27100  109436  0.1
27200  109785  0.1
27300  73805.4  0.06
27400  74028.3  0.06
27500  74228.1  0.06
27600  74427.9  0.06
27700  74650.9  0.06
27800  74743.6  0.06
27900  74943.4  0.06
28000  75166.3  0.06
28100  75366.2  0.06
28200  75566  0.06
28300  75788.9  0.06
28400  75988.7  0.06
28500  76188.5  0.06
28600  76411.5  0.06
28700  47896.2  0.04
28800  47988.9  0.04
28900  48104.7  0.04
29000  48197.4  0.04
29100  48290  0.04
29200  48405.8  0.04
29300  48498.5  0.04
29400  48591.2  0.04
29500  48683.8  0.04
29600  48799.6  0.04
29700  48892.3  0.04
29800  48985  0.04
29900  49100.8  0.04
30000  49193.5  0.04
30100  49286.1  0.04
30200  49401.9  0.04
30300  49494.6  0.04
30400  49587.3  0.04
30500  49703.1  0.04
30600  49795.7  0.04
30700  49888.4  0.04
30800  50004.2  0.04
30900  50096.9  0.04
31000  50189.6  0.04
31100  50305.4  0.04
31200  50398  0.04
31300  50490.7  0.04
31400  50583.4  0.04
31500  50699.2  0.04
31600  50791.8  0.04
31700  50884.5  0.04
31800  51000.3  0.04
31900  51093  0.04
32000  51185.7  0.04
32100  51301.5  0.04
32200  51394.1  0.04
32300  51486.8  0.04
32400  51602.6  0.04
32500  51695.3  0.04
32600  51787.9  0.04
32700  51903.8  0.04
32800  51996.4  0.04
32900  52089.1  0.04
33000  52204.9  0.04
33100  52297.6  0.04
33200  52390.2  0.04
33300  52506.1  0.04
33400  52598.7  0.04
33500  52691.4  0.04
33600  52784  0.04
33700  52899.9  0.04
33800  52992.5  0.04
33900  53085.2  0.04
34000  53201  0.04
34100  53293.7  0.04
34200  53386.3  0.04
34300  53502.2  0.04
34400  53594.8  0.04
34500  53687.5  0.04
34600  53803.3  0.04
34700  53896  0.04
34800  53988.6  0.04
34900  54104.5  0.04
35000  54197.1  0.04
35100  54289.8  0.04
35200  54405.6  0.04
35300  54498.3  0.04
35400  54590.9  0.04
35500  54683.6  0.04
35600  54799.4  0.04
35700  54892.1  0.04
35800  54984.7  0.04
35900  55100.6  0.04
36000  55193.2  0.04
36100  55285.9  0.04
36200  55401.7  0.04
36300  55494.4  0.04
36400  55587  0.04
36500  55702.8  0.04
36600  55795.5  0.04
36700  55888.2  0.04
36800  73920.5  0.06
36900  74113.5  0.06
37000  74306.5  0.06
37100  74517.7  0.06
37200  74710.7  0.06
37300  74903.7  0.06
37400  75096.7  0.06
37500  75312.8  0.06
37600  75505.8  0.06
37700  75698.8  0.06
37800  75915  0.06
37900  76108  0.06
38000  76301  0.06
38100  76517.2  0.06
38200  76710.2  0.06
38300  76903.2  0.06
38400  76809.8  0.04
38500  77002.8  0.04
38600  77190.8  0.04
38700  77406.9  0.04
38800  77599.9  0.04
38900  77792.9  0.04
39000  78009.1  0.04
39100  78202.1  0.04
39200  78375.1  0.04
39300  78490.9  0.04
39400  78583.5  0.04
39500  78676.2  0.04
39600  78768.9  0.04
39700  78884.7  0.04
39800  78977.4  0.04
39900  79070  0.04
40000  79185.8  0.04
40100  79278.5  0.04
40200  79371.2  0.04
40300  79487  0.04
40400  79579.6  0.04
40500  79672.3  0.04
40600  79788.1  0.04
40700  79880.8  0.04
40800  79973.5  0.04
40900  80089.3  0.04
41000  80181.9  0.04
41100  80274.6  0.04
41200  80390.4  0.04
41300  80483.1  0.04
41400  80575.7  0.04
41500  80668.4  0.04
41600  80784.2  0.04
41700  80876.9  0.04
41800  80969.6  0.04
41900  81085.4  0.04
42000  81178  0.04
42100  81270.7  0.04
42200  81386.5  0.04
42300  81479.2  0.04
42400  81571.8  0.04
42500  81687.7  0.04
42600  81780.3  0.04
42700  81873  0.04
42800  81988.8  0.04
42900  82081.5  0.04
43000  82174.1  0.04
43100  82290  0.04
43200  82382.6  0.04
43300  82475.3  0.04
43400  82591.1  0.04
43500  82683.8  0.04
43600  82776.4  0.04
43700  82869.1  0.04
43800  82984.9  0.04
43900  83077.6  0.04
44000  83170.2  0.04
44100  83286.1  0.04
44200  83378.7  0.04
44300  83471.4  0.04
44400  83587.2  0.04
44500  83679.9  0.04
44600  83772.5  0.04
44700  83888.4  0.04
44800  83981  0.04
44900  84073.7  0.04
45000  84189.5  0.04
45100  84282.2  0.04
45200  84374.8  0.04
45300  84490.6  0.04
45400  84583.3  0.04
45500  84676  0.04
45600  84768.6  0.04
45700  84884.5  0.04
45800  84977.1  0.04
45900  85069.8  0.04
46000  85185.6  0.04
46100  85278.3  0.04
46200  85370.9  0.04
46300  85486.7  0.04
46400  85579.4  0.04
46500  85672.1  0.04
46600  85787.9  0.04
46700  85880.6  0.04
46800  85973.2  0.04
46900  86089  0.04
47000  86181.7  0.04
47100  86274.4  0.04
47200  86390.2  0.04
47300  86482.8  0.04
47400  86575.5  0.04
47500  86668.2  0.04
47600  86784  0.04
47700  86876.7  0.04
47800  86969.3  0.04
47900  87085.1  0.04
48000  87177.8  0.04
48100  87270.5  0.04
48200  87386.3  0.04
48300  87478.9  0.04
48400  87571.6  0.04
48500  87687.4  0.04
48600  87780.1  0.04
48700  87872.8  0.04
48800  87988.6  0.04
48900  88081.2  0.04
49000  152809  0.08
49100  153343  0.08
49200  153510  0.08
49300  153677  0.08
49400  154211  0.08
49500  154378  0.08
49600  154546  0.08
49700  155056  0.08
49800  155247  0.08
49900  155683  0.08
50000  155925  0.08
50100  156115  0.08
50200  156551  0.08
50300  156793  0.08
50400  156983  0.08
50500  157418  0.08
50600  157660  0.08
50700  158118  0.08
50800  158286  0.08
50900  158527  0.08
51000  158986  0.08
51100  159153  0.08
51200  159395  0.08
51300  159853  0.08
51400  160020  0.08
51500  160530  0.08
51600  160697  0.08
51700  160888  0.08
51800  161397  0.08
51900  161565  0.08
52000  161755  0.08
52100  162265  0.08
52200  162432  0.08
52300  162890  0.08
52400  163132  0.08
52500  163299  0.08
52600  163757  0.08
52700  163999  0.08
52800  164166  0.08
52900  164625  0.08
53000  164867  0.08
53100  165034  0.08
53200  165492  0.08
53300  165734  0.08
53400  166169  0.08
53500  166434  0.08
53600  166601  0.08
53700  167036  0.08
53800  167278  0.08
53900  167468  0.08
54000  167904  0.08
54100  168145  0.08
54200  168604  0.08
54300  168771  0.08
54400  169013  0.08
54500  169471  0.08
54600  169638  0.08
54700  169880  0.08
54800  170338  0.08
54900  170506  0.08
55000  171015  0.08
55100  171206  0.08
55200  171373  0.08
55300  171883  0.08
55400  172073  0.08
55500  172240  0.08
55600  172750  0.08
55700  172917  0.08
55800  173375  0.08
55900  173617  0.08
56000  173784  0.08
56100  174243  0.08
56200  174484  0.08
56300  174652  0.08
56400  175110  0.08
56500  175352  0.08
56600  175787  0.08
56700  175977  0.08
56800  176219  0.08
56900  176654  0.08
57000  176845  0.08
57100  177086  0.08
57200  177522  0.08
57300  177712  0.08
57400  177954  0.08
57500  178389  0.08
57600  178631  0.08
57700  179089  0.08
57800  179256  0.08
57900  179498  0.08
58000  179956  0.08
58100  180123  0.08
58200  180365  0.08
58300  180824  0.08
58400  180991  0.08
58500  181500  0.08
58600  181691  0.08
58700  181858  0.08
58800  182368  0.08
58900  182558  0.08
59000  182725  0.08
59100  183235  0.08
59200  183425  0.08
59300  183861  0.08
59400  184102  0.08
59500  184293  0.08
59600  184728  0.08
59700  184970  0.08
59800  185137  0.08
59900  185595  0.08
