100  3819.61  0.88
200  8196.2  0.76
300  11773  0.8
400  12495.4  0.64
500  11947.6  0.5
600  12012  0.4
700  15064.4  0.44
800  13264.5  0.34
900  14868  0.34
1000  13383.3  0.28
1100  18107.5  0.34
1200  17199  0.3
1300  16825.7  0.26
1400  18575.6  0.28
1500  21311.4  0.3
1600  16524  0.22
1700  19357.9  0.24
1800  11249.5  0.14
1900  9488.02  0.1
2000  11994.5  0.12
2100  12589.7  0.12
2200  15237.3  0.14
2300  11378.1  0.1
2400  11454.7  0.1
2500  9500  0.08
2600  7217.75  0.06
2700  7417.65  0.06
2800  19781.2  0.16
2900  10230.4  0.08
3000  15462  0.12
3100  15606.7  0.1
3200  12734.6  0.08
3300  22993.3  0.14
3400  20394.8  0.12
3500  17487.8  0.1
3600  6741.55  0.04
3700  24417.5  0.14
3800  17341.1  0.1
3900  17695.6  0.1
4000  18255.2  0.1
4100  18581.3  0.1
4200  18935.8  0.1
4300  19261.9  0.1
4400  19820.8  0.1
4500  15641  0.08
4600  15855.5  0.08
4700  11689  0.06
4800  11788.9  0.06
4900  7056.59  0.04
5000  7023.98  0.04
5100  12219.8  0.06
5200  10400.4  0.04
5300  10601.1  0.04
5400  12813.3  0.06
5500  12890.6  0.06
5600  7617.77  0.04
5700  7717.63  0.04
5800  7817.49  0.04
5900  7917.36  0.04
6000  8017.22  0.04
6100  16597.8  0.06
6200  16802.2  0.06
6300  16985.1  0.06
6400  19717.4  0.08
6500  13542.3  0.06
6600  10994.9  0.04
6700  7268.53  0.04
6800  7342.16  0.04
6900  7442.02  0.04
7000  7541.89  0.04
7100  7099.76  0.02
7200  7180.08  0.02
7300  7180.08  0.02
7400  7180.08  0.02
7500  7180.08  0.02
7600  7180.08  0.02
7700  7180.08  0.02
7800  7180.08  0.02
7900  7180.08  0.02
8000  7180.08  0.02
8100  7180.08  0.02
8200  7180.08  0.02
8300  7180.08  0.02
8400  7180.08  0.02
8500  7180.08  0.02
8600  7180.08  0.02
8700  7180.08  0.02
8800  7180.08  0.02
8900  7180.08  0.02
9000  7180.08  0.02
9100  7180.08  0.02
9200  7180.08  0.02
9300  7180.08  0.02
9400  7180.08  0.02
9500  7180.08  0.02
9600  7180.08  0.02
9700  7180.08  0.02
9800  7180.08  0.02
9900  7180.08  0.02
10000  7180.08  0.02
10100  7180.08  0.02
10200  7180.08  0.02
10300  7180.08  0.02
10400  7180.08  0.02
10500  7180.08  0.02
10600  7180.08  0.02
10700  7180.08  0.02
10800  7180.08  0.02
10900  7180.08  0.02
11000  7180.08  0.02
11100  7180.08  0.02
11200  7180.08  0.02
11300  7180.08  0.02
11400  7180.08  0.02
11500  7180.08  0.02
11600  7180.08  0.02
11700  7180.08  0.02
11800  7180.08  0.02
11900  7180.08  0.02
12000  7180.08  0.02
12100  7180.08  0.02
12200  7180.08  0.02
12300  7180.08  0.02
12400  7180.08  0.02
12500  7180.08  0.02
12600  7180.08  0.02
12700  7180.08  0.02
12800  7180.08  0.02
12900  7180.08  0.02
13000  7180.08  0.02
13100  7180.08  0.02
13200  7180.08  0.02
13300  7180.08  0.02
13400  7180.08  0.02
13500  7180.08  0.02
13600  7180.08  0.02
13700  7180.08  0.02
13800  7180.08  0.02
13900  7180.08  0.02
14000  7180.08  0.02
14100  7180.08  0.02
14200  7180.08  0.02
14300  7180.08  0.02
14400  7180.08  0.02
14500  7180.08  0.02
14600  7180.08  0.02
14700  7180.08  0.02
14800  7180.08  0.02
14900  7180.08  0.02
15000  7180.08  0.02
15100  7180.08  0.02
15200  7180.08  0.02
15300  7180.08  0.02
15400  7180.08  0.02
15500  7180.08  0.02
15600  7180.08  0.02
15700  7180.08  0.02
15800  7180.08  0.02
15900  7180.08  0.02
16000  7180.08  0.02
16100  7180.08  0.02
16200  7180.08  0.02
16300  7180.08  0.02
16400  7180.08  0.02
16500  7180.08  0.02
16600  7180.08  0.02
16700  7180.08  0.02
16800  7180.08  0.02
16900  7180.08  0.02
17000  7180.08  0.02
17100  7180.08  0.02
17200  7180.08  0.02
17300  7180.08  0.02
17400  7180.08  0.02
17500  7180.08  0.02
17600  7180.08  0.02
17700  7180.08  0.02
17800  7180.08  0.02
17900  7180.08  0.02
18000  7180.08  0.02
18100  7180.08  0.02
18200  7180.08  0.02
18300  7180.08  0.02
18400  7180.08  0.02
18500  7180.08  0.02
18600  7180.08  0.02
18700  7180.08  0.02
18800  7180.08  0.02
18900  7180.08  0.02
19000  7180.08  0.02
19100  7180.08  0.02
19200  7180.08  0.02
19300  7180.08  0.02
19400  7180.08  0.02
19500  7180.08  0.02
19600  7180.08  0.02
19700  7180.08  0.02
19800  7180.08  0.02
19900  7180.08  0.02
20000  7180.08  0.02
20100  7180.08  0.02
20200  7180.08  0.02
20300  7180.08  0.02
20400  7180.08  0.02
20500  7180.08  0.02
20600  7180.08  0.02
20700  7180.08  0.02
20800  7180.08  0.02
20900  7180.08  0.02
21000  7180.08  0.02
21100  7180.08  0.02
21200  7180.08  0.02
21300  7180.08  0.02
21400  7180.08  0.02
21500  7180.08  0.02
21600  7180.08  0.02
21700  7180.08  0.02
21800  7180.08  0.02
21900  7180.08  0.02
22000  7180.08  0.02
22100  7180.08  0.02
22200  7180.08  0.02
22300  7180.08  0.02
22400  7180.08  0.02
22500  7180.08  0.02
22600  7180.08  0.02
22700  7180.08  0.02
22800  7180.08  0.02
22900  7180.08  0.02
23000  7180.08  0.02
23100  7180.08  0.02
23200  7180.08  0.02
23300  7180.08  0.02
23400  7180.08  0.02
23500  7180.08  0.02
23600  7180.08  0.02
23700  7180.08  0.02
23800  7180.08  0.02
23900  7180.08  0.02
24000  7180.08  0.02
24100  7180.08  0.02
24200  7180.08  0.02
24300  7180.08  0.02
24400  7180.08  0.02
24500  7180.08  0.02
24600  7180.08  0.02
24700  7180.08  0.02
24800  7180.08  0.02
24900  7180.08  0.02
25000  7180.08  0.02
25100  7180.08  0.02
25200  7180.08  0.02
25300  7180.08  0.02
25400  7180.08  0.02
25500  7180.08  0.02
25600  7180.08  0.02
25700  7180.08  0.02
25800  7180.08  0.02
25900  7180.08  0.02
26000  7180.08  0.02
26100  7180.08  0.02
26200  7180.08  0.02
26300  7180.08  0.02
26400  7180.08  0.02
26500  7180.08  0.02
26600  7180.08  0.02
26700  7180.08  0.02
26800  7180.08  0.02
26900  7180.08  0.02
27000  7180.08  0.02
27100  7180.08  0.02
27200  7180.08  0.02
27300  7180.08  0.02
27400  7180.08  0.02
27500  7180.08  0.02
27600  7180.08  0.02
27700  7180.08  0.02
27800  7180.08  0.02
27900  7180.08  0.02
28000  7180.08  0.02
28100  7180.08  0.02
28200  7180.08  0.02
28300  7180.08  0.02
28400  7180.08  0.02
28500  7180.08  0.02
28600  7180.08  0.02
28700  7180.08  0.02
28800  7180.08  0.02
28900  7180.08  0.02
29000  7180.08  0.02
29100  7180.08  0.02
29200  7180.08  0.02
29300  7180.08  0.02
29400  7180.08  0.02
29500  7180.08  0.02
29600  7180.08  0.02
29700  7180.08  0.02
29800  7180.08  0.02
29900  7180.08  0.02
30000  7180.08  0.02
30100  7180.08  0.02
30200  7180.08  0.02
30300  7180.08  0.02
30400  7180.08  0.02
30500  7180.08  0.02
30600  7180.08  0.02
30700  7180.08  0.02
30800  7180.08  0.02
30900  7180.08  0.02
31000  7180.08  0.02
31100  7180.08  0.02
31200  7180.08  0.02
31300  7180.08  0.02
31400  7180.08  0.02
31500  7180.08  0.02
31600  7180.08  0.02
31700  7180.08  0.02
31800  7180.08  0.02
31900  7180.08  0.02
32000  7180.08  0.02
32100  7180.08  0.02
32200  7180.08  0.02
32300  7180.08  0.02
32400  7180.08  0.02
32500  7180.08  0.02
32600  7180.08  0.02
32700  7180.08  0.02
32800  7180.08  0.02
32900  7180.08  0.02
33000  7180.08  0.02
33100  7180.08  0.02
33200  7180.08  0.02
33300  7180.08  0.02
33400  7180.08  0.02
33500  7180.08  0.02
33600  7180.08  0.02
33700  7180.08  0.02
33800  7180.08  0.02
33900  7180.08  0.02
34000  7180.08  0.02
34100  7180.08  0.02
34200  7180.08  0.02
34300  7180.08  0.02
34400  7180.08  0.02
34500  7180.08  0.02
34600  7180.08  0.02
34700  7180.08  0.02
34800  7180.08  0.02
34900  7180.08  0.02
35000  7180.08  0.02
35100  7180.08  0.02
35200  7180.08  0.02
35300  7180.08  0.02
35400  7180.08  0.02
35500  7180.08  0.02
35600  7180.08  0.02
35700  7180.08  0.02
35800  7180.08  0.02
35900  7180.08  0.02
36000  7180.08  0.02
36100  7180.08  0.02
36200  7180.08  0.02
36300  7180.08  0.02
36400  7180.08  0.02
36500  7180.08  0.02
36600  7180.08  0.02
36700  7180.08  0.02
36800  7180.08  0.02
36900  7180.08  0.02
37000  7180.08  0.02
37100  7180.08  0.02
37200  7180.08  0.02
37300  7180.08  0.02
37400  7180.08  0.02
37500  7180.08  0.02
37600  7180.08  0.02
37700  7180.08  0.02
37800  7180.08  0.02
37900  7180.08  0.02
38000  7180.08  0.02
38100  7180.08  0.02
38200  7180.08  0.02
38300  7180.08  0.02
38400  7180.08  0.02
38500  7180.08  0.02
38600  7180.08  0.02
38700  7180.08  0.02
38800  7180.08  0.02
38900  7180.08  0.02
39000  7180.08  0.02
39100  7180.08  0.02
39200  7180.08  0.02
39300  7180.08  0.02
39400  7180.08  0.02
39500  7180.08  0.02
39600  7180.08  0.02
39700  7180.08  0.02
39800  7180.08  0.02
39900  7180.08  0.02
40000  7180.08  0.02
40100  7180.08  0.02
40200  7180.08  0.02
40300  7180.08  0.02
40400  7180.08  0.02
40500  7180.08  0.02
40600  7180.08  0.02
40700  7180.08  0.02
40800  7180.08  0.02
40900  7180.08  0.02
41000  7180.08  0.02
41100  7180.08  0.02
41200  7180.08  0.02
41300  7180.08  0.02
41400  7180.08  0.02
41500  7180.08  0.02
41600  7180.08  0.02
41700  7180.08  0.02
41800  7180.08  0.02
41900  7180.08  0.02
42000  7180.08  0.02
42100  7180.08  0.02
42200  7180.08  0.02
42300  7180.08  0.02
42400  7180.08  0.02
42500  7180.08  0.02
42600  7180.08  0.02
42700  7180.08  0.02
42800  7180.08  0.02
42900  7180.08  0.02
43000  7180.08  0.02
43100  7180.08  0.02
43200  7180.08  0.02
43300  7180.08  0.02
43400  7180.08  0.02
43500  7180.08  0.02
43600  7180.08  0.02
43700  7180.08  0.02
43800  7180.08  0.02
43900  7180.08  0.02
44000  7180.08  0.02
44100  7180.08  0.02
44200  7180.08  0.02
44300  7180.08  0.02
44400  7180.08  0.02
44500  7180.08  0.02
44600  7180.08  0.02
44700  7180.08  0.02
44800  7180.08  0.02
44900  7180.08  0.02
45000  7180.08  0.02
45100  7180.08  0.02
45200  7180.08  0.02
45300  7180.08  0.02
45400  7180.08  0.02
45500  7180.08  0.02
45600  7180.08  0.02
45700  7180.08  0.02
45800  7180.08  0.02
45900  7180.08  0.02
46000  7180.08  0.02
46100  7180.08  0.02
46200  7180.08  0.02
46300  7180.08  0.02
46400  7180.08  0.02
46500  7180.08  0.02
46600  7180.08  0.02
46700  7180.08  0.02
46800  7180.08  0.02
46900  7180.08  0.02
47000  7180.08  0.02
47100  7180.08  0.02
47200  7180.08  0.02
47300  7180.08  0.02
47400  7180.08  0.02
47500  7180.08  0.02
47600  7180.08  0.02
47700  7180.08  0.02
47800  7180.08  0.02
47900  7180.08  0.02
48000  7180.08  0.02
48100  7180.08  0.02
48200  7180.08  0.02
48300  7180.08  0.02
48400  7180.08  0.02
48500  7180.08  0.02
48600  7180.08  0.02
48700  7180.08  0.02
48800  7180.08  0.02
48900  7180.08  0.02
49000  7180.08  0.02
49100  7180.08  0.02
49200  7180.08  0.02
49300  7180.08  0.02
49400  7180.08  0.02
49500  7180.08  0.02
49600  7180.08  0.02
49700  7180.08  0.02
49800  7180.08  0.02
49900  7180.08  0.02
50000  7180.08  0.02
50100  7180.08  0.02
50200  7180.08  0.02
50300  7180.08  0.02
50400  7180.08  0.02
50500  7180.08  0.02
50600  7180.08  0.02
50700  7180.08  0.02
50800  7180.08  0.02
50900  7180.08  0.02
51000  7180.08  0.02
51100  7180.08  0.02
51200  7180.08  0.02
51300  7180.08  0.02
51400  7180.08  0.02
51500  7180.08  0.02
51600  7180.08  0.02
51700  7180.08  0.02
51800  7180.08  0.02
51900  7180.08  0.02
52000  7180.08  0.02
52100  7180.08  0.02
52200  7180.08  0.02
52300  7180.08  0.02
52400  7180.08  0.02
52500  7180.08  0.02
52600  7180.08  0.02
52700  7180.08  0.02
52800  7180.08  0.02
52900  7180.08  0.02
53000  7180.08  0.02
53100  7180.08  0.02
53200  7180.08  0.02
53300  7180.08  0.02
53400  7180.08  0.02
53500  7180.08  0.02
53600  7180.08  0.02
53700  7180.08  0.02
53800  7180.08  0.02
53900  7180.08  0.02
54000  7180.08  0.02
54100  7180.08  0.02
54200  7180.08  0.02
54300  7180.08  0.02
54400  7180.08  0.02
54500  7180.08  0.02
54600  7180.08  0.02
54700  7180.08  0.02
54800  7180.08  0.02
54900  7180.08  0.02
55000  7180.08  0.02
55100  7180.08  0.02
55200  7180.08  0.02
55300  7180.08  0.02
55400  7180.08  0.02
55500  7180.08  0.02
55600  7180.08  0.02
55700  7180.08  0.02
55800  7180.08  0.02
55900  7180.08  0.02
56000  7180.08  0.02
56100  7180.08  0.02
56200  7180.08  0.02
56300  7180.08  0.02
56400  7180.08  0.02
56500  7180.08  0.02
56600  7180.08  0.02
56700  7180.08  0.02
56800  7180.08  0.02
56900  7180.08  0.02
57000  7180.08  0.02
57100  7180.08  0.02
57200  7180.08  0.02
57300  7180.08  0.02
57400  7180.08  0.02
57500  7180.08  0.02
57600  7180.08  0.02
57700  7180.08  0.02
57800  7180.08  0.02
57900  7180.08  0.02
58000  7180.08  0.02
58100  7180.08  0.02
58200  7180.08  0.02
58300  7180.08  0.02
58400  7180.08  0.02
58500  7180.08  0.02
58600  7180.08  0.02
58700  7180.08  0.02
58800  7180.08  0.02
58900  7180.08  0.02
59000  7180.08  0.02
59100  7180.08  0.02
59200  7180.08  0.02
59300  7180.08  0.02
59400  7180.08  0.02
59500  7180.08  0.02
59600  7180.08  0.02
59700  7180.08  0.02
59800  7180.08  0.02
59900  7180.08  0.02
