100  4571.99  1
200  9193.3  0.94
300  14345.7  0.94
400  17305.4  0.86
500  19436.7  0.8
600  19824  0.68
700  19934.8  0.56
800  21425.5  0.54
900  21336.1  0.48
1000  24272.5  0.5
1100  23000.7  0.42
1200  29393.3  0.5
1300  31679  0.5
1400  29639.6  0.44
1500  29978.7  0.42
1600  37649.7  0.48
1700  41192.8  0.5
1800  41524.3  0.46
1900  39576.9  0.42
2000  38505.7  0.38
2100  31423.4  0.3
2200  39311.6  0.36
2300  40976.2  0.36
2400  37614.5  0.32
2500  37129.8  0.3
2600  35692.1  0.28
2700  32102.1  0.24
2800  35388.5  0.26
2900  36817  0.26
3000  38019.3  0.26
3100  39222.7  0.26
3200  40213.2  0.26
3300  41853.6  0.26
3400  42838.5  0.26
3500  44033.5  0.26
3600  45089.1  0.26
3700  57335.3  0.32
3800  59017.6  0.32
3900  37572.6  0.2
4000  49854.7  0.26
4100  50946.8  0.26
4200  48335  0.24
4300  49301.3  0.24
4400  45902.6  0.22
4500  46742.6  0.22
4600  37410.1  0.18
4700  39703.2  0.18
4800  40472.5  0.18
4900  41084.3  0.18
5000  41912.9  0.18
5100  42902.7  0.18
5200  43702.9  0.18
5300  50423.3  0.2
5400  51063.2  0.2
5500  52160.1  0.2
5600  41870.6  0.16
5700  47847.3  0.18
5800  42880.7  0.16
5900  54691  0.2
6000  56055.3  0.2
6100  56951.4  0.2
6200  64544.9  0.22
6300  65400.6  0.22
6400  66588.6  0.22
6500  67824.1  0.22
6600  55348.8  0.18
6700  62521.6  0.2
6800  63784.3  0.2
6900  57767.4  0.18
7000  56862  0.18
7100  56995.7  0.18
7200  57584.1  0.18
7300  58838.1  0.18
7400  59422  0.18
7500  60198  0.18
7600  55726.1  0.16
7700  56656.6  0.16
7800  52995.2  0.14
7900  65158  0.18
8000  57888.6  0.16
8100  58339.4  0.16
8200  59476.9  0.16
8300  59956.8  0.16
8400  60656.3  0.16
8500  61197.3  0.16
8600  62273.7  0.16
8700  62814.7  0.16
8800  54815.4  0.14
8900  82301.8  0.2
9000  83486.4  0.2
9100  84368.9  0.2
9200  85248.4  0.2
9300  58322.8  0.14
9400  67963.5  0.16
9500  57174.8  0.12
9600  46244.1  0.1
9700  46564.1  0.1
9800  46855  0.1
9900  47613.1  0.1
10000  47904  0.1
10100  48224.1  0.1
10200  48515  0.1
10300  49238.3  0.1
10400  49558.3  0.1
10500  49849.2  0.1
10600  50169.3  0.1
10700  50460.2  0.1
10800  51218.3  0.1
10900  51509.2  0.1
11000  51829.2  0.1
11100  52120.1  0.1
11200  52843.4  0.1
11300  53163.5  0.1
11400  53454.4  0.1
11500  53774.4  0.1
11600  45159.1  0.08
11700  45762  0.08
11800  45948.2  0.08
11900  45267.9  0.08
12000  45485.5  0.08
12100  46112.1  0.08
12200  46329.7  0.08
12300  46518.2  0.08
12400  100773  0.18
12500  102004  0.18
12600  128050  0.22
12700  128669  0.22
12800  129780  0.22
12900  130425  0.22
13000  131978  0.22
13100  119786  0.2
13200  120499  0.2
13300  121294  0.2
13400  122597  0.2
13500  123272  0.2
13600  124339  0.2
13700  124847  0.2
13800  98455.1  0.16
13900  69389  0.1
14000  69739.3  0.1
14100  70176.5  0.1
14200  70582.6  0.1
14300  70962.2  0.1
14400  71370.2  0.1
14500  57283  0.08
14600  57572.1  0.08
14700  57861.1  0.08
14800  58175.8  0.08
14900  58464.8  0.08
15000  49269.2  0.08
15100  49527.9  0.08
15200  49859.5  0.08
15300  50162  0.08
15400  63951.3  0.1
15500  62108.8  0.1
15600  62832.9  0.1
15700  63148  0.1
15800  63434  0.1
15900  54026  0.08
16000  54649.5  0.08
16100  54864  0.08
16200  55049.4  0.08
16300  55234.8  0.08
16400  55449.4  0.08
16500  56097.3  0.08
16600  56311.9  0.08
16700  56497.3  0.08
16800  56711.8  0.08
16900  57335.3  0.08
17000  57520.7  0.08
17100  57735.2  0.08
17200  44814.7  0.06
17300  44931.3  0.06
17400  45455.6  0.06
17500  45572.2  0.06
17600  45659.6  0.06
17700  45747  0.06
17800  46300.4  0.06
17900  46387.9  0.06
18000  46504.4  0.06
18100  46591.8  0.06
18200  47145.3  0.06
18300  47232.7  0.06
18400  47320.1  0.06
18500  47436.7  0.06
18600  47524.1  0.06
18700  48077.5  0.06
18800  48165  0.06
18900  29484.4  0.04
19000  29571.9  0.04
19100  29659.3  0.04
19200  28877.4  0.04
19300  28964.8  0.04
19400  29081.4  0.04
19500  29168.8  0.04
19600  29285.3  0.04
19700  29372.7  0.04
19800  29489.3  0.04
19900  29576.7  0.04
20000  29664.1  0.04
20100  29780.7  0.04
20200  29868.1  0.04
20300  29984.6  0.04
20400  30072.1  0.04
20500  30188.6  0.04
20600  30276  0.04
20700  30363.4  0.04
20800  30480  0.04
20900  30567.4  0.04
21000  30684  0.04
21100  30771.4  0.04
21200  30887.9  0.04
21300  30975.4  0.04
21400  31062.8  0.04
21500  31179.3  0.04
21600  31266.7  0.04
21700  31383.3  0.04
21800  31470.7  0.04
21900  31587.3  0.04
22000  31674.7  0.04
22100  31762.1  0.04
22200  31878.7  0.04
22300  31966.1  0.04
22400  32082.6  0.04
22500  32170  0.04
22600  32286.6  0.04
22700  32374  0.04
22800  32461.4  0.04
22900  32578  0.04
23000  32665.4  0.04
23100  32782  0.04
23200  32869.4  0.04
23300  32985.9  0.04
23400  33073.3  0.04
23500  33160.8  0.04
23600  33277.3  0.04
23700  33364.7  0.04
23800  33481.3  0.04
23900  33568.7  0.04
24000  33685.2  0.04
24100  33772.7  0.04
24200  122584  0.12
24300  122930  0.12
24400  62560.9  0.06
24500  62779  0.06
24600  62967.9  0.06
24700  63181.8  0.06
24800  63370.7  0.06
24900  63584.7  0.06
25000  63773.6  0.06
25100  63962.5  0.06
25200  64176.4  0.06
25300  64365.3  0.06
25400  64583.4  0.06
25500  53927.7  0.06
25600  54145.7  0.06
25700  57418.2  0.06
25800  57603.1  0.06
25900  105125  0.1
26000  105580  0.1
26100  105918  0.1
26200  80068.4  0.08
26300  80402.4  0.08
26400  108028  0.1
26500  108347  0.1
26600  108821  0.1
26700  109202  0.1
26800  109619  0.1
26900  109996  0.1
27000  110413  0.1
27100  110789  0.1
27200  111170  0.1
27300  111587  0.1
27400  111963  0.1
27500  112442  0.1
27600  112761  0.1
27700  113235  0.1
27800  113616  0.1
27900  114004  0.1
28000  114410  0.1
28100  114729  0.1
28200  115203  0.1
28300  115584  0.1
28400  116001  0.1
28500  116377  0.1
28600  116856  0.1
28700  117175  0.1
28800  88985.4  0.08
28900  89264.8  0.08
29000  89576.3  0.08
29100  60201.3  0.06
29200  60390.2  0.06
29300  90315.9  0.08
29400  90573.7  0.08
29500  90900.5  0.08
29600  91183.5  0.08
29700  91510.3  0.08
29800  91797.3  0.08
29900  92120  0.08
30000  92407  0.08
30100  92664.9  0.08
30200  92987.6  0.08
30300  93274.6  0.08
30400  93597.4  0.08
30500  93884.4  0.08
30600  94211.2  0.08
30700  94494.1  0.08
30800  94820.9  0.08
30900  95145.2  0.08
31000  64589  0.06
31100  64777.9  0.06
31200  64996  0.06
31300  65180.8  0.06
31400  96496.5  0.08
31500  96916.6  0.08
31600  97105.4  0.08
31700  97558.7  0.08
31800  97743.6  0.08
31900  98196.8  0.08
32000  66392.1  0.06
32100  66606.1  0.06
32200  66795  0.06
32300  66983.9  0.06
32400  67197.8  0.06
32500  67386.7  0.06
32600  67600.7  0.06
32700  66285.1  0.06
32800  66503.2  0.06
32900  66065.9  0.06
33000  66284  0.06
33100  66472.8  0.06
33200  66657.7  0.06
33300  66875.7  0.06
33400  67064.6  0.06
33500  67278.6  0.06
33600  67467.5  0.06
33700  67681.4  0.06
33800  67870.3  0.06
33900  68059.2  0.06
34000  68273.2  0.06
34100  68462.1  0.06
34200  68680.1  0.06
34300  51095.2  0.04
34400  51211.8  0.04
34500  51299.2  0.04
34600  51386.6  0.04
34700  51503.2  0.04
34800  51590.6  0.04
34900  51707.2  0.04
35000  51794.6  0.04
35100  51911.1  0.04
35200  51998.5  0.04
35300  52086  0.04
35400  52202.5  0.04
35500  52289.9  0.04
35600  52406.5  0.04
35700  52493.9  0.04
35800  52610.5  0.04
35900  52697.9  0.04
36000  52785.3  0.04
36100  42551  0.04
36200  42638.5  0.04
36300  42755  0.04
36400  42842.4  0.04
36500  42959  0.04
36600  43046.4  0.04
36700  43133.8  0.04
36800  43250.4  0.04
36900  43337.8  0.04
37000  43454.3  0.04
37100  43541.8  0.04
37200  43658.3  0.04
37300  43745.7  0.04
37400  43862.3  0.04
37500  43949.7  0.04
37600  44037.1  0.04
37700  44153.7  0.04
37800  44241.1  0.04
37900  44357.6  0.04
38000  44445.1  0.04
38100  44561.6  0.04
38200  44649  0.04
38300  44736.4  0.04
38400  44853  0.04
38500  44940.4  0.04
38600  45057  0.04
38700  45144.4  0.04
38800  45260.9  0.04
38900  45348.4  0.04
39000  45435.8  0.04
39100  45552.3  0.04
39200  45639.7  0.04
39300  45756.3  0.04
39400  45843.7  0.04
39500  45960.3  0.04
39600  46047.7  0.04
39700  46135.1  0.04
39800  46251.7  0.04
39900  46339.1  0.04
40000  46455.6  0.04
40100  46543  0.04
40200  46659.6  0.04
40300  46747  0.04
40400  46834.4  0.04
40500  46951  0.04
40600  47038.4  0.04
40700  47154.9  0.04
40800  47242.4  0.04
40900  47358.9  0.04
41000  47446.3  0.04
41100  47562.9  0.04
41200  47650.3  0.04
41300  47737.7  0.04
41400  47854.3  0.04
41500  47941.7  0.04
41600  48058.2  0.04
41700  48145.7  0.04
41800  48262.2  0.04
41900  48349.6  0.04
42000  48437  0.04
42100  48553.6  0.04
42200  48641  0.04
42300  48757.6  0.04
42400  48845  0.04
42500  48961.5  0.04
42600  49049  0.04
42700  49136.4  0.04
42800  49252.9  0.04
42900  49340.3  0.04
43000  49456.9  0.04
43100  49544.3  0.04
43200  49660.9  0.04
43300  49748.3  0.04
43400  49835.7  0.04
43500  49952.3  0.04
43600  50039.7  0.04
43700  50156.2  0.04
43800  50243.6  0.04
43900  50360.2  0.04
44000  50447.6  0.04
44100  50535  0.04
44200  50651.6  0.04
44300  50739  0.04
44400  50855.5  0.04
44500  50943  0.04
44600  51059.5  0.04
44700  51146.9  0.04
44800  51234.4  0.04
44900  51350.9  0.04
45000  51438.3  0.04
45100  51554.9  0.04
45200  51642.3  0.04
45300  51758.8  0.04
45400  51846.3  0.04
45500  51962.8  0.04
45600  52050.2  0.04
45700  52137.6  0.04
45800  52254.2  0.04
45900  52341.6  0.04
46000  52458.2  0.04
46100  52545.6  0.04
46200  52662.1  0.04
46300  100814  0.06
46400  101009  0.06
46500  101223  0.06
46600  101407  0.06
46700  101631  0.06
46800  133649  0.06
46900  133863  0.06
47000  134058  0.06
47100  134242  0.06
47200  134455  0.06
47300  134639  0.06
47400  134864  0.06
47500  135048  0.06
47600  135261  0.06
47700  135456  0.06
47800  135640  0.06
47900  135854  0.06
48000  136049  0.06
48100  136262  0.06
48200  136446  0.06
48300  136660  0.06
48400  136855  0.06
48500  137039  0.06
48600  137252  0.06
48700  137447  0.06
48800  137660  0.06
48900  137845  0.06
49000  138069  0.06
49100  138253  0.06
49200  138437  0.06
49300  138651  0.06
49400  138846  0.06
49500  125805  0.06
49600  125989  0.06
49700  126213  0.06
49800  126397  0.06
49900  126610  0.06
50000  126795  0.06
50100  126990  0.06
50200  127203  0.06
50300  127387  0.06
50400  254501  0.12
50500  204623  0.1
50600  204918  0.1
50700  205222  0.1
50800  205514  0.1
50900  155303  0.08
51000  155569  0.08
51100  155902  0.08
51200  156195  0.08
51300  156490  0.08
51400  156793  0.08
51500  157086  0.08
51600  157381  0.08
51700  157685  0.08
51800  158007  0.08
51900  209972  0.1
52000  210669  0.1
52100  210961  0.1
52200  211243  0.1
52300  211553  0.1
52400  212265  0.1
52500  212576  0.1
52600  212857  0.1
52700  213168  0.1
52800  213847  0.1
52900  161273  0.08
53000  161584  0.08
53100  161876  0.08
53200  162187  0.08
53300  162468  0.08
53400  162790  0.08
53500  163071  0.08
53600  163385  0.08
53700  163696  0.08
53800  163988  0.08
53900  164298  0.08
54000  164580  0.08
54100  164901  0.08
54200  165183  0.08
54300  165493  0.08
54400  165786  0.08
54500  122764  0.06
54600  122977  0.06
54700  123162  0.06
54800  123386  0.06
54900  123570  0.06
55000  123783  0.06
55100  123978  0.06
55200  124162  0.06
55300  124376  0.06
55400  124571  0.06
55500  124784  0.06
55600  124968  0.06
55700  125182  0.06
55800  125377  0.06
55900  125561  0.06
56000  125774  0.06
56100  125969  0.06
56200  126183  0.06
56300  126367  0.06
56400  126580  0.06
56500  126775  0.06
56600  126959  0.06
56700  127173  0.06
56800  127368  0.06
56900  127581  0.06
57000  127765  0.06
57100  127989  0.06
57200  128174  0.06
57300  128358  0.06
57400  128571  0.06
57500  117926  0.06
57600  118139  0.06
57700  118323  0.06
57800  121631  0.06
57900  121815  0.06
58000  121999  0.06
58100  122224  0.06
58200  122408  0.06
58300  122621  0.06
58400  122805  0.06
58500  234275  0.1
58600  234582  0.1
58700  235129  0.1
58800  235385  0.1
58900  235902  0.1
59000  236177  0.1
59100  236694  0.1
59200  237041  0.1
59300  178143  0.08
59400  178479  0.08
59500  178797  0.08
59600  179042  0.08
59700  179378  0.08
59800  179696  0.08
59900  179970  0.08
