100  4126.85  0.92
200  8593.09  0.84
300  11867.2  0.8
400  12387.3  0.62
500  15331.8  0.64
600  17747.7  0.6
700  18441.2  0.54
800  18426  0.46
900  15544.7  0.36
1000  15172.6  0.32
1100  12919.1  0.24
1200  18940.4  0.32
1300  19000.4  0.3
1400  20163.6  0.3
1500  23606.2  0.32
1600  23162.1  0.3
1700  24460  0.3
1800  19861.8  0.22
1900  19167.8  0.2
2000  15880.2  0.16
2100  16653.4  0.16
2200  18104.2  0.18
2300  27793.4  0.26
2400  29052.2  0.26
2500  24867.9  0.2
2600  17581.3  0.14
2700  26490.2  0.2
2800  24603.7  0.18
2900  26924.5  0.2
3000  27711.3  0.2
3100  31738.8  0.22
3200  33048  0.22
3300  33828.6  0.22
3400  18037.2  0.12
3500  28966.7  0.18
3600  26360.8  0.16
3700  34353.5  0.2
3800  31297.1  0.18
3900  28390.8  0.16
4000  32925.6  0.18
4100  25681.3  0.14
4200  26220  0.14
4300  14887.1  0.08
4400  15085.7  0.08
4500  15428.4  0.08
4600  15766.6  0.08
4700  15969.7  0.08
4800  16307.9  0.08
4900  16650.5  0.08
5000  35406.3  0.16
5100  36196.6  0.16
5200  36540.6  0.16
5300  37224.3  0.16
5400  32539.4  0.14
5500  27593.6  0.12
5600  28282.4  0.12
5700  13391.5  0.06
5800  13491.3  0.06
5900  13731.4  0.06
6000  20243.4  0.08
6100  24603.3  0.1
6200  24944  0.1
6300  25285.6  0.1
6400  25874.3  0.1
6500  26069.1  0.1
6600  26658.6  0.1
6700  15644.7  0.06
6800  15744.5  0.06
6900  15984.6  0.06
7000  16225.6  0.06
7100  15000.9  0.06
7200  22546.2  0.08
7300  15594.2  0.06
7400  15264.6  0.06
7500  15105.5  0.06
7600  15346.5  0.06
7700  15586.7  0.06
7800  15826.9  0.06
7900  15764.2  0.04
8000  15961.5  0.04
8100  16101.9  0.04
8200  16101.9  0.04
8300  16242.4  0.04
8400  16382.8  0.04
8500  16523.2  0.04
8600  16523.2  0.04
8700  16663.7  0.04
8800  16804.1  0.04
8900  16804.1  0.04
9000  16944.5  0.04
9100  17084.9  0.04
9200  17225.4  0.04
9300  17225.4  0.04
9400  17365.8  0.04
9500  17506.2  0.04
9600  17506.2  0.04
9700  17646.6  0.04
9800  17787.1  0.04
9900  17787.1  0.04
10000  17927.5  0.04
10100  18067.9  0.04
10200  18208.3  0.04
10300  18208.3  0.04
10400  18348.8  0.04
10500  18489.2  0.04
10600  18489.2  0.04
10700  18629.6  0.04
10800  18770  0.04
10900  18910.5  0.04
11000  18910.5  0.04
11100  19050.9  0.04
11200  19191.3  0.04
11300  19191.3  0.04
11400  19331.8  0.04
11500  19472.2  0.04
11600  19612.6  0.04
11700  19612.6  0.04
11800  19753  0.04
11900  19893.5  0.04
12000  19893.5  0.04
12100  20033.9  0.04
12200  20174.3  0.04
12300  20314.7  0.04
12400  20314.7  0.04
12500  20455.2  0.04
12600  20595.6  0.04
12700  20595.6  0.04
12800  20736  0.04
12900  20876.4  0.04
13000  21016.9  0.04
13100  21016.9  0.04
13200  21157.3  0.04
13300  21297.7  0.04
13400  21297.7  0.04
13500  21438.1  0.04
13600  21578.6  0.04
13700  21719  0.04
13800  21719  0.04
13900  21859.4  0.04
14000  21999.9  0.04
14100  21999.9  0.04
14200  22140.3  0.04
14300  22280.7  0.04
14400  22421.1  0.04
14500  22421.1  0.04
14600  22561.6  0.04
14700  22702  0.04
14800  22702  0.04
14900  22842.4  0.04
15000  22982.8  0.04
15100  23123.3  0.04
15200  23123.3  0.04
15300  23263.7  0.04
15400  23404.1  0.04
15500  23404.1  0.04
15600  23544.5  0.04
15700  23685  0.04
15800  23825.4  0.04
15900  23825.4  0.04
16000  23965.8  0.04
16100  24106.2  0.04
16200  24106.2  0.04
16300  24246.7  0.04
16400  24387.1  0.04
16500  24387.1  0.04
16600  24527.5  0.04
16700  24668  0.04
16800  24808.4  0.04
16900  24808.4  0.04
17000  24948.8  0.04
17100  25089.2  0.04
17200  25089.2  0.04
17300  25229.7  0.04
17400  25370.1  0.04
17500  25510.5  0.04
17600  25510.5  0.04
17700  25650.9  0.04
17800  25791.4  0.04
17900  25791.4  0.04
18000  25931.8  0.04
18100  26072.2  0.04
18200  26212.6  0.04
18300  26212.6  0.04
18400  26353.1  0.04
18500  26493.5  0.04
18600  26493.5  0.04
18700  26633.9  0.04
18800  26774.3  0.04
18900  26914.8  0.04
19000  26914.8  0.04
19100  27055.2  0.04
19200  27195.6  0.04
19300  27195.6  0.04
19400  27336.1  0.04
19500  27476.5  0.04
19600  27616.9  0.04
19700  27616.9  0.04
19800  27757.3  0.04
19900  27897.8  0.04
20000  27897.8  0.04
20100  28038.2  0.04
20200  28178.6  0.04
20300  28319  0.04
20400  28319  0.04
20500  28459.5  0.04
20600  28599.9  0.04
20700  28599.9  0.04
20800  28740.3  0.04
20900  28880.7  0.04
21000  29021.2  0.04
21100  29021.2  0.04
21200  29161.6  0.04
21300  29302  0.04
21400  29302  0.04
21500  29442.4  0.04
21600  29582.9  0.04
21700  29723.3  0.04
21800  29723.3  0.04
21900  29863.7  0.04
22000  30004.2  0.04
22100  30004.2  0.04
22200  30144.6  0.04
22300  30285  0.04
22400  30425.4  0.04
22500  30425.4  0.04
22600  30565.9  0.04
22700  30706.3  0.04
22800  30706.3  0.04
22900  30846.7  0.04
23000  30987.1  0.04
23100  30987.1  0.04
23200  31127.6  0.04
23300  31268  0.04
23400  31408.4  0.04
23500  31408.4  0.04
23600  31548.8  0.04
23700  31689.3  0.04
23800  31689.3  0.04
23900  31829.7  0.04
24000  31970.1  0.04
24100  32110.5  0.04
24200  32110.5  0.04
24300  32251  0.04
24400  32391.4  0.04
24500  32391.4  0.04
24600  32531.8  0.04
24700  32672.3  0.04
24800  32812.7  0.04
24900  32812.7  0.04
25000  32953.1  0.04
25100  33093.5  0.04
25200  33093.5  0.04
25300  33234  0.04
25400  33374.4  0.04
25500  33514.8  0.04
25600  33514.8  0.04
25700  33655.2  0.04
25800  33795.7  0.04
25900  33795.7  0.04
26000  33936.1  0.04
26100  34076.5  0.04
26200  34216.9  0.04
26300  34216.9  0.04
26400  34357.4  0.04
26500  34497.8  0.04
26600  34497.8  0.04
26700  34638.2  0.04
26800  34778.6  0.04
26900  34919.1  0.04
27000  34919.1  0.04
27100  35059.5  0.04
27200  35199.9  0.04
27300  35199.9  0.04
27400  35340.4  0.04
27500  35480.8  0.04
27600  35621.2  0.04
27700  35621.2  0.04
27800  35761.6  0.04
27900  35902.1  0.04
28000  35902.1  0.04
28100  36042.5  0.04
28200  36182.9  0.04
28300  36323.3  0.04
28400  36323.3  0.04
28500  36463.8  0.04
28600  36604.2  0.04
28700  36604.2  0.04
28800  36744.6  0.04
28900  36885  0.04
29000  37025.5  0.04
29100  37025.5  0.04
29200  37165.9  0.04
29300  37306.3  0.04
29400  37306.3  0.04
29500  37446.8  0.04
29600  37587.2  0.04
29700  37587.2  0.04
29800  37727.6  0.04
29900  37868  0.04
30000  38008.5  0.04
30100  38008.5  0.04
30200  38148.9  0.04
30300  38289.3  0.04
30400  38289.3  0.04
30500  38429.7  0.04
30600  38570.2  0.04
30700  38710.6  0.04
30800  38710.6  0.04
30900  38851  0.04
31000  38991.4  0.04
31100  38991.4  0.04
31200  39131.9  0.04
31300  39272.3  0.04
31400  39412.7  0.04
31500  39412.7  0.04
31600  39553.1  0.04
31700  39693.6  0.04
31800  39693.6  0.04
31900  39834  0.04
32000  39974.4  0.04
32100  40114.9  0.04
32200  40114.9  0.04
32300  40255.3  0.04
32400  40395.7  0.04
32500  40395.7  0.04
32600  40536.1  0.04
32700  40676.6  0.04
32800  40817  0.04
32900  40817  0.04
33000  40957.4  0.04
33100  41097.8  0.04
33200  41097.8  0.04
33300  41238.3  0.04
33400  41378.7  0.04
33500  41519.1  0.04
33600  41519.1  0.04
33700  41659.5  0.04
33800  41800  0.04
33900  41800  0.04
34000  41940.4  0.04
34100  42080.8  0.04
34200  42221.2  0.04
34300  42221.2  0.04
34400  42361.7  0.04
34500  42502.1  0.04
34600  42502.1  0.04
34700  42642.5  0.04
34800  42783  0.04
34900  42923.4  0.04
35000  42923.4  0.04
35100  43063.8  0.04
35200  43204.2  0.04
35300  43204.2  0.04
35400  43344.7  0.04
35500  43485.1  0.04
35600  43625.5  0.04
35700  43625.5  0.04
35800  43765.9  0.04
35900  43906.4  0.04
36000  43906.4  0.04
36100  44046.8  0.04
36200  44187.2  0.04
36300  44187.2  0.04
36400  44327.6  0.04
36500  44468.1  0.04
36600  44608.5  0.04
36700  44608.5  0.04
36800  44748.9  0.04
36900  44889.3  0.04
37000  44889.3  0.04
37100  45029.8  0.04
37200  45170.2  0.04
37300  45310.6  0.04
37400  45310.6  0.04
37500  45451.1  0.04
37600  45591.5  0.04
37700  45591.5  0.04
37800  45731.1  0.04
37900  45870.7  0.04
38000  46010.3  0.04
38100  46010.3  0.04
38200  46149.9  0.04
38300  46289.5  0.04
38400  46289.5  0.04
38500  46429.1  0.04
38600  46568.7  0.04
38700  46708.3  0.04
38800  46708.3  0.04
38900  46847.9  0.04
39000  46987.5  0.04
39100  46987.5  0.04
39200  47127.1  0.04
39300  47266.7  0.04
39400  47406.3  0.04
39500  47406.3  0.04
39600  47545.9  0.04
39700  47685.5  0.04
39800  47685.5  0.04
39900  47825.1  0.04
40000  47964.7  0.04
40100  48104.3  0.04
40200  48104.3  0.04
40300  48243.9  0.04
40400  48383.5  0.04
40500  48383.5  0.04
40600  48523.1  0.04
40700  48662.7  0.04
40800  48802.3  0.04
40900  48802.3  0.04
41000  48941.9  0.04
41100  49081.5  0.04
41200  49081.5  0.04
41300  49221.1  0.04
41400  49360.7  0.04
41500  49500.3  0.04
41600  49500.3  0.04
41700  49639.9  0.04
41800  49779.5  0.04
41900  49779.5  0.04
42000  49919.1  0.04
42100  50058.7  0.04
42200  50198.3  0.04
42300  50198.3  0.04
42400  50337.9  0.04
42500  50477.5  0.04
42600  50477.5  0.04
42700  50617.2  0.04
42800  50756.8  0.04
42900  50756.8  0.04
43000  50896.4  0.04
43100  51036  0.04
43200  51175.6  0.04
43300  51175.6  0.04
43400  51315.2  0.04
43500  51454.8  0.04
43600  51454.8  0.04
43700  51594.4  0.04
43800  51734  0.04
43900  51873.6  0.04
44000  51873.6  0.04
44100  52013.2  0.04
44200  52152.8  0.04
44300  52152.8  0.04
44400  52292.4  0.04
44500  52432  0.04
44600  52571.6  0.04
44700  52571.6  0.04
44800  52711.2  0.04
44900  52850.8  0.04
45000  52850.8  0.04
45100  52990.4  0.04
45200  53130  0.04
45300  53269.6  0.04
45400  53269.6  0.04
45500  53409.2  0.04
45600  53548.8  0.04
45700  53548.8  0.04
45800  53688.4  0.04
45900  53828  0.04
46000  53967.6  0.04
46100  53967.6  0.04
46200  54107.2  0.04
46300  54246.8  0.04
46400  54246.8  0.04
46500  54386.4  0.04
46600  54526  0.04
46700  54665.6  0.04
46800  54665.6  0.04
46900  54805.2  0.04
47000  54944.8  0.04
47100  54944.8  0.04
47200  55084.4  0.04
47300  55224  0.04
47400  55363.6  0.04
47500  55363.6  0.04
47600  55503.2  0.04
47700  55642.8  0.04
47800  55642.8  0.04
47900  55782.4  0.04
48000  55922  0.04
48100  56061.6  0.04
48200  56061.6  0.04
48300  56201.2  0.04
48400  56340.8  0.04
48500  56340.8  0.04
48600  56480.4  0.04
48700  56620  0.04
48800  56759.6  0.04
48900  56759.6  0.04
49000  56899.2  0.04
49100  57038.8  0.04
49200  57038.8  0.04
49300  57178.4  0.04
49400  57318  0.04
49500  57318  0.04
49600  57457.7  0.04
49700  57597.3  0.04
49800  57736.9  0.04
49900  57736.9  0.04
50000  57876.5  0.04
50100  58016.1  0.04
50200  58016.1  0.04
50300  58155.7  0.04
50400  58295.3  0.04
50500  58434.9  0.04
50600  58434.9  0.04
50700  58574.5  0.04
50800  58714.1  0.04
50900  58714.1  0.04
51000  58853.7  0.04
51100  58993.3  0.04
51200  59132.9  0.04
51300  59132.9  0.04
51400  59272.5  0.04
51500  59412.1  0.04
51600  59412.1  0.04
51700  59551.7  0.04
51800  59691.3  0.04
51900  59830.9  0.04
52000  59830.9  0.04
52100  59970.5  0.04
52200  60110.1  0.04
52300  60110.1  0.04
52400  60249.7  0.04
52500  60389.3  0.04
52600  60528.9  0.04
52700  60528.9  0.04
52800  60668.5  0.04
52900  60808.1  0.04
53000  60808.1  0.04
53100  60947.7  0.04
53200  61087.3  0.04
53300  61226.9  0.04
53400  61226.9  0.04
53500  61366.5  0.04
53600  61506.1  0.04
53700  61506.1  0.04
53800  61645.7  0.04
53900  61785.3  0.04
54000  61924.9  0.04
54100  61924.9  0.04
54200  62064.5  0.04
54300  62204.1  0.04
54400  62204.1  0.04
54500  62343.7  0.04
54600  62483.3  0.04
54700  62622.9  0.04
54800  62622.9  0.04
54900  62762.5  0.04
55000  62902.1  0.04
55100  62902.1  0.04
55200  63041.7  0.04
55300  63181.3  0.04
55400  63320.9  0.04
55500  63320.9  0.04
55600  63460.5  0.04
55700  120024  0.06
55800  120182  0.06
55900  120322  0.06
56000  120621  0.06
56100  120779  0.06
56200  120920  0.06
56300  121218  0.06
56400  121359  0.06
56500  121517  0.06
56600  121816  0.06
56700  121956  0.06
56800  122114  0.06
56900  122413  0.06
57000  122553  0.06
57100  122852  0.06
57200  122852  0.06
57300  123151  0.06
57400  123449  0.06
57500  123449  0.06
57600  123748  0.06
57700  124047  0.06
57800  124187  0.06
57900  124345  0.06
58000  124644  0.06
58100  124785  0.06
58200  124943  0.06
58300  125083  0.06
58400  125382  0.06
58500  125680  0.06
58600  125680  0.06
58700  125979  0.06
58800  126278  0.06
58900  126278  0.06
59000  126576  0.06
59100  126875  0.06
59200  127016  0.06
59300  127174  0.06
59400  127314  0.06
59500  127613  0.06
59600  127771  0.06
59700  127911  0.06
59800  128210  0.06
59900  128509  0.06
