100  4563.5  0.96
200  8089.41  0.82
300  11191  0.72
400  14822  0.74
500  17076.1  0.7
600  18749  0.64
700  18827.7  0.54
800  15692.4  0.4
900  19908.8  0.46
1000  19678.2  0.4
1100  17952.8  0.34
1200  25559  0.44
1300  19386.2  0.3
1400  22576.9  0.32
1500  27136.1  0.36
1600  25145.6  0.32
1700  23797.5  0.28
1800  22898.7  0.26
1900  24306.5  0.26
2000  23101.3  0.24
2100  33173  0.32
2200  34417.7  0.32
2300  28851.7  0.26
2400  27599.1  0.24
2500  26448.2  0.22
2600  27392  0.22
2700  20241.3  0.16
2800  20967.4  0.16
2900  21667.7  0.16
3000  21276.5  0.16
3100  17116.4  0.12
3200  29015.5  0.2
3300  23836.8  0.16
3400  17775.5  0.12
3500  21361  0.14
3600  15922.5  0.1
3700  19927.5  0.12
3800  24597  0.14
3900  19438.2  0.1
4000  19740.2  0.1
4100  20235.8  0.1
4200  20535.3  0.1
4300  21032.2  0.1
4400  18363.8  0.1
4500  18859.5  0.1
4600  23228.8  0.12
4700  23828.2  0.12
4800  24233.9  0.12
4900  21196.3  0.1
5000  21494.8  0.1
5100  25829.9  0.12
5200  18816.5  0.08
5300  19016.5  0.08
5400  19411.2  0.08
5500  19613.7  0.08
5600  29347.6  0.12
5700  29866.3  0.12
5800  30365.2  0.12
5900  29901  0.12
6000  43217.7  0.16
6100  44151  0.16
6200  44804  0.16
6300  45481.4  0.16
6400  45977  0.16
6500  45823.7  0.16
6600  45646.4  0.14
6700  45963.6  0.14
6800  40007.9  0.12
6900  33547.6  0.1
7000  33942.4  0.1
7100  27171.3  0.08
7200  27566  0.08
7300  29482  0.1
7400  22576.4  0.08
7500  22775.8  0.08
7600  23171.3  0.08
7700  23373.1  0.08
7800  23768.6  0.08
7900  23645.9  0.06
8000  24041.4  0.06
8100  24240.8  0.06
8200  24549.4  0.06
8300  33003.4  0.08
8400  33400.2  0.08
8500  37748.5  0.1
8600  41839.7  0.1
8700  44910.8  0.12
8800  41187.6  0.1
8900  41741.6  0.1
9000  60263.5  0.14
9100  60758.3  0.14
9200  61626.6  0.14
9300  62127.5  0.14
9400  62659.3  0.14
9500  31535.9  0.08
9600  31933  0.08
9700  32129.3  0.08
9800  32528.8  0.08
9900  32729.8  0.08
10000  33122.2  0.08
10100  30527  0.08
10200  30922  0.08
10300  31316.9  0.08
10400  31517.8  0.08
10500  31915.2  0.08
10600  35326.5  0.08
10700  35997.3  0.08
10800  25221.4  0.06
10900  25517.2  0.06
11000  25616.9  0.06
11100  39643.6  0.08
11200  39845.2  0.08
11300  40245.5  0.08
11400  40447.1  0.08
11500  40839.6  0.08
11600  41052.3  0.08
11700  41461.1  0.08
11800  27884  0.06
11900  28179.8  0.06
12000  30107.8  0.06
12100  54666.7  0.1
12200  55064.4  0.1
12300  43159.9  0.08
12400  31031.8  0.06
12500  31327.6  0.06
12600  31427.2  0.06
12700  31725.5  0.06
12800  31825.2  0.06
12900  32121  0.06
13000  32220.6  0.06
13100  32516.4  0.06
13200  32616.1  0.06
13300  32911.9  0.06
13400  33014  0.06
13500  33309.8  0.06
13600  33409.5  0.06
13700  33705.2  0.06
13800  33804.9  0.06
13900  34100.7  0.06
14000  34200.3  0.06
14100  34496.1  0.06
14200  34598.3  0.06
14300  34894.1  0.06
14400  34993.7  0.06
14500  35289.5  0.06
14600  35389.2  0.06
14700  35685  0.06
14800  35784.6  0.06
14900  32928.3  0.06
15000  33028  0.06
15100  33323.8  0.06
15200  33423.4  0.06
15300  33719.2  0.06
15400  34015  0.06
15500  46816.9  0.08
15600  47214.2  0.08
15700  47412.8  0.08
15800  47812.7  0.08
15900  47688  0.06
16000  48082.7  0.06
16100  55548.9  0.08
16200  56242  0.08
16300  54720.6  0.08
16400  55130.7  0.08
16500  55287.5  0.08
16600  55697.6  0.08
16700  39280.5  0.06
16800  39576.3  0.06
16900  39676  0.06
17000  39971.8  0.06
17100  40073.9  0.06
17200  40369.7  0.06
17300  42726.2  0.06
17400  43022  0.06
17500  43121.7  0.06
17600  43417.5  0.06
17700  43517.1  0.06
17800  43815.4  0.06
17900  43915.1  0.06
18000  50468.9  0.06
18100  50568.6  0.06
18200  74160.9  0.1
18300  74435  0.1
18400  56627  0.08
18500  56729.1  0.08
18600  57243.8  0.08
18700  57343.5  0.08
18800  57858.2  0.08
18900  57957.8  0.08
19000  58253.6  0.08
19100  58572.2  0.08
19200  58870.4  0.08
19300  59189  0.08
19400  59484.8  0.08
19500  59803.3  0.08
19600  60099.1  0.08
19700  60417.7  0.08
19800  60713.5  0.08
19900  61032  0.08
20000  61330.3  0.08
20100  41471.5  0.06
20200  41767.3  0.06
20300  44514.2  0.06
20400  44613.9  0.06
20500  44909.6  0.06
20600  45009.3  0.06
20700  45307.6  0.06
20800  45407.2  0.06
20900  45703  0.06
21000  45802.7  0.06
21100  46098.5  0.06
21200  64366.6  0.08
21300  43526.1  0.06
21400  43628.2  0.06
21500  50485.4  0.06
21600  50585  0.06
21700  50880.8  0.06
21800  50980.5  0.06
21900  51276.3  0.06
22000  45557.8  0.06
22100  45856.1  0.06
22200  45955.8  0.06
22300  46251.6  0.06
22400  55231.3  0.06
22500  45378.5  0.06
22600  45478.1  0.06
22700  45773.9  0.06
22800  45873.6  0.06
22900  46171.9  0.06
23000  46271.5  0.06
23100  46567.3  0.06
23200  46667  0.06
23300  46962.7  0.06
23400  47062.4  0.06
23500  47358.2  0.06
23600  47460.3  0.06
23700  47432.8  0.04
23800  47532.4  0.04
23900  47828.2  0.04
24000  47927.9  0.04
24100  48173.8  0.04
24200  48173.8  0.04
24300  48370  0.04
24400  48370  0.04
24500  48566.1  0.04
24600  48566.1  0.04
24700  48762.2  0.04
24800  48762.2  0.04
24900  48958.4  0.04
25000  48958.4  0.04
25100  49154.5  0.04
25200  49154.5  0.04
25300  49350.6  0.04
25400  49546.8  0.04
25500  49546.8  0.04
25600  49742.9  0.04
25700  49742.9  0.04
25800  49939  0.04
25900  49939  0.04
26000  50135.2  0.04
26100  50135.2  0.04
26200  50331.3  0.04
26300  50331.3  0.04
26400  50527.4  0.04
26500  50527.4  0.04
26600  50723.6  0.04
26700  50723.6  0.04
26800  50919.7  0.04
26900  50919.7  0.04
27000  51115.8  0.04
27100  51115.8  0.04
27200  51312  0.04
27300  51312  0.04
27400  51508.1  0.04
27500  51508.1  0.04
27600  51704.2  0.04
27700  51704.2  0.04
27800  51900.4  0.04
27900  51900.4  0.04
28000  52096.5  0.04
28100  52096.5  0.04
28200  52292.6  0.04
28300  52292.6  0.04
28400  52488.8  0.04
28500  52488.8  0.04
28600  52684.9  0.04
28700  52684.9  0.04
28800  52881  0.04
28900  52881  0.04
29000  53077.2  0.04
29100  53077.2  0.04
29200  53273.3  0.04
29300  53273.3  0.04
29400  53469.4  0.04
29500  53469.4  0.04
29600  53665.6  0.04
29700  53665.6  0.04
29800  53861.7  0.04
29900  53861.7  0.04
30000  54057.8  0.04
30100  54057.8  0.04
30200  54254  0.04
30300  54254  0.04
30400  54450.1  0.04
30500  54646.2  0.04
30600  54646.2  0.04
30700  54842.4  0.04
30800  54842.4  0.04
30900  55038.5  0.04
31000  55038.5  0.04
31100  55234.6  0.04
31200  55234.6  0.04
31300  55430.8  0.04
31400  55430.8  0.04
31500  55626.9  0.04
31600  55626.9  0.04
31700  55823  0.04
31800  55823  0.04
31900  56019.2  0.04
32000  56019.2  0.04
32100  56215.3  0.04
32200  56215.3  0.04
32300  56411.4  0.04
32400  56411.4  0.04
32500  56607.6  0.04
32600  56607.6  0.04
32700  56803.7  0.04
32800  56803.7  0.04
32900  56999.8  0.04
33000  56999.8  0.04
33100  57196  0.04
33200  57196  0.04
33300  57392.1  0.04
33400  57392.1  0.04
33500  57588.2  0.04
33600  57588.2  0.04
33700  57784.4  0.04
33800  57784.4  0.04
33900  57980.5  0.04
34000  57980.5  0.04
34100  58176.6  0.04
34200  58176.6  0.04
34300  58372.8  0.04
34400  58372.8  0.04
34500  58568.9  0.04
34600  58568.9  0.04
34700  58765  0.04
34800  58765  0.04
34900  58961.2  0.04
35000  58961.2  0.04
35100  59157.3  0.04
35200  59157.3  0.04
35300  59353.4  0.04
35400  59353.4  0.04
35500  59549.6  0.04
35600  59745.7  0.04
35700  59745.7  0.04
35800  59941.8  0.04
35900  59941.8  0.04
36000  60138  0.04
36100  60138  0.04
36200  60334.1  0.04
36300  60334.1  0.04
36400  60530.2  0.04
36500  60530.2  0.04
36600  60726.4  0.04
36700  60726.4  0.04
36800  60922.5  0.04
36900  60922.5  0.04
37000  61118.6  0.04
37100  61118.6  0.04
37200  61314.8  0.04
37300  61314.8  0.04
37400  61510.9  0.04
37500  61510.9  0.04
37600  61707  0.04
37700  61707  0.04
37800  61903.2  0.04
37900  61903.2  0.04
38000  62099.3  0.04
38100  62099.3  0.04
38200  62295.4  0.04
38300  62295.4  0.04
38400  62491.6  0.04
38500  62491.6  0.04
38600  62687.7  0.04
38700  62687.7  0.04
38800  62883.8  0.04
38900  62883.8  0.04
39000  63080  0.04
39100  63080  0.04
39200  63276.1  0.04
39300  63276.1  0.04
39400  63472.2  0.04
39500  63472.2  0.04
39600  63668.4  0.04
39700  63668.4  0.04
39800  63864.5  0.04
39900  63864.5  0.04
40000  64060.6  0.04
40100  64060.6  0.04
40200  64256.8  0.04
40300  64256.8  0.04
40400  64452.9  0.04
40500  64452.9  0.04
40600  64649  0.04
40700  64845.2  0.04
40800  64845.2  0.04
40900  65041.3  0.04
41000  65041.3  0.04
41100  65237.4  0.04
41200  65237.4  0.04
41300  65433.6  0.04
41400  65433.6  0.04
41500  65629.7  0.04
41600  65629.7  0.04
41700  65825.8  0.04
41800  65825.8  0.04
41900  66022  0.04
42000  66022  0.04
42100  66218.1  0.04
42200  66218.1  0.04
42300  66414.2  0.04
42400  66414.2  0.04
42500  66610.4  0.04
42600  66610.4  0.04
42700  66806.5  0.04
42800  66806.5  0.04
42900  67002.6  0.04
43000  67002.6  0.04
43100  67198.8  0.04
43200  67198.8  0.04
43300  67394.9  0.04
43400  67394.9  0.04
43500  67591  0.04
43600  67591  0.04
43700  67787.2  0.04
43800  67787.2  0.04
43900  67983.3  0.04
44000  67983.3  0.04
44100  68179.4  0.04
44200  68179.4  0.04
44300  68375.6  0.04
44400  68375.6  0.04
44500  68571.7  0.04
44600  68571.7  0.04
44700  68767.8  0.04
44800  68767.8  0.04
44900  68964  0.04
45000  68964  0.04
45100  69160.1  0.04
45200  69160.1  0.04
45300  69356.2  0.04
45400  69356.2  0.04
45500  69552.4  0.04
45600  69552.4  0.04
45700  69748.5  0.04
45800  69944.6  0.04
45900  69944.6  0.04
46000  70140.8  0.04
46100  70140.8  0.04
46200  70336.9  0.04
46300  70336.9  0.04
46400  70533  0.04
46500  70533  0.04
46600  70729.2  0.04
46700  70729.2  0.04
46800  70925.3  0.04
46900  70925.3  0.04
47000  71121.4  0.04
47100  71121.4  0.04
47200  71317.6  0.04
47300  71317.6  0.04
47400  71513.7  0.04
47500  71513.7  0.04
47600  71709.8  0.04
47700  71709.8  0.04
47800  71906  0.04
47900  71906  0.04
48000  72102.1  0.04
48100  72102.1  0.04
48200  72298.2  0.04
48300  72298.2  0.04
48400  72494.4  0.04
48500  72494.4  0.04
48600  72690.5  0.04
48700  72690.5  0.04
48800  72886.6  0.04
48900  72886.6  0.04
49000  73082.8  0.04
49100  73082.8  0.04
49200  73278.9  0.04
49300  73278.9  0.04
49400  73475  0.04
49500  73475  0.04
49600  73671.2  0.04
49700  73671.2  0.04
49800  73867.3  0.04
49900  73867.3  0.04
50000  74063.4  0.04
50100  74063.4  0.04
50200  74259.6  0.04
50300  74259.6  0.04
50400  74455.7  0.04
50500  74455.7  0.04
50600  74651.8  0.04
50700  74651.8  0.04
50800  74848  0.04
50900  75044.1  0.04
51000  75044.1  0.04
51100  75240.2  0.04
51200  75240.2  0.04
51300  75436.4  0.04
51400  75436.4  0.04
51500  75632.5  0.04
51600  75632.5  0.04
51700  75828.6  0.04
51800  75828.6  0.04
51900  76024.8  0.04
52000  76024.8  0.04
52100  76220.9  0.04
52200  76220.9  0.04
52300  76417  0.04
52400  76417  0.04
52500  76613.2  0.04
52600  76613.2  0.04
52700  76806.8  0.04
52800  76806.8  0.04
52900  77000.4  0.04
53000  77000.4  0.04
53100  77194.1  0.04
53200  77194.1  0.04
53300  77387.7  0.04
53400  77387.7  0.04
53500  77581.4  0.04
53600  77581.4  0.04
53700  77775  0.04
53800  77775  0.04
53900  77968.6  0.04
54000  77968.6  0.04
54100  78162.3  0.04
54200  78162.3  0.04
54300  78355.9  0.04
54400  78355.9  0.04
54500  78549.6  0.04
54600  78549.6  0.04
54700  78743.2  0.04
54800  78743.2  0.04
54900  78936.9  0.04
55000  78936.9  0.04
55100  79130.5  0.04
55200  79130.5  0.04
55300  79324.1  0.04
55400  79324.1  0.04
55500  79517.8  0.04
55600  79517.8  0.04
55700  79711.4  0.04
55800  79905.1  0.04
55900  79905.1  0.04
56000  80098.7  0.04
56100  80098.7  0.04
56200  80292.3  0.04
56300  80292.3  0.04
56400  80486  0.04
56500  80486  0.04
56600  80679.6  0.04
56700  80679.6  0.04
56800  80873.3  0.04
56900  80873.3  0.04
57000  81066.9  0.04
57100  81066.9  0.04
57200  81260.6  0.04
57300  81260.6  0.04
57400  81454.2  0.04
57500  81454.2  0.04
57600  81647.8  0.04
57700  81647.8  0.04
57800  81841.5  0.04
57900  81841.5  0.04
58000  82035.1  0.04
58100  82035.1  0.04
58200  82228.8  0.04
58300  82228.8  0.04
58400  82422.4  0.04
58500  82422.4  0.04
58600  82616  0.04
58700  82616  0.04
58800  82809.7  0.04
58900  82809.7  0.04
59000  83003.3  0.04
59100  83003.3  0.04
59200  83197  0.04
59300  83197  0.04
59400  83390.6  0.04
59500  83390.6  0.04
59600  83584.3  0.04
59700  83584.3  0.04
59800  83777.9  0.04
59900  83777.9  0.04
