100  4724.63  1
200  9309.36  0.94
300  12763.9  0.82
400  13292.5  0.68
500  13827.4  0.54
600  16013.6  0.54
700  15876.7  0.46
800  15875  0.4
900  15388.6  0.34
1000  19655  0.4
1100  17403.1  0.32
1200  18350.7  0.3
1300  16795.8  0.26
1400  13690.3  0.2
1500  19452.9  0.26
1600  19339.6  0.24
1700  16402.4  0.2
1800  14386.4  0.16
1900  13237  0.14
2000  11954.5  0.12
2100  10480  0.1
2200  10992.2  0.1
2300  9202.87  0.08
2400  7200.11  0.06
2500  9999.01  0.08
2600  10399.1  0.08
2700  15519  0.12
2800  16212.4  0.12
2900  11148  0.08
3000  11448.1  0.08
3100  31883.5  0.22
3200  26927.7  0.18
3300  18923  0.12
3400  16131.7  0.1
3500  12949.6  0.08
3600  13242.9  0.08
3700  13545.2  0.08
3800  13850.1  0.08
3900  10246.6  0.06
4000  10445.1  0.06
4100  13310.7  0.08
4200  13839.4  0.08
4300  21500.1  0.1
4400  20141.4  0.1
4500  20425.6  0.1
4600  20728.3  0.1
4700  16544.2  0.08
4800  16842.9  0.08
4900  21988.2  0.1
5000  17269.9  0.08
5100  12644.2  0.06
5200  12846.2  0.06
5300  13048  0.06
5400  27860.1  0.12
5500  23252.2  0.1
5600  16267.2  0.06
5700  8145.61  0.04
5800  8245.92  0.04
5900  8346.24  0.04
6000  8445.48  0.04
6100  8545.8  0.04
6200  8646.11  0.04
6300  8745.35  0.04
6400  8845.67  0.04
6500  8945.99  0.04
6600  9046.3  0.04
6700  9145.54  0.04
6800  21665.6  0.08
6900  21866.5  0.08
7000  12068  0.04
7100  12168.3  0.04
7200  12268.6  0.04
7300  24560.6  0.08
7400  30919.9  0.1
7500  10126.9  0.04
7600  10227.2  0.04
7700  10326.4  0.04
7800  32363  0.1
7900  32640.6  0.1
8000  33206.5  0.1
8100  24262.6  0.06
8200  25844.8  0.08
8300  17679.2  0.06
8400  18106.8  0.06
8500  18207.1  0.06
8600  18307.4  0.06
8700  18406.7  0.06
8800  18835.3  0.06
8900  18935.6  0.06
9000  10171  0.04
9100  15739.1  0.04
9200  15839.4  0.04
9300  15939.7  0.04
9400  16039  0.04
9500  37990.2  0.08
9600  29645.1  0.08
9700  30112  0.08
9800  20453.6  0.06
9900  20651.8  0.06
10000  20019.5  0.04
10100  20233.9  0.04
10200  20449.4  0.04
10300  20549.7  0.04
10400  20764.1  0.04
10500  20979.6  0.04
10600  10600.2  0.02
10700  10700.5  0.02
10800  10702.7  0.02
10900  10702.7  0.02
11000  10702.7  0.02
11100  10702.7  0.02
11200  10702.7  0.02
11300  10702.7  0.02
11400  10702.7  0.02
11500  10702.7  0.02
11600  10702.7  0.02
11700  10702.7  0.02
11800  10702.7  0.02
11900  10702.7  0.02
12000  10702.7  0.02
12100  10702.7  0.02
12200  10702.7  0.02
12300  10702.7  0.02
12400  10702.7  0.02
12500  10702.7  0.02
12600  10702.7  0.02
12700  10702.7  0.02
12800  10702.7  0.02
12900  10702.7  0.02
13000  10702.7  0.02
13100  10702.7  0.02
13200  10702.7  0.02
13300  10702.7  0.02
13400  10702.7  0.02
13500  10702.7  0.02
13600  10702.7  0.02
13700  10702.7  0.02
13800  10702.7  0.02
13900  10702.7  0.02
14000  10702.7  0.02
14100  10702.7  0.02
14200  10702.7  0.02
14300  10702.7  0.02
14400  10702.7  0.02
14500  10702.7  0.02
14600  10702.7  0.02
14700  10702.7  0.02
14800  10702.7  0.02
14900  10702.7  0.02
15000  10702.7  0.02
15100  10702.7  0.02
15200  10702.7  0.02
15300  10702.7  0.02
15400  10702.7  0.02
15500  10702.7  0.02
15600  10702.7  0.02
15700  10702.7  0.02
15800  10702.7  0.02
15900  10702.7  0.02
16000  10702.7  0.02
16100  10702.7  0.02
16200  10702.7  0.02
16300  10702.7  0.02
16400  10702.7  0.02
16500  10702.7  0.02
16600  10702.7  0.02
16700  10702.7  0.02
16800  10702.7  0.02
16900  10702.7  0.02
17000  10702.7  0.02
17100  10702.7  0.02
17200  10702.7  0.02
17300  10702.7  0.02
17400  10702.7  0.02
17500  10702.7  0.02
17600  10702.7  0.02
17700  10702.7  0.02
17800  10702.7  0.02
17900  10702.7  0.02
18000  10702.7  0.02
18100  10702.7  0.02
18200  10702.7  0.02
18300  10702.7  0.02
18400  10702.7  0.02
18500  10702.7  0.02
18600  10702.7  0.02
18700  10702.7  0.02
18800  10702.7  0.02
18900  10702.7  0.02
19000  10702.7  0.02
19100  10702.7  0.02
19200  10702.7  0.02
19300  10702.7  0.02
19400  10702.7  0.02
19500  10702.7  0.02
19600  10702.7  0.02
19700  10702.7  0.02
19800  10702.7  0.02
19900  10702.7  0.02
20000  10702.7  0.02
20100  10702.7  0.02
20200  10702.7  0.02
20300  10702.7  0.02
20400  10702.7  0.02
20500  10702.7  0.02
20600  10702.7  0.02
20700  10702.7  0.02
20800  10702.7  0.02
20900  10702.7  0.02
21000  10702.7  0.02
21100  10702.7  0.02
21200  10702.7  0.02
21300  10702.7  0.02
21400  10702.7  0.02
21500  10702.7  0.02
21600  10702.7  0.02
21700  10702.7  0.02
21800  10702.7  0.02
21900  10702.7  0.02
22000  10702.7  0.02
22100  10702.7  0.02
22200  10702.7  0.02
22300  10702.7  0.02
22400  10702.7  0.02
22500  10702.7  0.02
22600  10702.7  0.02
22700  10702.7  0.02
22800  10702.7  0.02
22900  10702.7  0.02
23000  10702.7  0.02
23100  10702.7  0.02
23200  10702.7  0.02
23300  10702.7  0.02
23400  10702.7  0.02
23500  10702.7  0.02
23600  10702.7  0.02
23700  10702.7  0.02
23800  10702.7  0.02
23900  10702.7  0.02
24000  10702.7  0.02
24100  10702.7  0.02
24200  10702.7  0.02
24300  10702.7  0.02
24400  10702.7  0.02
24500  10702.7  0.02
24600  10702.7  0.02
24700  10702.7  0.02
24800  10702.7  0.02
24900  10702.7  0.02
25000  10702.7  0.02
25100  10702.7  0.02
25200  10702.7  0.02
25300  10702.7  0.02
25400  10702.7  0.02
25500  10702.7  0.02
25600  10702.7  0.02
25700  10702.7  0.02
25800  10702.7  0.02
25900  10702.7  0.02
26000  10702.7  0.02
26100  10702.7  0.02
26200  10702.7  0.02
26300  10702.7  0.02
26400  10702.7  0.02
26500  10702.7  0.02
26600  10702.7  0.02
26700  10702.7  0.02
26800  10702.7  0.02
26900  10702.7  0.02
27000  10702.7  0.02
27100  10702.7  0.02
27200  10702.7  0.02
27300  10702.7  0.02
27400  10702.7  0.02
27500  10702.7  0.02
27600  10702.7  0.02
27700  10702.7  0.02
27800  10702.7  0.02
27900  10702.7  0.02
28000  10702.7  0.02
28100  10702.7  0.02
28200  10702.7  0.02
28300  10702.7  0.02
28400  10702.7  0.02
28500  10702.7  0.02
28600  10702.7  0.02
28700  10702.7  0.02
28800  10702.7  0.02
28900  10702.7  0.02
29000  10702.7  0.02
29100  10702.7  0.02
29200  10702.7  0.02
29300  10702.7  0.02
29400  10702.7  0.02
29500  10702.7  0.02
29600  10702.7  0.02
29700  10702.7  0.02
29800  10702.7  0.02
29900  10702.7  0.02
30000  10702.7  0.02
30100  10702.7  0.02
30200  10702.7  0.02
30300  10702.7  0.02
30400  10702.7  0.02
30500  10702.7  0.02
30600  10702.7  0.02
30700  10702.7  0.02
30800  10702.7  0.02
30900  10702.7  0.02
31000  10702.7  0.02
31100  10702.7  0.02
31200  10702.7  0.02
31300  10702.7  0.02
31400  10702.7  0.02
31500  10702.7  0.02
31600  10702.7  0.02
31700  10702.7  0.02
31800  10702.7  0.02
31900  10702.7  0.02
32000  10702.7  0.02
32100  10702.7  0.02
32200  10702.7  0.02
32300  10702.7  0.02
32400  10702.7  0.02
32500  10702.7  0.02
32600  10702.7  0.02
32700  10702.7  0.02
32800  10702.7  0.02
32900  10702.7  0.02
33000  10702.7  0.02
33100  10702.7  0.02
33200  10702.7  0.02
33300  10702.7  0.02
33400  10702.7  0.02
33500  10702.7  0.02
33600  10702.7  0.02
33700  10702.7  0.02
33800  10702.7  0.02
33900  10702.7  0.02
34000  10702.7  0.02
34100  10702.7  0.02
34200  10702.7  0.02
34300  10702.7  0.02
34400  10702.7  0.02
34500  10702.7  0.02
34600  10702.7  0.02
34700  10702.7  0.02
34800  10702.7  0.02
34900  10702.7  0.02
35000  10702.7  0.02
35100  10702.7  0.02
35200  10702.7  0.02
35300  10702.7  0.02
35400  10702.7  0.02
35500  10702.7  0.02
35600  10702.7  0.02
35700  10702.7  0.02
35800  10702.7  0.02
35900  10702.7  0.02
36000  10702.7  0.02
36100  10702.7  0.02
36200  10702.7  0.02
36300  10702.7  0.02
36400  10702.7  0.02
36500  10702.7  0.02
36600  10702.7  0.02
36700  10702.7  0.02
36800  10702.7  0.02
36900  10702.7  0.02
37000  10702.7  0.02
37100  10702.7  0.02
37200  10702.7  0.02
37300  10702.7  0.02
37400  10702.7  0.02
37500  10702.7  0.02
37600  10702.7  0.02
37700  10702.7  0.02
37800  10702.7  0.02
37900  10702.7  0.02
38000  10702.7  0.02
38100  10702.7  0.02
38200  10702.7  0.02
38300  10702.7  0.02
38400  10702.7  0.02
38500  10702.7  0.02
38600  10702.7  0.02
38700  10702.7  0.02
38800  10702.7  0.02
38900  10702.7  0.02
39000  10702.7  0.02
39100  10702.7  0.02
39200  10702.7  0.02
39300  10702.7  0.02
39400  10702.7  0.02
39500  10702.7  0.02
39600  10702.7  0.02
39700  10702.7  0.02
39800  10702.7  0.02
39900  10702.7  0.02
40000  10702.7  0.02
40100  10702.7  0.02
40200  10702.7  0.02
40300  10702.7  0.02
40400  10702.7  0.02
40500  10702.7  0.02
40600  10702.7  0.02
40700  10702.7  0.02
40800  10702.7  0.02
40900  10702.7  0.02
41000  10702.7  0.02
41100  10702.7  0.02
41200  10702.7  0.02
41300  10702.7  0.02
41400  10702.7  0.02
41500  10702.7  0.02
41600  10702.7  0.02
41700  10702.7  0.02
41800  10702.7  0.02
41900  10702.7  0.02
42000  10702.7  0.02
42100  10702.7  0.02
42200  10702.7  0.02
42300  10702.7  0.02
42400  10702.7  0.02
42500  10702.7  0.02
42600  10702.7  0.02
42700  10702.7  0.02
42800  10702.7  0.02
42900  10702.7  0.02
43000  10702.7  0.02
43100  10702.7  0.02
43200  10702.7  0.02
43300  10702.7  0.02
43400  10702.7  0.02
43500  10702.7  0.02
43600  10702.7  0.02
43700  10702.7  0.02
43800  10702.7  0.02
43900  10702.7  0.02
44000  10702.7  0.02
44100  10702.7  0.02
44200  10702.7  0.02
44300  10702.7  0.02
44400  10702.7  0.02
44500  10702.7  0.02
44600  10702.7  0.02
44700  10702.7  0.02
44800  10702.7  0.02
44900  10702.7  0.02
45000  10702.7  0.02
45100  10702.7  0.02
45200  10702.7  0.02
45300  10702.7  0.02
45400  10702.7  0.02
45500  10702.7  0.02
45600  10702.7  0.02
45700  10702.7  0.02
45800  10702.7  0.02
45900  10702.7  0.02
46000  10702.7  0.02
46100  10702.7  0.02
46200  10702.7  0.02
46300  10702.7  0.02
46400  10702.7  0.02
46500  10702.7  0.02
46600  10702.7  0.02
46700  10702.7  0.02
46800  10702.7  0.02
46900  10702.7  0.02
47000  10702.7  0.02
47100  10702.7  0.02
47200  10702.7  0.02
47300  10702.7  0.02
47400  10702.7  0.02
47500  10702.7  0.02
47600  10702.7  0.02
47700  10702.7  0.02
47800  10702.7  0.02
47900  10702.7  0.02
48000  10702.7  0.02
48100  10702.7  0.02
48200  10702.7  0.02
48300  10702.7  0.02
48400  10702.7  0.02
48500  10702.7  0.02
48600  10702.7  0.02
48700  10702.7  0.02
48800  10702.7  0.02
48900  10702.7  0.02
49000  10702.7  0.02
49100  10702.7  0.02
49200  10702.7  0.02
49300  10702.7  0.02
49400  10702.7  0.02
49500  10702.7  0.02
49600  10702.7  0.02
49700  10702.7  0.02
49800  10702.7  0.02
49900  10702.7  0.02
50000  10702.7  0.02
50100  10702.7  0.02
50200  10702.7  0.02
50300  10702.7  0.02
50400  10702.7  0.02
50500  10702.7  0.02
50600  10702.7  0.02
50700  10702.7  0.02
50800  10702.7  0.02
50900  10702.7  0.02
51000  10702.7  0.02
51100  10702.7  0.02
51200  10702.7  0.02
51300  10702.7  0.02
51400  10702.7  0.02
51500  10702.7  0.02
51600  10702.7  0.02
51700  10702.7  0.02
51800  10702.7  0.02
51900  10702.7  0.02
52000  10702.7  0.02
52100  10702.7  0.02
52200  10702.7  0.02
52300  10702.7  0.02
52400  10702.7  0.02
52500  10702.7  0.02
52600  10702.7  0.02
52700  10702.7  0.02
52800  10702.7  0.02
52900  10702.7  0.02
53000  10702.7  0.02
53100  10702.7  0.02
53200  10702.7  0.02
53300  10702.7  0.02
53400  10702.7  0.02
53500  10702.7  0.02
53600  10702.7  0.02
53700  10702.7  0.02
53800  10702.7  0.02
53900  10702.7  0.02
54000  10702.7  0.02
54100  10702.7  0.02
54200  10702.7  0.02
54300  10702.7  0.02
54400  10702.7  0.02
54500  10702.7  0.02
54600  10702.7  0.02
54700  10702.7  0.02
54800  10702.7  0.02
54900  10702.7  0.02
55000  10702.7  0.02
55100  10702.7  0.02
55200  10702.7  0.02
55300  10702.7  0.02
55400  10702.7  0.02
55500  10702.7  0.02
55600  10702.7  0.02
55700  10702.7  0.02
55800  10702.7  0.02
55900  10702.7  0.02
56000  10702.7  0.02
56100  10702.7  0.02
56200  10702.7  0.02
56300  10702.7  0.02
56400  10702.7  0.02
56500  10702.7  0.02
56600  10702.7  0.02
56700  10702.7  0.02
56800  10702.7  0.02
56900  10702.7  0.02
57000  10702.7  0.02
57100  10702.7  0.02
57200  10702.7  0.02
57300  10702.7  0.02
57400  10702.7  0.02
57500  10702.7  0.02
57600  10702.7  0.02
57700  10702.7  0.02
57800  10702.7  0.02
57900  10702.7  0.02
58000  10702.7  0.02
58100  10702.7  0.02
58200  10702.7  0.02
58300  10702.7  0.02
58400  10702.7  0.02
58500  10702.7  0.02
58600  10702.7  0.02
58700  10702.7  0.02
58800  10702.7  0.02
58900  10702.7  0.02
59000  10702.7  0.02
59100  10702.7  0.02
59200  10702.7  0.02
59300  10702.7  0.02
59400  10702.7  0.02
59500  10702.7  0.02
59600  10702.7  0.02
59700  10702.7  0.02
59800  10702.7  0.02
59900  10702.7  0.02
