100  3872.16  0.88
200  8638.65  0.84
300  10271.6  0.7
400  12883  0.64
500  12991.3  0.52
600  14220.6  0.48
700  14229.6  0.4
800  16852.7  0.42
900  15950.5  0.36
1000  20280.7  0.4
1100  23235.6  0.42
1200  21429.8  0.36
1300  20416.5  0.32
1400  25143.6  0.36
1500  14390.2  0.2
1600  25814  0.32
1700  22097.6  0.26
1800  25044.8  0.28
1900  26673.8  0.28
2000  28091.5  0.28
2100  27574.6  0.26
2200  28398.1  0.26
2300  29922.6  0.26
2400  18324.6  0.16
2500  18139.8  0.16
2600  23173.4  0.18
2700  24511.1  0.18
2800  22416.6  0.16
2900  34203  0.24
3000  35681.6  0.24
3100  33488.6  0.22
3200  24036.9  0.16
3300  29042.6  0.18
3400  24812.7  0.16
3500  22357.2  0.14
3600  22822.9  0.14
3700  25039.1  0.14
3800  36868.6  0.2
3900  37765.1  0.2
4000  38220  0.2
4100  39515.4  0.2
4200  31931.5  0.16
4300  28134.3  0.14
4400  24564.2  0.12
4500  23133.6  0.12
4600  53119.9  0.24
4700  54344.9  0.24
4800  55148.1  0.24
4900  42728.9  0.18
5000  38541.2  0.16
5100  39119.3  0.16
5200  39974.4  0.16
5300  35227.9  0.14
5400  35709.4  0.14
5500  36564.9  0.14
5600  36181.3  0.14
5700  36662.7  0.14
5800  37435.7  0.14
5900  50467.2  0.18
6000  38410  0.14
6100  39172.6  0.14
6200  52442.2  0.18
6300  47569  0.16
6400  41778.3  0.14
6500  42278.3  0.14
6600  36433.5  0.12
6700  50168  0.16
6800  50888.9  0.16
6900  51731.3  0.16
7000  52452.2  0.16
7100  52933  0.16
7200  53687  0.16
7300  54415.8  0.16
7400  55250.2  0.16
7500  55960.5  0.16
7600  56451.9  0.16
7700  57443.3  0.16
7800  57934.7  0.16
7900  58498  0.16
8000  51487.5  0.14
8100  51875.6  0.14
8200  52495.2  0.14
8300  53236.9  0.14
8400  73914.9  0.18
8500  74542.4  0.18
8600  75243.5  0.18
8700  76083.4  0.18
8800  77065.6  0.18
8900  71293.3  0.16
9000  71837.3  0.16
9100  72942.6  0.16
9200  73544.1  0.16
9300  74454.8  0.16
9400  67741.9  0.16
9500  68122.1  0.16
9600  64145.5  0.14
9700  64804.7  0.14
9800  61458.8  0.14
9900  61743.6  0.14
10000  62769.8  0.14
10100  63054.6  0.14
10200  53601.8  0.12
10300  52888  0.12
10400  52505.2  0.12
10500  53297.3  0.12
10600  56365.8  0.12
10700  56962.5  0.12
10800  80669.1  0.16
10900  81519.8  0.16
11000  81829.3  0.16
11100  82832.9  0.16
11200  83505.5  0.16
11300  83690.1  0.16
11400  85099.1  0.16
11500  85283.7  0.16
11600  86514.5  0.16
11700  87135.8  0.16
11800  87320.4  0.16
11900  88729.4  0.16
12000  88914  0.16
12100  89586.6  0.16
12200  90590.2  0.16
12300  66475.8  0.12
12400  66921.2  0.12
12500  67664  0.12
12600  67931.2  0.12
12700  92398.5  0.16
12800  93109.2  0.16
12900  93606.4  0.16
13000  94596.3  0.16
13100  95176.1  0.16
13200  95886.8  0.16
13300  96610  0.16
13400  97107.3  0.16
13500  97900.5  0.16
13600  98676.9  0.16
13700  85682.2  0.14
13800  86078.6  0.14
13900  86967.7  0.14
14000  87446.7  0.14
14100  88053.2  0.14
14200  88679.1  0.14
14300  89059.6  0.14
14400  89964.6  0.14
14500  90427.7  0.14
14600  91053.6  0.14
14700  91713.2  0.14
14800  92339.1  0.14
14900  92719.6  0.14
15000  92563.7  0.14
15100  93173.6  0.14
15200  93570.1  0.14
15300  94459.2  0.14
15400  94938.2  0.14
15500  95827.2  0.14
15600  96223.7  0.14
15700  96604.2  0.14
15800  97456.1  0.14
15900  149812  0.2
16000  150516  0.2
16100  151408  0.2
16200  115271  0.16
16300  120601  0.16
16400  121445  0.16
16500  122164  0.16
16600  85273.5  0.12
16700  86072.3  0.12
16800  86429.2  0.12
16900  87227.9  0.12
17000  87502.2  0.12
17100  98199.8  0.12
17200  98753.2  0.12
17300  99126  0.12
17400  99629.7  0.12
17500  100199  0.12
17600  100703  0.12
17700  109301  0.14
17800  110401  0.14
17900  92821.5  0.12
18000  93095.7  0.12
18100  93894.5  0.12
18200  94168.8  0.12
18300  95050.1  0.12
18400  95324.4  0.12
18500  95844.1  0.12
18600  96397.5  0.12
18700  96770.3  0.12
18800  97290  0.12
18900  97843.3  0.12
19000  101230  0.12
19100  101529  0.12
19200  102387  0.12
19300  102687  0.12
19400  103462  0.12
19500  103762  0.12
19600  104029  0.12
19700  104919  0.12
19800  105186  0.12
19900  105715  0.12
20000  85675.1  0.1
20100  86083  0.1
20200  86351.9  0.1
20300  86809.4  0.1
20400  87225.3  0.1
20500  87403.7  0.1
20600  88181.2  0.1
20700  87767.4  0.1
20800  88462.4  0.1
20900  88640.8  0.1
21000  89056.6  0.1
21100  89596.7  0.1
21200  89783.1  0.1
21300  90191  0.1
21400  69317.4  0.08
21500  69503.8  0.08
21600  69764.8  0.08
21700  70230.3  0.08
21800  70408.7  0.08
21900  70595.1  0.08
22000  71052.6  0.08
22100  71321.6  0.08
22200  71779.1  0.08
22300  71965.5  0.08
22400  72143.9  0.08
22500  72692  0.08
22600  72870.4  0.08
22700  73056.8  0.08
22800  73514.3  0.08
22900  73700.7  0.08
23000  73961.6  0.08
23100  74427.1  0.08
23200  74605.5  0.08
23300  74791.9  0.08
23400  75249.5  0.08
23500  75518.4  0.08
23600  75975.9  0.08
23700  76162.3  0.08
23800  76340.7  0.08
23900  78066.4  0.08
24000  78244.8  0.08
24100  78431.2  0.08
24200  78896.7  0.08
24300  79075.1  0.08
24400  79344.1  0.08
24500  79801.6  0.08
24600  79988  0.08
24700  80166.4  0.08
24800  80631.9  0.08
24900  80892.9  0.08
25000  81358.4  0.08
25100  81536.8  0.08
25200  81723.2  0.08
25300  82180.7  0.08
25400  104451  0.1
25500  104714  0.1
25600  105265  0.1
25700  105529  0.1
25800  105884  0.1
25900  106427  0.1
26000  106784  0.1
26100  107327  0.1
26200  107599  0.1
26300  107945  0.1
26400  108496  0.1
26500  64620.3  0.06
26600  64702.8  0.06
26700  65064.5  0.06
26800  65229.6  0.06
26900  65312.1  0.06
27000  65673.8  0.06
27100  65756.3  0.06
27200  65838.9  0.06
27300  66283.1  0.06
27400  66365.7  0.06
27500  66727.3  0.06
27600  66809.9  0.06
27700  66975  0.06
27800  67336.6  0.06
27900  67419.2  0.06
28000  67501.7  0.06
28100  67863.4  0.06
28200  68028.5  0.06
28300  68111.1  0.06
28400  68472.7  0.06
28500  68555.3  0.06
28600  68637.8  0.06
28700  69082  0.06
28800  69164.6  0.06
28900  69526.2  0.06
29000  69608.8  0.06
29100  69691.3  0.06
29200  70135.5  0.06
29300  70218.1  0.06
29400  70300.7  0.06
29500  70662.3  0.06
29600  70827.4  0.06
29700  70910  0.06
29800  71271.6  0.06
29900  71354.2  0.06
30000  71436.7  0.06
30100  71880.9  0.06
30200  71963.5  0.06
30300  72325.1  0.06
30400  72407.7  0.06
30500  72490.3  0.06
30600  72934.5  0.06
30700  73017  0.06
30800  73099.6  0.06
30900  73461.2  0.06
31000  73626.3  0.06
31100  73708.9  0.06
31200  74070.5  0.06
31300  74153.1  0.06
31400  162075  0.12
31500  162677  0.12
31600  162935  0.12
31700  163836  0.12
31800  164095  0.12
31900  164177  0.12
32000  165337  0.12
32100  165419  0.12
32200  133485  0.1
32300  134386  0.1
32400  134469  0.1
32500  134895  0.1
32600  135535  0.1
32700  135617  0.1
32800  136518  0.1
32900  136683  0.1
33000  137027  0.1
33100  137667  0.1
33200  137749  0.1
33300  138093  0.1
33400  138815  0.1
33500  138898  0.1
33600  139241  0.1
33700  139882  0.1
33800  140225  0.1
33900  140390  0.1
34000  141030  0.1
34100  141373  0.1
34200  142014  0.1
34300  142357  0.1
34400  142522  0.1
34500  143162  0.1
34600  143505  0.1
34700  143588  0.1
34800  144311  0.1
34900  144654  0.1
35000  144737  0.1
35100  145637  0.1
35200  145720  0.1
35300  145885  0.1
35400  146786  0.1
35500  146869  0.1
35600  147769  0.1
35700  147852  0.1
35800  148017  0.1
35900  148918  0.1
36000  149001  0.1
36100  149083  0.1
36200  150067  0.1
36300  150149  0.1
36400  150492  0.1
36500  151133  0.1
36600  151215  0.1
36700  151641  0.1
36800  152281  0.1
36900  152624  0.1
37000  153265  0.1
37100  153347  0.1
37200  153773  0.1
37300  154413  0.1
37400  154496  0.1
37500  154839  0.1
37600  155479  0.1
37700  155905  0.1
37800  155988  0.1
37900  156628  0.1
38000  156971  0.1
38100  157694  0.1
38200  158037  0.1
38300  158120  0.1
38400  158760  0.1
38500  159103  0.1
38600  159268  0.1
38700  159908  0.1
38800  160252  0.1
38900  160334  0.1
39000  161235  0.1
39100  161400  0.1
39200  161483  0.1
39300  162384  0.1
39400  162466  0.1
39500  163106  0.1
39600  163532  0.1
39700  163615  0.1
39800  164516  0.1
39900  164598  0.1
40000  164763  0.1
40100  165664  0.1
40200  165747  0.1
40300  166090  0.1
40400  166730  0.1
40500  166895  0.1
40600  167239  0.1
40700  167879  0.1
40800  167961  0.1
40900  168862  0.1
41000  169027  0.1
41100  169371  0.1
41200  170011  0.1
41300  170093  0.1
41400  170437  0.1
41500  171160  0.1
41600  171503  0.1
41700  171585  0.1
41800  172226  0.1
41900  172651  0.1
42000  172734  0.1
42100  173374  0.1
42200  173717  0.1
42300  174358  0.1
42400  174783  0.1
42500  174866  0.1
42600  175506  0.1
42700  175849  0.1
42800  175932  0.1
42900  176915  0.1
43000  176998  0.1
43100  177081  0.1
43200  177981  0.1
43300  178147  0.1
43400  178229  0.1
43500  179130  0.1
43600  179213  0.1
43700  180113  0.1
43800  180279  0.1
43900  180361  0.1
44000  181262  0.1
44100  181345  0.1
44200  181688  0.1
44300  182411  0.1
44400  182493  0.1
44500  182836  0.1
44600  183477  0.1
44700  183559  0.1
44800  184543  0.1
44900  184625  0.1
45000  184968  0.1
45100  185609  0.1
45200  185774  0.1
45300  186117  0.1
45400  186757  0.1
45500  187101  0.1
45600  187183  0.1
45700  187906  0.1
45800  188249  0.1
45900  188332  0.1
46000  188972  0.1
46100  189315  0.1
46200  143888  0.08
46300  143970  0.08
46400  144053  0.08
46500  144693  0.08
46600  144776  0.08
46700  144941  0.08
46800  145581  0.08
46900  145663  0.08
47000  145746  0.08
47100  146469  0.08
47200  146551  0.08
47300  146634  0.08
47400  147274  0.08
47500  147356  0.08
47600  148079  0.08
47700  148162  0.08
47800  148244  0.08
47900  148884  0.08
48000  148967  0.08
48100  149132  0.08
48200  149772  0.08
48300  149855  0.08
48400  149937  0.08
48500  150578  0.08
48600  150743  0.08
48700  150825  0.08
48800  151465  0.08
48900  151548  0.08
49000  152271  0.08
49100  152353  0.08
49200  152436  0.08
49300  153076  0.08
49400  153159  0.08
49500  153324  0.08
49600  153964  0.08
49700  154046  0.08
49800  154129  0.08
49900  154769  0.08
50000  154934  0.08
50100  155574  0.08
50200  155657  0.08
50300  155739  0.08
50400  156462  0.08
50500  156545  0.08
50600  156627  0.08
50700  157267  0.08
50800  157350  0.08
50900  157515  0.08
51000  158155  0.08
51100  158238  0.08
51200  158320  0.08
51300  158961  0.08
51400  159126  0.08
51500  159766  0.08
51600  159848  0.08
51700  159931  0.08
51800  160571  0.08
51900  160736  0.08
52000  160819  0.08
52100  161459  0.08
52200  161542  0.08
52300  161707  0.08
52400  162347  0.08
52500  162429  0.08
52600  162512  0.08
52700  163152  0.08
52800  163317  0.08
52900  163957  0.08
53000  164040  0.08
53100  164123  0.08
53200  164763  0.08
53300  164928  0.08
53400  165010  0.08
53500  165651  0.08
53600  165733  0.08
53700  165816  0.08
53800  166538  0.08
53900  166621  0.08
54000  166703  0.08
54100  167344  0.08
54200  167509  0.08
54300  168149  0.08
54400  168231  0.08
54500  168314  0.08
54600  168954  0.08
54700  169119  0.08
54800  169202  0.08
54900  169842  0.08
55000  169925  0.08
55100  170007  0.08
55200  170730  0.08
55300  170812  0.08
55400  170895  0.08
55500  171535  0.08
55600  171700  0.08
55700  172340  0.08
55800  172423  0.08
55900  172506  0.08
56000  173146  0.08
56100  173311  0.08
56200  173393  0.08
56300  174034  0.08
56400  174116  0.08
56500  174199  0.08
56600  174921  0.08
56700  175004  0.08
56800  175644  0.08
56900  175727  0.08
57000  175809  0.08
57100  176532  0.08
57200  176614  0.08
57300  176697  0.08
57400  177337  0.08
57500  177502  0.08
57600  177585  0.08
57700  178225  0.08
57800  178308  0.08
57900  178390  0.08
58000  179113  0.08
58100  179195  0.08
58200  179836  0.08
58300  179918  0.08
58400  180001  0.08
58500  180723  0.08
58600  180806  0.08
58700  180889  0.08
58800  181529  0.08
58900  181611  0.08
59000  181776  0.08
59100  182417  0.08
59200  182499  0.08
59300  182582  0.08
59400  183304  0.08
59500  183387  0.08
59600  184027  0.08
59700  184110  0.08
59800  184192  0.08
59900  184915  0.08
