100  4312.41  0.94
200  9143.55  0.88
300  10522.6  0.72
400  10647.8  0.54
500  11326.4  0.46
600  11359.7  0.38
700  12633  0.38
800  13478.8  0.34
900  14757.5  0.34
1000  14357.2  0.3
1100  23781.8  0.44
1200  21625.1  0.38
1300  18003.3  0.28
1400  18107.5  0.26
1500  19952.7  0.28
1600  17138.7  0.22
1700  20744.4  0.26
1800  18604.6  0.22
1900  19852.5  0.22
2000  20969.6  0.22
2100  21335.2  0.22
2200  22132.6  0.22
2300  31129.8  0.28
2400  30143.2  0.26
2500  28617.8  0.24
2600  36599  0.3
2700  32721.2  0.26
2800  31161.5  0.24
2900  32056  0.24
3000  25450.9  0.18
3100  23071.5  0.16
3200  23915  0.16
3300  24506.4  0.16
3400  33914.5  0.2
3500  31702.4  0.18
3600  28691  0.16
3700  30242  0.18
3800  27453.1  0.16
3900  27924.2  0.16
4000  28226.8  0.16
4100  29041.3  0.16
4200  29363.1  0.14
4300  30138  0.14
4400  26260.7  0.12
4500  26656.5  0.12
4600  18065.4  0.08
4700  18382.3  0.08
4800  18669.6  0.08
4900  18960.9  0.08
5000  19277.8  0.08
5100  19565.1  0.08
5200  19882  0.08
5300  20173.4  0.08
5400  20460.7  0.08
5500  20777.6  0.08
5600  21064.8  0.08
5700  21356.2  0.08
5800  21673.1  0.08
5900  21960.4  0.08
6000  22277.3  0.08
6100  22568.7  0.08
6200  22856  0.08
6300  23172.8  0.08
6400  23460.1  0.08
6500  23751.5  0.08
6600  26703.3  0.1
6700  26791.5  0.08
6800  27185  0.08
6900  27476.4  0.08
7000  27763.7  0.08
7100  28080.6  0.08
7200  28372  0.08
7300  28659.2  0.08
7400  28976.1  0.08
7500  29263.4  0.08
7600  29584.4  0.08
7700  41219  0.12
7800  41737.5  0.12
7900  42283.2  0.12
8000  42801.8  0.12
8100  35082.9  0.1
8200  35530.8  0.1
8300  35951.8  0.1
8400  36402.3  0.1
8500  36688.8  0.1
8600  37109.8  0.1
8700  37560.3  0.1
8800  37981.3  0.1
8900  100713  0.24
9000  101885  0.24
9100  102712  0.24
9200  85603.4  0.2
9300  68674.9  0.16
9400  50570.2  0.12
9500  51122.5  0.12
9600  51617.1  0.12
9700  52109.3  0.12
9800  52633.5  0.12
9900  53125.5  0.12
10000  43627.6  0.1
10100  44017.9  0.1
10200  26475.6  0.06
10300  85141.3  0.18
10400  85969.7  0.18
10500  89840.5  0.18
10600  90359.8  0.18
10700  91246.1  0.18
10800  92212.5  0.18
10900  92933.1  0.18
11000  82557.9  0.16
11100  83615  0.16
11200  84104.6  0.16
11300  84594.2  0.16
11400  85638.5  0.16
11500  86128.1  0.16
11600  86891.1  0.16
11700  86689.5  0.16
11800  87179.1  0.16
11900  87951.1  0.16
12000  88722.1  0.16
12100  89485  0.16
12200  89974.6  0.16
12300  90758.4  0.16
12400  91521.3  0.16
12500  91998.1  0.16
12600  91193.2  0.16
12700  91712.5  0.16
12800  92740  0.16
12900  93259.2  0.16
13000  80818.5  0.14
13100  81478.4  0.14
13200  55495.6  0.1
13300  42614.5  0.08
13400  42917.2  0.08
13500  43224.1  0.08
13600  43526.9  0.08
13700  43829.7  0.08
13800  44132.5  0.08
13900  44439.4  0.08
14000  44742.2  0.08
14100  30954.8  0.06
14200  31157.4  0.06
14300  31355.8  0.06
14400  31554.2  0.06
14500  31752.6  0.06
14600  31955.1  0.06
14700  71869.6  0.1
14800  72169.9  0.1
14900  72602  0.1
15000  73038.3  0.1
15100  73470.4  0.1
15200  73770.7  0.1
15300  74202.9  0.1
15400  74639.1  0.1
15500  59515.9  0.08
15600  59714.3  0.08
15700  60047.8  0.08
15800  60352.2  0.08
15900  60652.6  0.08
16000  60952.9  0.08
16100  61253.2  0.08
16200  61557.6  0.08
16300  61857.9  0.08
16400  62158.3  0.08
16500  46219.5  0.06
16600  46422  0.06
16700  55771.5  0.08
16800  56069.1  0.08
16900  56366.7  0.08
17000  56668.5  0.08
17100  56966  0.08
17200  40120.5  0.06
17300  40318.9  0.06
17400  40521.4  0.06
17500  135414  0.16
17600  136243  0.16
17700  136890  0.16
17800  137706  0.16
17900  138241  0.16
18000  138918  0.16
18100  139615  0.16
18200  140394  0.16
18300  122944  0.14
18400  123672  0.14
18500  124226  0.14
18600  135695  0.16
18700  136765  0.16
18800  137284  0.16
18900  137929  0.16
19000  138755  0.16
19100  139287  0.16
19200  140063  0.16
19300  140757  0.16
19400  122195  0.14
19500  122628  0.14
19600  40571.5  0.06
19700  40771.7  0.06
19800  40972  0.06
19900  63297.2  0.08
20000  43596.6  0.06
20100  43796.8  0.06
20200  43994.5  0.06
20300  44194.7  0.06
20400  44395  0.06
20500  44592.6  0.06
20600  44792.9  0.06
20700  44993.1  0.06
20800  45193.4  0.06
20900  45391  0.06
21000  42991.4  0.06
21100  64104.6  0.08
21200  64302.3  0.08
21300  64502.6  0.08
21400  43495.5  0.06
21500  43693.2  0.06
21600  27659.2  0.04
21700  27758.7  0.04
21800  27858.2  0.04
21900  132665  0.14
22000  133381  0.14
22100  135102  0.14
22200  138715  0.14
22300  139418  0.14
22400  159174  0.16
22500  159737  0.16
22600  160834  0.16
22700  161244  0.16
22800  162345  0.16
22900  162908  0.16
23000  163318  0.16
23100  164406  0.16
23200  164969  0.16
23300  165623  0.16
23400  166480  0.16
23500  166935  0.16
23600  167576  0.16
23700  168433  0.16
23800  145462  0.14
23900  145763  0.14
24000  177263  0.16
24100  178039  0.16
24200  178493  0.16
24300  179729  0.16
24400  180031  0.16
24500  180973  0.16
24600  181722  0.16
24700  182019  0.16
24800  182961  0.16
24900  158767  0.14
25000  159556  0.14
25100  159857  0.14
25200  160440  0.14
25300  161229  0.14
25400  161530  0.14
25500  162613  0.14
25600  162915  0.14
25700  163204  0.14
25800  164287  0.14
25900  164588  0.14
26000  165377  0.14
26100  165973  0.14
26200  140195  0.12
26300  140728  0.12
26400  141323  0.12
26500  141869  0.12
26600  142170  0.12
26700  143009  0.12
26800  143298  0.12
26900  143609  0.12
27000  144448  0.12
27100  144749  0.12
27200  145295  0.12
27300  145878  0.12
27400  146179  0.12
27500  119183  0.1
27600  119779  0.1
27700  120080  0.1
27800  120663  0.1
27900  120964  0.1
28000  121266  0.1
28100  121862  0.1
28200  122163  0.1
28300  122498  0.1
28400  121467  0.1
28500  121769  0.1
28600  122070  0.1
28700  122666  0.1
28800  122967  0.1
28900  123256  0.1
29000  123861  0.1
29100  146920  0.12
29200  147317  0.12
29300  182119  0.14
29400  182550  0.14
29500  236276  0.18
29600  237306  0.18
29700  237910  0.18
29800  238646  0.18
29900  239572  0.18
30000  279194  0.2
30100  279791  0.2
30200  281035  0.2
30300  281812  0.2
30400  282781  0.2
30500  216006  0.16
30600  216642  0.16
30700  217278  0.16
30800  218208  0.16
30900  218712  0.16
31000  219336  0.16
31100  220266  0.16
31200  220902  0.16
31300  221406  0.16
31400  222336  0.16
31500  222972  0.16
31600  223596  0.16
31700  224394  0.16
31800  98133.5  0.08
31900  98335.4  0.08
32000  98831.5  0.08
32100  99020.6  0.08
32200  99222.5  0.08
32300  99718.5  0.08
32400  99920.4  0.08
32500  100122  0.08
32600  100606  0.08
32700  100807  0.08
32800  101009  0.08
32900  101505  0.08
33000  101707  0.08
33100  102191  0.08
33200  102392  0.08
33300  102594  0.08
33400  103090  0.08
33500  103292  0.08
33600  103494  0.08
33700  103977  0.08
33800  104179  0.08
33900  104381  0.08
34000  104877  0.08
34100  105079  0.08
34200  105268  0.08
34300  105764  0.08
34400  105966  0.08
34500  106168  0.08
34600  106697  0.08
34700  106886  0.08
34800  107088  0.08
34900  107584  0.08
35000  107786  0.08
35100  107988  0.08
35200  108484  0.08
35300  108673  0.08
35400  108875  0.08
35500  109371  0.08
35600  216074  0.14
35700  216612  0.14
35800  217432  0.14
35900  217839  0.14
36000  218377  0.14
36100  219210  0.14
36200  219748  0.14
36300  220142  0.14
36400  220974  0.14
36500  221513  0.14
36600  222051  0.14
36700  222752  0.14
36800  223290  0.14
36900  223816  0.14
37000  224649  0.14
37100  224951  0.14
37200  225489  0.14
37300  226322  0.14
37400  226847  0.14
37500  227254  0.14
37600  228086  0.14
37700  228625  0.14
37800  229163  0.14
37900  229983  0.14
38000  230390  0.14
38100  231222  0.14
38200  193531  0.12
38300  193938  0.12
38400  194626  0.12
38500  195032  0.12
38600  195439  0.12
38700  196140  0.12
38800  196546  0.12
38900  196953  0.12
39000  197536  0.12
39100  158922  0.1
39200  159329  0.1
39300  159735  0.1
39400  160037  0.1
39500  160431  0.1
39600  160838  0.1
39700  161244  0.1
39800  161651  0.1
39900  162057  0.1
40000  162451  0.1
40100  162858  0.1
40200  163264  0.1
40300  163671  0.1
40400  164078  0.1
40500  164484  0.1
40600  164878  0.1
40700  165284  0.1
40800  165691  0.1
40900  166131  0.1
41000  84486.7  0.06
41100  84685.5  0.06
41200  84884.2  0.06
41300  85082.9  0.06
41400  85281.7  0.06
41500  85480.4  0.06
41600  85679.2  0.06
41700  85877.9  0.06
41800  86086.6  0.06
41900  86285.4  0.06
42000  86484.1  0.06
42100  86682.8  0.06
42200  86881.6  0.06
42300  87080.3  0.06
42400  87279.1  0.06
42500  87477.8  0.06
42600  87676.6  0.06
42700  87875.3  0.06
42800  88074.1  0.06
42900  88272.8  0.06
43000  88471.6  0.06
43100  88670.3  0.06
43200  88879  0.06
43300  89077.7  0.06
43400  89276.5  0.06
43500  89475.2  0.06
43600  89674  0.06
43700  89872.7  0.06
43800  90071.5  0.06
43900  90270.2  0.06
44000  90469  0.06
44100  90667.7  0.06
44200  90866.4  0.06
44300  91065.2  0.06
44400  91263.9  0.06
44500  91472.6  0.06
44600  91671.4  0.06
44700  91870.1  0.06
44800  92068.9  0.06
44900  92267.6  0.06
45000  92466.3  0.06
45100  92665.1  0.06
45200  92863.8  0.06
45300  93062.6  0.06
45400  93261.3  0.06
45500  93460.1  0.06
45600  93658.8  0.06
45700  93857.6  0.06
45800  94056.3  0.06
45900  94265  0.06
46000  147394  0.08
46100  147593  0.08
46200  148035  0.08
46300  148234  0.08
46400  148433  0.08
46500  148875  0.08
46600  149074  0.08
46700  149516  0.08
46800  149715  0.08
46900  149914  0.08
47000  150356  0.08
47100  150588  0.08
47200  151031  0.08
47300  151239  0.08
47400  151438  0.08
47500  151881  0.08
47600  152079  0.08
47700  152522  0.08
47800  152720  0.08
47900  153163  0.08
48000  153362  0.08
48100  153560  0.08
48200  154003  0.08
48300  154202  0.08
48400  106143  0.06
48500  106341  0.06
48600  106550  0.06
48700  106749  0.06
48800  106947  0.06
48900  107146  0.06
49000  107345  0.06
49100  107544  0.06
49200  107742  0.06
49300  107941  0.06
49400  108140  0.06
49500  108339  0.06
49600  108537  0.06
49700  108736  0.06
49800  108935  0.06
49900  109134  0.06
50000  109342  0.06
50100  109541  0.06
50200  109740  0.06
50300  109939  0.06
50400  110137  0.06
50500  110336  0.06
50600  110535  0.06
50700  110734  0.06
50800  110932  0.06
50900  109518  0.06
51000  109716  0.06
51100  109915  0.06
51200  110114  0.06
51300  110313  0.06
51400  110521  0.06
51500  110720  0.06
51600  110919  0.06
51700  155804  0.08
51800  156097  0.08
51900  260052  0.12
52000  260787  0.12
52100  235972  0.1
52200  236454  0.1
52300  236795  0.1
52400  237136  0.1
52500  237617  0.1
52600  237958  0.1
52700  56951.7  0.04
52800  57051.1  0.04
52900  57150.6  0.04
53000  57250.1  0.04
53100  57349.5  0.04
53200  57449  0.04
53300  57548.5  0.04
53400  57681.1  0.04
53500  57780.6  0.04
53600  57880.1  0.04
53700  57979.5  0.04
53800  58079  0.04
53900  58178.5  0.04
54000  58277.9  0.04
54100  58377.4  0.04
54200  58476.9  0.04
54300  58576.4  0.04
54400  58675.8  0.04
54500  58775.3  0.04
54600  58874.8  0.04
54700  58974.2  0.04
54800  59073.7  0.04
54900  59173.2  0.04
55000  59272.7  0.04
55100  59372.1  0.04
55200  59471.6  0.04
55300  59571.1  0.04
55400  59670.5  0.04
55500  59770  0.04
55600  59869.5  0.04
55700  59969  0.04
55800  60068.4  0.04
55900  60167.9  0.04
56000  60267.4  0.04
56100  60366.9  0.04
56200  60466.3  0.04
56300  60565.8  0.04
56400  60665.3  0.04
56500  60764.7  0.04
56600  60864.2  0.04
56700  60963.7  0.04
56800  61063.2  0.04
56900  61162.6  0.04
57000  61262.1  0.04
57100  61361.6  0.04
57200  61461  0.04
57300  61560.5  0.04
57400  61660  0.04
57500  61759.5  0.04
57600  61858.9  0.04
57700  61958.4  0.04
57800  62057.9  0.04
57900  62157.3  0.04
58000  62256.8  0.04
58100  62356.3  0.04
58200  62455.8  0.04
58300  62555.2  0.04
58400  62654.7  0.04
58500  62754.2  0.04
58600  62853.7  0.04
58700  62953.1  0.04
58800  63052.6  0.04
58900  63152.1  0.04
59000  63251.5  0.04
59100  63351  0.04
59200  63450.5  0.04
59300  63550  0.04
59400  63649.4  0.04
59500  63748.9  0.04
59600  63848.4  0.04
59700  63981  0.04
59800  64080.5  0.04
59900  64179.9  0.04
