100  4114  0.88
200  8801.1  0.84
300  11263.5  0.76
400  13870  0.72
500  16560.6  0.68
600  18828.3  0.64
700  16780.9  0.48
800  14934.6  0.38
900  16486.7  0.38
1000  16134.2  0.34
1100  16524.5  0.32
1200  20497.4  0.36
1300  22210.6  0.36
1400  22537.6  0.34
1500  25395  0.36
1600  22655.7  0.3
1700  24175.3  0.3
1800  20099.8  0.24
1900  28431.9  0.3
2000  27976.3  0.28
2100  40231.5  0.4
2200  8412.21  0.08
2300  27966.9  0.26
2400  24488.8  0.22
2500  25351.3  0.22
2600  26516  0.22
2700  27382.1  0.22
2800  25472.3  0.2
2900  20699.5  0.16
3000  18315.5  0.14
3100  15726.3  0.12
3200  12929.7  0.1
3300  10816.6  0.08
3400  10592.3  0.08
3500  42028.3  0.26
3600  39821.8  0.24
3700  36986.2  0.22
3800  38129.3  0.22
3900  39100  0.22
4000  27982.2  0.14
4100  28505.1  0.14
4200  24784.6  0.12
4300  25543.4  0.12
4400  25924.6  0.12
4500  26346.4  0.12
4600  27057.8  0.12
4700  27479.7  0.12
4800  27860.8  0.12
4900  23694.8  0.1
5000  24018  0.1
5100  24300.5  0.1
5200  24617  0.1
5300  25236.4  0.1
5400  20168.5  0.08
5500  20451  0.08
5600  15158.9  0.06
5700  15360  0.06
5800  15554.4  0.06
5900  15755.5  0.06
6000  15956.7  0.06
6100  16157.8  0.06
6200  16358.9  0.06
6300  16560  0.06
6400  16754.4  0.06
6500  16955.5  0.06
6600  52197.8  0.16
6700  46304  0.14
6800  46927.7  0.14
6900  47310.1  0.14
7000  48223.9  0.14
7100  31214.6  0.1
7200  31505.2  0.1
7300  32058.2  0.1
7400  32363.9  0.1
7500  29850.8  0.08
7600  30293.3  0.08
7700  30494.5  0.08
7800  30940.4  0.08
7900  31141.6  0.08
8000  23469.9  0.06
8100  18979.1  0.06
8200  17313.6  0.06
8300  17514.9  0.06
8400  17193.3  0.06
8500  17394.5  0.06
8600  17553  0.06
8700  17528.8  0.06
8800  17725.4  0.06
8900  17926.6  0.06
9000  41974.8  0.1
9100  42370.1  0.1
9200  42860.2  0.1
9300  43255.5  0.1
9400  43456.1  0.1
9500  44141.3  0.1
9600  44341.5  0.1
9700  44736.8  0.1
9800  45226.9  0.1
9900  45622.2  0.1
10000  45819  0.1
10100  36357  0.08
10200  36557.2  0.08
10300  36952.5  0.08
10400  37152.7  0.08
10500  27018.6  0.06
10600  27215.5  0.06
10700  27415.7  0.06
10800  36343.9  0.08
10900  36665.1  0.08
11000  36945.8  0.08
11100  37267.1  0.08
11200  37542.3  0.08
11300  37860.2  0.08
11400  38138.1  0.08
11500  38456  0.08
11600  38733.9  0.08
11700  39051.8  0.08
11800  39326.3  0.08
11900  39604.2  0.08
12000  27960.3  0.06
12100  28142.2  0.06
12200  28364.9  0.06
12300  28546.8  0.06
12400  28766.1  0.06
12500  28948  0.06
12600  29170.6  0.06
12700  16657.2  0.04
12800  16757.7  0.04
12900  16858.3  0.04
13000  16955.5  0.04
13100  17056.1  0.04
13200  17156.6  0.04
13300  17257.2  0.04
13400  17357.7  0.04
13500  17458.3  0.04
13600  17555.5  0.04
13700  101910  0.16
13800  131404  0.2
13900  107771  0.16
14000  108272  0.16
14100  127058  0.2
14200  127779  0.2
14300  88915.1  0.14
14400  75182.7  0.12
14500  75585.5  0.12
14600  76198.6  0.12
14700  76635.1  0.12
14800  77082.5  0.12
14900  77647.7  0.12
15000  78098.4  0.12
15100  78535  0.12
15200  51558.6  0.08
15300  52046.1  0.08
15400  36812.2  0.06
15500  37015.8  0.06
15600  37219.3  0.06
15700  37410  0.06
15800  69214.1  0.1
15900  69702.7  0.1
16000  70059.4  0.1
16100  70385.7  0.1
16200  70874.3  0.1
16300  70864.5  0.1
16400  71340.6  0.1
16500  71700.2  0.1
16600  72010.7  0.1
16700  60499.1  0.08
16800  60823.6  0.08
16900  61028.2  0.08
17000  44379.7  0.06
17100  44584.3  0.06
17200  51239.6  0.06
17300  51436.2  0.06
17400  71404.1  0.1
17500  23515.7  0.04
17600  23616.3  0.04
17700  23716.9  0.04
17800  23814.1  0.04
17900  23914.6  0.04
18000  24015.2  0.04
18100  24115.7  0.04
18200  24216.3  0.04
18300  24316.8  0.04
18400  24417.4  0.04
18500  24514.6  0.04
18600  24615.2  0.04
18700  24715.7  0.04
18800  24816.3  0.04
18900  24916.8  0.04
19000  25017.4  0.04
19100  25114.6  0.04
19200  25215.1  0.04
19300  25315.7  0.04
19400  25416.2  0.04
19500  25516.8  0.04
19600  25617.4  0.04
19700  25714.6  0.04
19800  25815.1  0.04
19900  25915.7  0.04
20000  26016.2  0.04
20100  26116.8  0.04
20200  26217.3  0.04
20300  26314.5  0.04
20400  26415.1  0.04
20500  26515.7  0.04
20600  26616.2  0.04
20700  26716.8  0.04
20800  26817.3  0.04
20900  37735.1  0.04
21000  37835.6  0.04
21100  37936.2  0.04
21200  38036.8  0.04
21300  38137.3  0.04
21400  38237.9  0.04
21500  38335.1  0.04
21600  38435.6  0.04
21700  130148  0.12
21800  130792  0.12
21900  131373  0.12
22000  116996  0.12
22100  117612  0.12
22200  118006  0.12
22300  118662  0.12
22400  119153  0.12
22500  55428.5  0.06
22600  55626.3  0.06
22700  55820.6  0.06
22800  45996.7  0.06
22900  26018.6  0.04
23000  26119.1  0.04
23100  26219.7  0.04
23200  26320.3  0.04
23300  33681.8  0.04
23400  33782.4  0.04
23500  33882.9  0.04
23600  33983.5  0.04
23700  34084  0.04
23800  34184.6  0.04
23900  34281.8  0.04
24000  34382.4  0.04
24100  25913.3  0.04
24200  26013.9  0.04
24300  26114.4  0.04
24400  26215  0.04
24500  26312.2  0.04
24600  26412.7  0.04
24700  26513.3  0.04
24800  26613.8  0.04
24900  26714.4  0.04
25000  73885.7  0.06
25100  100796  0.1
25200  101096  0.1
25300  82894.6  0.08
25400  83055.8  0.08
25500  83471.6  0.08
25600  49543.9  0.04
25700  49641.1  0.04
25800  49741.6  0.04
25900  49842.2  0.04
26000  49942.8  0.04
26100  50043.3  0.04
26200  50143.9  0.04
26300  50241.1  0.04
26400  50341.6  0.04
26500  50442.2  0.04
26600  50542.7  0.04
26700  50643.3  0.04
26800  50743.9  0.04
26900  50841.1  0.04
27000  50941.6  0.04
27100  51042.2  0.04
27200  51142.7  0.04
27300  51243.3  0.04
27400  51343.8  0.04
27500  51441  0.04
27600  51541.6  0.04
27700  51642.1  0.04
27800  51742.7  0.04
27900  51843.3  0.04
28000  55445.9  0.04
28100  63100.8  0.06
28200  63440.6  0.06
28300  63541.2  0.06
28400  63641.7  0.06
28500  63981.6  0.06
28600  64082.1  0.06
28700  64418.6  0.06
28800  64519.2  0.06
28900  64619.7  0.06
29000  64959.6  0.06
29100  65060.1  0.06
29200  65399.9  0.06
29300  65497.1  0.06
29400  36868.7  0.04
29500  36969.3  0.04
29600  32377.8  0.04
29700  32478.3  0.04
29800  32578.9  0.04
29900  30814.1  0.04
30000  30914.6  0.04
30100  31015.2  0.04
30200  31115.7  0.04
30300  31216.3  0.04
30400  30795.3  0.04
30500  30892.5  0.04
30600  30993.1  0.04
30700  31093.7  0.04
30800  31194.2  0.04
30900  31294.8  0.04
31000  31353.9  0.04
31100  31225.8  0.04
31200  31326.3  0.04
31300  31426.9  0.04
31400  31527.4  0.04
31500  31628  0.04
31600  31728.5  0.04
31700  31825.7  0.04
31800  31926.3  0.04
31900  32026.8  0.04
32000  32127.4  0.04
32100  32228  0.04
32200  32328.5  0.04
32300  32425.7  0.04
32400  32526.3  0.04
32500  32626.8  0.04
32600  32727.4  0.04
32700  32700.7  0.02
32800  32801.2  0.02
32900  32898.4  0.02
33000  32999  0.02
33100  33099.5  0.02
33200  33200.1  0.02
33300  33257.1  0.02
33400  33257.1  0.02
33500  33257.1  0.02
33600  33257.1  0.02
33700  33257.1  0.02
33800  33257.1  0.02
33900  33257.1  0.02
34000  33257.1  0.02
34100  33257.1  0.02
34200  33257.1  0.02
34300  33257.1  0.02
34400  33257.1  0.02
34500  33257.1  0.02
34600  33257.1  0.02
34700  33257.1  0.02
34800  33257.1  0.02
34900  33257.1  0.02
35000  33257.1  0.02
35100  33257.1  0.02
35200  33257.1  0.02
35300  33257.1  0.02
35400  33257.1  0.02
35500  33257.1  0.02
35600  33257.1  0.02
35700  33257.1  0.02
35800  33257.1  0.02
35900  33257.1  0.02
36000  33257.1  0.02
36100  33257.1  0.02
36200  33257.1  0.02
36300  33257.1  0.02
36400  33257.1  0.02
36500  33257.1  0.02
36600  33257.1  0.02
36700  33257.1  0.02
36800  33257.1  0.02
36900  33257.1  0.02
37000  33257.1  0.02
37100  33257.1  0.02
37200  33257.1  0.02
37300  33257.1  0.02
37400  33257.1  0.02
37500  33257.1  0.02
37600  33257.1  0.02
37700  33257.1  0.02
37800  33257.1  0.02
37900  33257.1  0.02
38000  33257.1  0.02
38100  33257.1  0.02
38200  33257.1  0.02
38300  33257.1  0.02
38400  33257.1  0.02
38500  33257.1  0.02
38600  33257.1  0.02
38700  33257.1  0.02
38800  33257.1  0.02
38900  33257.1  0.02
39000  33257.1  0.02
39100  33257.1  0.02
39200  33257.1  0.02
39300  33257.1  0.02
39400  33257.1  0.02
39500  33257.1  0.02
39600  33257.1  0.02
39700  33257.1  0.02
39800  33257.1  0.02
39900  33257.1  0.02
40000  33257.1  0.02
40100  33257.1  0.02
40200  33257.1  0.02
40300  33257.1  0.02
40400  33257.1  0.02
40500  33257.1  0.02
40600  33257.1  0.02
40700  33257.1  0.02
40800  33257.1  0.02
40900  33257.1  0.02
41000  33257.1  0.02
41100  33257.1  0.02
41200  33257.1  0.02
41300  33257.1  0.02
41400  33257.1  0.02
41500  33257.1  0.02
41600  33257.1  0.02
41700  33257.1  0.02
41800  33257.1  0.02
41900  33257.1  0.02
42000  33257.1  0.02
42100  33257.1  0.02
42200  33257.1  0.02
42300  33257.1  0.02
42400  33257.1  0.02
42500  33257.1  0.02
42600  33257.1  0.02
42700  33257.1  0.02
42800  33257.1  0.02
42900  33257.1  0.02
43000  33257.1  0.02
43100  33257.1  0.02
43200  33257.1  0.02
43300  33257.1  0.02
43400  33257.1  0.02
43500  33257.1  0.02
43600  33257.1  0.02
43700  33257.1  0.02
43800  33257.1  0.02
43900  33257.1  0.02
44000  33257.1  0.02
44100  33257.1  0.02
44200  33257.1  0.02
44300  33257.1  0.02
44400  33257.1  0.02
44500  33257.1  0.02
44600  33257.1  0.02
44700  33257.1  0.02
44800  33257.1  0.02
44900  33257.1  0.02
45000  33257.1  0.02
45100  33257.1  0.02
45200  33257.1  0.02
45300  33257.1  0.02
45400  33257.1  0.02
45500  33257.1  0.02
45600  33257.1  0.02
45700  33257.1  0.02
45800  33257.1  0.02
45900  33257.1  0.02
46000  33257.1  0.02
46100  33257.1  0.02
46200  33257.1  0.02
46300  33257.1  0.02
46400  33257.1  0.02
46500  33257.1  0.02
46600  33257.1  0.02
46700  33257.1  0.02
46800  33257.1  0.02
46900  33257.1  0.02
47000  33257.1  0.02
47100  33257.1  0.02
47200  33257.1  0.02
47300  33257.1  0.02
47400  33257.1  0.02
47500  33257.1  0.02
47600  33257.1  0.02
47700  33257.1  0.02
47800  33257.1  0.02
47900  33257.1  0.02
48000  33257.1  0.02
48100  33257.1  0.02
48200  33257.1  0.02
48300  33257.1  0.02
48400  33257.1  0.02
48500  33257.1  0.02
48600  33257.1  0.02
48700  33257.1  0.02
48800  33257.1  0.02
48900  33257.1  0.02
49000  33257.1  0.02
49100  33257.1  0.02
49200  33257.1  0.02
49300  33257.1  0.02
49400  33257.1  0.02
49500  33257.1  0.02
49600  33257.1  0.02
49700  33257.1  0.02
49800  33257.1  0.02
49900  33257.1  0.02
50000  33257.1  0.02
50100  33257.1  0.02
50200  33257.1  0.02
50300  33257.1  0.02
50400  33257.1  0.02
50500  33257.1  0.02
50600  33257.1  0.02
50700  33257.1  0.02
50800  33257.1  0.02
50900  33257.1  0.02
51000  33257.1  0.02
51100  33257.1  0.02
51200  33257.1  0.02
51300  33257.1  0.02
51400  33257.1  0.02
51500  33257.1  0.02
51600  33257.1  0.02
51700  33257.1  0.02
51800  33257.1  0.02
51900  33257.1  0.02
52000  33257.1  0.02
52100  33257.1  0.02
52200  33257.1  0.02
52300  33257.1  0.02
52400  33257.1  0.02
52500  33257.1  0.02
52600  33257.1  0.02
52700  33257.1  0.02
52800  33257.1  0.02
52900  33257.1  0.02
53000  33257.1  0.02
53100  33257.1  0.02
53200  33257.1  0.02
53300  33257.1  0.02
53400  33257.1  0.02
53500  33257.1  0.02
53600  33257.1  0.02
53700  33257.1  0.02
53800  33257.1  0.02
53900  33257.1  0.02
54000  33257.1  0.02
54100  33257.1  0.02
54200  33257.1  0.02
54300  33257.1  0.02
54400  33257.1  0.02
54500  33257.1  0.02
54600  33257.1  0.02
54700  33257.1  0.02
54800  33257.1  0.02
54900  33257.1  0.02
55000  33257.1  0.02
55100  33257.1  0.02
55200  33257.1  0.02
55300  33257.1  0.02
55400  33257.1  0.02
55500  33257.1  0.02
55600  33257.1  0.02
55700  33257.1  0.02
55800  33257.1  0.02
55900  33257.1  0.02
56000  33257.1  0.02
56100  33257.1  0.02
56200  33257.1  0.02
56300  33257.1  0.02
56400  33257.1  0.02
56500  33257.1  0.02
56600  33257.1  0.02
56700  33257.1  0.02
56800  33257.1  0.02
56900  33257.1  0.02
57000  33257.1  0.02
57100  33257.1  0.02
57200  33257.1  0.02
57300  33257.1  0.02
57400  33257.1  0.02
57500  33257.1  0.02
57600  33257.1  0.02
57700  33257.1  0.02
57800  33257.1  0.02
57900  33257.1  0.02
58000  33257.1  0.02
58100  33257.1  0.02
58200  33257.1  0.02
58300  33257.1  0.02
58400  33257.1  0.02
58500  33257.1  0.02
58600  33257.1  0.02
58700  33257.1  0.02
58800  33257.1  0.02
58900  33257.1  0.02
59000  33257.1  0.02
59100  33257.1  0.02
59200  33257.1  0.02
59300  33257.1  0.02
59400  33257.1  0.02
59500  33257.1  0.02
59600  33257.1  0.02
59700  33257.1  0.02
59800  33257.1  0.02
59900  33257.1  0.02
