100  3714.08  0.88
200  7664.74  0.72
300  8723.16  0.6
400  10959.5  0.54
500  10986.7  0.44
600  10114.1  0.34
700  13427.8  0.38
800  10998  0.28
900  11795.4  0.26
1000  8837.79  0.18
1100  13438.9  0.24
1200  14247.1  0.24
1300  15367.5  0.24
1400  18190  0.26
1500  14605.4  0.2
1600  19137.5  0.24
1700  14427.9  0.18
1800  13628.4  0.16
1900  19071.3  0.2
2000  19601.6  0.2
2100  18944.3  0.18
2200  17226.2  0.16
2300  15872.7  0.14
2400  21196.7  0.18
2500  14994  0.12
2600  18245.9  0.14
2700  16104.1  0.12
2800  14032.5  0.1
2900  14469.1  0.1
3000  17658.5  0.12
3100  17957.3  0.12
3200  18507.8  0.12
3300  15755.7  0.1
3400  16100.2  0.1
3500  13124.2  0.08
3600  13315.1  0.08
3700  21397  0.12
3800  17983.5  0.1
3900  18320.9  0.1
4000  18851.2  0.1
4100  36243.6  0.18
4200  14900.4  0.08
4300  15662.1  0.08
4400  16090.6  0.08
4500  16328  0.08
4600  16518.8  0.08
4700  16948.2  0.08
4800  17139.1  0.08
4900  17567.6  0.08
5000  17805  0.08
5100  17995.9  0.08
5200  60677.8  0.24
5300  61608.1  0.24
5400  19050.9  0.08
5500  19288.3  0.08
5600  19716.8  0.08
5700  34301.5  0.12
5800  28893.2  0.1
5900  62453.7  0.22
6000  63612.4  0.22
6100  58515.8  0.2
6200  59218.8  0.2
6300  19996  0.08
6400  31923.4  0.1
6500  58342.9  0.18
6600  59540.4  0.18
6700  60072  0.18
6800  61548.9  0.18
6900  62081.3  0.18
7000  48909.8  0.14
7100  45505.5  0.14
7200  45910.9  0.14
7300  46738.9  0.14
7400  42278.3  0.12
7500  42800.1  0.12
7600  43322.1  0.12
7700  43715.9  0.12
7800  44154.3  0.12
7900  44823.7  0.12
8000  45262.2  0.12
8100  45701.6  0.12
8200  46415.6  0.12
8300  46809.4  0.12
8400  47203.2  0.12
8500  47917.2  0.12
8600  48247.1  0.12
8700  48961  0.12
8800  49354.9  0.12
8900  49555.7  0.12
9000  50462.7  0.12
9100  50709.1  0.12
9200  51340.6  0.12
9300  51816.9  0.12
9400  52448.4  0.12
9500  52649.2  0.12
9600  53318.6  0.12
9700  53802.6  0.12
9800  54362.4  0.12
9900  54800.8  0.12
10000  55194.7  0.12
10100  55908.6  0.12
10200  56348.1  0.12
10300  56548.9  0.12
10400  57455.9  0.12
10500  57656.7  0.12
10600  58288.2  0.12
10700  58810.1  0.12
10800  59204  0.12
10900  59808.3  0.12
11000  60202.2  0.12
11100  60833.6  0.12
11200  61355.6  0.12
11300  61987  0.12
11400  62187.9  0.12
11500  62857.2  0.12
11600  63295.7  0.12
11700  63735.1  0.12
11800  64449.1  0.12
11900  64842.9  0.12
12000  65447.3  0.12
12100  65841.1  0.12
12200  66087.6  0.12
12300  66994.6  0.12
12400  67195.4  0.12
12500  67826.8  0.12
12600  68303.2  0.12
12700  68697  0.12
12800  69181.1  0.12
12900  69850.4  0.12
13000  70288.9  0.12
13100  70958.2  0.12
13200  71287.1  0.12
13300  71726.5  0.12
13400  72202.9  0.12
13500  72834.3  0.12
13600  73035.1  0.12
13700  73942.1  0.12
13800  74188.6  0.12
13900  74582.4  0.12
14000  75488.2  0.12
14100  75687.3  0.12
14200  76591.4  0.12
14300  76726.5  0.12
14400  48680.1  0.08
14500  48771.3  0.08
14600  49055.5  0.08
14700  47612.8  0.08
14800  73898.4  0.1
14900  59802.8  0.08
15000  59994  0.08
15100  60422.8  0.08
15200  60877.5  0.08
15300  61068.7  0.08
15400  61543.1  0.08
15500  61997.8  0.08
15600  62426.6  0.08
15700  47071.9  0.06
15800  47263.1  0.06
15900  47737.5  0.06
16000  47909.7  0.06
16100  48238.5  0.06
16200  48329.8  0.06
16300  48658.6  0.06
16400  48795.4  0.06
16500  48886.6  0.06
16600  49215.5  0.06
16700  49306.7  0.06
16800  49635.5  0.06
16900  49772.3  0.06
17000  50101.2  0.06
17100  50192.4  0.06
17200  50283.6  0.06
17300  50612.4  0.06
17400  57424.3  0.08
17500  58028.7  0.08
17600  58119.9  0.08
17700  58211.1  0.08
17800  40904.8  0.06
17900  40996  0.06
18000  41370.4  0.06
18100  41461.6  0.06
18200  41790.5  0.06
18300  41881.7  0.06
18400  41972.9  0.06
18500  42347.3  0.06
18600  42438.6  0.06
18700  42767.4  0.06
18800  42858.6  0.06
18900  43187.4  0.06
19000  43324.3  0.06
19100  43415.5  0.06
19200  43744.3  0.06
19300  43835.5  0.06
19400  44164.4  0.06
19500  44301.2  0.06
19600  44392.4  0.06
19700  44721.2  0.06
19800  44812.4  0.06
19900  45141.3  0.06
20000  45278.1  0.06
20100  45606.9  0.06
20200  45698.1  0.06
20300  45789.4  0.06
20400  46118.2  0.06
20500  46209.4  0.06
20600  46583.9  0.06
20700  46675.1  0.06
20800  47003.9  0.06
20900  47095.1  0.06
21000  47186.3  0.06
21100  47560.8  0.06
21200  47652  0.06
21300  47980.8  0.06
21400  48072  0.06
21500  48163.2  0.06
21600  48537.7  0.06
21700  48628.9  0.06
21800  48957.7  0.06
21900  49049  0.06
22000  49377.8  0.06
22100  49514.6  0.06
22200  49605.8  0.06
22300  49934.7  0.06
22400  50025.9  0.06
22500  50354.7  0.06
22600  50491.5  0.06
22700  50820.4  0.06
22800  50911.6  0.06
22900  51002.8  0.06
23000  51331.6  0.06
23100  51468.4  0.06
23200  51797.3  0.06
23300  51888.5  0.06
23400  51979.7  0.06
23500  52308.5  0.06
23600  52399.8  0.06
23700  52774.2  0.06
23800  52865.4  0.06
23900  53194.3  0.06
24000  53285.5  0.06
24100  53376.7  0.06
24200  53751.1  0.06
24300  53842.3  0.06
24400  54171.2  0.06
24500  54262.4  0.06
24600  54591.2  0.06
24700  54728  0.06
24800  54819.3  0.06
24900  55148.1  0.06
25000  55239.3  0.06
25100  55568.1  0.06
25200  55705  0.06
25300  55796.2  0.06
25400  56125  0.06
25500  56216.2  0.06
25600  54823.6  0.06
25700  54960.4  0.06
25800  55289.3  0.06
25900  55380.5  0.06
26000  55471.7  0.06
26100  55800.5  0.06
26200  55891.7  0.06
26300  56266.2  0.06
26400  56357.4  0.06
26500  56686.2  0.06
26600  56777.5  0.06
26700  56868.7  0.06
26800  57243.1  0.06
26900  57334.3  0.06
27000  57663.2  0.06
27100  57754.4  0.06
27200  57845.6  0.06
27300  58220  0.06
27400  58311.2  0.06
27500  58640.1  0.06
27600  58731.3  0.06
27700  59060.1  0.06
27800  59196.9  0.06
27900  59288.2  0.06
28000  59617  0.06
28100  59708.2  0.06
28200  60037  0.06
28300  60173.9  0.06
28400  60502.7  0.06
28500  60593.9  0.06
28600  60685.1  0.06
28700  61014  0.06
28800  61105.2  0.06
28900  61479.6  0.06
29000  61570.8  0.06
29100  61662.1  0.06
29200  61990.9  0.06
29300  62082.1  0.06
29400  62456.5  0.06
29500  62547.8  0.06
29600  62876.6  0.06
29700  62967.8  0.06
29800  63059  0.06
29900  63433.5  0.06
30000  63524.7  0.06
30100  63853.5  0.06
30200  63944.7  0.06
30300  64273.6  0.06
30400  64410.4  0.06
30500  64501.6  0.06
30600  64830.4  0.06
30700  64921.6  0.06
30800  65250.5  0.06
30900  65387.3  0.06
31000  65478.5  0.06
31100  65807.3  0.06
31200  65898.6  0.06
31300  66227.4  0.06
31400  66318.6  0.06
31500  66693.1  0.06
31600  66784.3  0.06
31700  66875.5  0.06
31800  67204.3  0.06
31900  67295.5  0.06
32000  67670  0.06
32100  67761.2  0.06
32200  68090  0.06
32300  68181.2  0.06
32400  68272.5  0.06
32500  68646.9  0.06
32600  68738.1  0.06
32700  69066.9  0.06
32800  69158.2  0.06
32900  69249.4  0.06
33000  69623.8  0.06
33100  69715  0.06
33200  70043.9  0.06
33300  70135.1  0.06
33400  70463.9  0.06
33500  70600.7  0.06
33600  70691.9  0.06
33700  71020.8  0.06
33800  71112  0.06
33900  71440.8  0.06
34000  71577.7  0.06
34100  71906.5  0.06
34200  71997.7  0.06
34300  72088.9  0.06
34400  72417.7  0.06
34500  72509  0.06
34600  72883.4  0.06
34700  72974.6  0.06
34800  73065.8  0.06
34900  73394.7  0.06
35000  73485.9  0.06
35100  73860.3  0.06
35200  73951.5  0.06
35300  74280.4  0.06
35400  74371.6  0.06
35500  74462.8  0.06
35600  74837.2  0.06
35700  74928.5  0.06
35800  75257.3  0.06
35900  75348.5  0.06
36000  75677.3  0.06
36100  75814.2  0.06
36200  75905.4  0.06
36300  76234.2  0.06
36400  76325.4  0.06
36500  76654.3  0.06
36600  76791.1  0.06
36700  76882.3  0.06
36800  77211.1  0.06
36900  77302.3  0.06
37000  77631.2  0.06
37100  77722.4  0.06
37200  78096.8  0.06
37300  78188.1  0.06
37400  78279.3  0.06
37500  78608.1  0.06
37600  78699.3  0.06
37700  79073.8  0.06
37800  79165  0.06
37900  79256.2  0.06
38000  79585  0.06
38100  79676.2  0.06
38200  80050.7  0.06
38300  80141.9  0.06
38400  80470.7  0.06
38500  80561.9  0.06
38600  80653.2  0.06
38700  81027.6  0.06
38800  81118.8  0.06
38900  81447.6  0.06
39000  81538.9  0.06
39100  81867.7  0.06
39200  82004.5  0.06
39300  82095.7  0.06
39400  82424.6  0.06
39500  82515.8  0.06
39600  82844.6  0.06
39700  82935.8  0.06
39800  83072.6  0.06
39900  83401.5  0.06
40000  83492.7  0.06
40100  83821.5  0.06
40200  83912.7  0.06
40300  84287.2  0.06
40400  84378.4  0.06
40500  84469.6  0.06
40600  84798.5  0.06
40700  84889.7  0.06
40800  85264.1  0.06
40900  85355.3  0.06
41000  85684.2  0.06
41100  85775.4  0.06
41200  85866.6  0.06
41300  86241  0.06
41400  95927.2  0.06
41500  96256  0.06
41600  96347.2  0.06
41700  96438.4  0.06
41800  96812.9  0.06
41900  96904.1  0.06
42000  97232.9  0.06
42100  97324.1  0.06
42200  97653  0.06
42300  97744.2  0.06
42400  97881  0.06
42500  98209.8  0.06
42600  98301.1  0.06
42700  98629.9  0.06
42800  98721.1  0.06
42900  99095.5  0.06
43000  99186.8  0.06
43100  99278  0.06
43200  99606.8  0.06
43300  99698  0.06
43400  100072  0.06
43500  100164  0.06
43600  100255  0.06
43700  100584  0.06
43800  100675  0.06
43900  101049  0.06
44000  101141  0.06
44100  101469  0.06
44200  103394  0.06
44300  103485  0.06
44400  103859  0.06
44500  103950  0.06
44600  104279  0.06
44700  104371  0.06
44800  104699  0.06
44900  104836  0.06
45000  104927  0.06
45100  105256  0.06
45200  105347  0.06
45300  105676  0.06
45400  105767  0.06
45500  105904  0.06
45600  106233  0.06
45700  106324  0.06
45800  106653  0.06
45900  106744  0.06
46000  107119  0.06
46100  107210  0.06
46200  107301  0.06
46300  107630  0.06
46400  107721  0.06
46500  108096  0.06
46600  108187  0.06
46700  108516  0.06
46800  108607  0.06
46900  108698  0.06
47000  109073  0.06
47100  109164  0.06
47200  109493  0.06
47300  109584  0.06
47400  109675  0.06
47500  110050  0.06
47600  110141  0.06
47700  110470  0.06
47800  110561  0.06
47900  110890  0.06
48000  110981  0.06
48100  111118  0.06
48200  111447  0.06
48300  111538  0.06
48400  111867  0.06
48500  111958  0.06
48600  112332  0.06
48700  112423  0.06
48800  112515  0.06
48900  112844  0.06
49000  112935  0.06
49100  113309  0.06
49200  113400  0.06
49300  113492  0.06
49400  113820  0.06
49500  113912  0.06
49600  114286  0.06
49700  114377  0.06
49800  114706  0.06
49900  114797  0.06
50000  114889  0.06
50100  115263  0.06
50200  115354  0.06
50300  115683  0.06
50400  115774  0.06
50500  116103  0.06
50600  116194  0.06
50700  116331  0.06
50800  116660  0.06
50900  116751  0.06
51000  117080  0.06
51100  117171  0.06
51200  117308  0.06
51300  117637  0.06
51400  117728  0.06
51500  118057  0.06
51600  118148  0.06
51700  118523  0.06
51800  118614  0.06
51900  118705  0.06
52000  119034  0.06
52100  119125  0.06
52200  119500  0.06
52300  119591  0.06
52400  119920  0.06
52500  120011  0.06
52600  120102  0.06
52700  120476  0.06
52800  120568  0.06
52900  120897  0.06
53000  120988  0.06
53100  121079  0.06
53200  121408  0.06
53300  121545  0.06
53400  121873  0.06
53500  121965  0.06
53600  122293  0.06
53700  122385  0.06
53800  122522  0.06
53900  122850  0.06
54000  122942  0.06
54100  123270  0.06
54200  123362  0.06
54300  123736  0.06
54400  123827  0.06
54500  123918  0.06
54600  124247  0.06
54700  124339  0.06
54800  124713  0.06
54900  124804  0.06
55000  124895  0.06
55100  125224  0.06
55200  125315  0.06
55300  125690  0.06
55400  125781  0.06
55500  126110  0.06
55600  126201  0.06
55700  126292  0.06
55800  126667  0.06
55900  126758  0.06
56000  127087  0.06
56100  127178  0.06
56200  127507  0.06
56300  127598  0.06
56400  127735  0.06
56500  128064  0.06
56600  128155  0.06
56700  128484  0.06
56800  128575  0.06
56900  128712  0.06
57000  129041  0.06
57100  129132  0.06
57200  129461  0.06
57300  129552  0.06
57400  129926  0.06
57500  130018  0.06
57600  130109  0.06
57700  130438  0.06
57800  130529  0.06
57900  130903  0.06
58000  130995  0.06
58100  131323  0.06
58200  131415  0.06
58300  131506  0.06
58400  131880  0.06
58500  131971  0.06
58600  132300  0.06
58700  132392  0.06
58800  132483  0.06
58900  132812  0.06
59000  132948  0.06
59100  133277  0.06
59200  133368  0.06
59300  133697  0.06
59400  133788  0.06
59500  133925  0.06
59600  134254  0.06
59700  134345  0.06
59800  134674  0.06
59900  134765  0.06
