100  4058.55  0.92
200  7381.96  0.72
300  9264.31  0.64
400  12932.5  0.64
500  15142.3  0.62
600  16241.8  0.56
700  18337.6  0.52
800  17543.4  0.44
900  19531.9  0.44
1000  22176.8  0.46
1100  21085.4  0.4
1200  26765.2  0.46
1300  21026.5  0.34
1400  19774.6  0.3
1500  19615.2  0.26
1600  23842.2  0.3
1700  25511  0.3
1800  12322.1  0.14
1900  11101.1  0.12
2000  36093.6  0.36
2100  33494.5  0.32
2200  28671.6  0.26
2300  29835.7  0.26
2400  30943.4  0.26
2500  29743.6  0.24
2600  22921  0.18
2700  21150.6  0.16
2800  16161  0.12
2900  24869.4  0.18
3000  27729.7  0.2
3100  25511  0.18
3200  30237.8  0.2
3300  28020.1  0.18
3400  24003.4  0.16
3500  24720.7  0.16
3600  26901.1  0.16
3700  27481.1  0.16
3800  20579.7  0.12
3900  21149.1  0.12
4000  17652.7  0.1
4100  19592.4  0.1
4200  15996.9  0.08
4300  16195.8  0.08
4400  14863.8  0.08
4500  15062.7  0.08
4600  15371.3  0.08
4700  25667.2  0.12
4800  16567.3  0.08
4900  16881.5  0.08
5000  17191.3  0.08
5100  17500.2  0.08
5200  17809.9  0.08
5300  18118.8  0.08
5400  12496.2  0.06
5500  12699  0.06
5600  12897.9  0.06
5700  13097.6  0.06
5800  18011.3  0.08
5900  12497.7  0.06
6000  19212.3  0.08
6100  13824.6  0.06
6200  12585.3  0.06
6300  12785  0.06
6400  60827.7  0.2
6500  61831.5  0.2
6600  62748.7  0.2
6700  56892.7  0.18
6800  57776  0.18
6900  56913  0.18
7000  50557.3  0.16
7100  51324.7  0.16
7200  51922.5  0.16
7300  52678.4  0.16
7400  53451.9  0.16
7500  54046.7  0.16
7600  54814.1  0.16
7700  55413.9  0.16
7800  56167.9  0.16
7900  50780.8  0.14
8000  43250.5  0.12
8100  35705.4  0.1
8200  31801.5  0.08
8300  32101.8  0.08
8400  32390.6  0.08
8500  32700  0.08
8600  33000.3  0.08
8700  33306.6  0.08
8800  33595.5  0.08
8900  33895.7  0.08
9000  26750.6  0.06
9100  26853  0.06
9200  27209.3  0.06
9300  27308.7  0.06
9400  18162  0.04
9500  18261.4  0.04
9600  18363.9  0.04
9700  49392.6  0.12
9800  49893.7  0.12
9900  50380.3  0.12
10000  41631.2  0.1
10100  72837.3  0.16
10200  73575.4  0.16
10300  74175.6  0.16
10400  74868.2  0.16
10500  65087.6  0.14
10600  65685  0.14
10700  66302.9  0.14
10800  56149.3  0.12
10900  56675.3  0.12
11000  56696.3  0.12
11100  46097.6  0.1
11200  46499.5  0.1
11300  46892  0.1
11400  52781.5  0.1
11500  53202  0.1
11600  53555.2  0.1
11700  53975.6  0.1
11800  54396.1  0.1
11900  54757.8  0.1
12000  55166.8  0.1
12100  55590.2  0.1
12200  56010.7  0.1
12300  44076.4  0.08
12400  44379.3  0.08
12500  44682.2  0.08
12600  44985.1  0.08
12700  45279.5  0.08
12800  45582.4  0.08
12900  45885.3  0.08
13000  33192.8  0.06
13100  33395.4  0.06
13200  33601.1  0.06
13300  33803.7  0.06
13400  33994.9  0.06
13500  34197.5  0.06
13600  44618.2  0.08
13700  45031.1  0.08
13800  31413.9  0.06
13900  31601.2  0.06
14000  31788.4  0.06
14100  32063.4  0.06
14200  18027.9  0.04
14300  18127.3  0.04
14400  18226.7  0.04
14500  18326.1  0.04
14600  18425.5  0.04
14700  17749.2  0.04
14800  17848.6  0.04
14900  17948.1  0.04
15000  26576.2  0.04
15100  26675.6  0.04
15200  26778  0.04
15300  37794.6  0.06
15400  38009.9  0.06
15500  46683.2  0.08
15600  46987.2  0.08
15700  56659.1  0.08
15800  22999.4  0.04
15900  23098.8  0.04
16000  23198.2  0.04
16100  23297.6  0.04
16200  23397  0.04
16300  23499.4  0.04
16400  23598.9  0.04
16500  23698.3  0.04
16600  23797.7  0.04
16700  23897.1  0.04
16800  23999.5  0.04
16900  24098.9  0.04
17000  24198.4  0.04
17100  24297.8  0.04
17200  24397.2  0.04
17300  24499.6  0.04
17400  24599  0.04
17500  24698.4  0.04
17600  24797.9  0.04
17700  24897.3  0.04
17800  24999.7  0.04
17900  25099.1  0.04
18000  25198.5  0.04
18100  25297.9  0.04
18200  25397.4  0.04
18300  25499.8  0.04
18400  25599.2  0.04
18500  25698.6  0.04
18600  25798  0.04
18700  25897.4  0.04
18800  39166.3  0.06
18900  39378.8  0.06
19000  39568.7  0.06
19100  39758.6  0.06
19200  39971.1  0.06
19300  40164  0.06
19400  40376.5  0.06
19500  58649.9  0.08
19600  59115.9  0.08
19700  59315.3  0.08
19800  59514.7  0.08
19900  59983.7  0.08
20000  60183.1  0.08
20100  60382.5  0.08
20200  60848.5  0.08
20300  40783.8  0.06
20400  40986.2  0.06
20500  64842.4  0.08
20600  44438.1  0.06
20700  44804.2  0.06
20800  44903.6  0.06
20900  24208.7  0.04
21000  24308.1  0.04
21100  24407.5  0.04
21200  24506.9  0.04
21300  24606.4  0.04
21400  24708.8  0.04
21500  24808.2  0.04
21600  24907.6  0.04
21700  23268.1  0.04
21800  23367.5  0.04
21900  23469.9  0.04
22000  23569.3  0.04
22100  23668.7  0.04
22200  23768.1  0.04
22300  23867.6  0.04
22400  23970  0.04
22500  23974  0.04
22600  92399.1  0.1
22700  92672.2  0.1
22800  70388.8  0.08
22900  70728.6  0.08
23000  47903.9  0.06
23100  48113.3  0.06
23200  48322.7  0.06
23300  48532.2  0.06
23400  48741.6  0.06
23500  48954.1  0.06
23600  49163.5  0.06
23700  49372.9  0.06
23800  49582.4  0.06
23900  49681.8  0.06
24000  49894.2  0.06
24100  50103.6  0.06
24200  50313.1  0.06
24300  50522.5  0.06
24400  50731.9  0.06
24500  50944.4  0.06
24600  51153.8  0.06
24700  51363.3  0.06
24800  51572.7  0.06
24900  51672.1  0.06
25000  51884.6  0.06
25100  52094  0.06
25200  27377  0.04
25300  26997.2  0.04
25400  27096.7  0.04
25500  27199.1  0.04
25600  27298.5  0.04
25700  27397.9  0.04
25800  27497.3  0.04
25900  27596.7  0.04
26000  27699.2  0.04
26100  27798.6  0.04
26200  27898  0.04
26300  27997.4  0.04
26400  28096.8  0.04
26500  40115.5  0.04
26600  49717.4  0.04
26700  49816.8  0.04
26800  49916.2  0.04
26900  27598.4  0.04
27000  27697.8  0.04
27100  27800.2  0.04
27200  27899.7  0.04
27300  47616.8  0.04
27400  47716.2  0.04
27500  47815.7  0.04
27600  47918.1  0.04
27700  48017.5  0.04
27800  29424.4  0.04
27900  29523.8  0.04
28000  28184.2  0.04
28100  28286.6  0.04
28200  28386.1  0.04
28300  28485.5  0.04
28400  28584.9  0.04
28500  28684.3  0.04
28600  28786.7  0.04
28700  28886.1  0.04
28800  28985.6  0.04
28900  29085  0.04
29000  29184.4  0.04
29100  29286.8  0.04
29200  29386.2  0.04
29300  29485.6  0.04
29400  29399.5  0.02
29500  29498.9  0.02
29600  29601.4  0.02
29700  29700.8  0.02
29800  29800.2  0.02
29900  29890.6  0.02
30000  29890.6  0.02
30100  29890.6  0.02
30200  29890.6  0.02
30300  29890.6  0.02
30400  29890.6  0.02
30500  29890.6  0.02
30600  29890.6  0.02
30700  29890.6  0.02
30800  29890.6  0.02
30900  29890.6  0.02
31000  29890.6  0.02
31100  29890.6  0.02
31200  29890.6  0.02
31300  29890.6  0.02
31400  29890.6  0.02
31500  29890.6  0.02
31600  29890.6  0.02
31700  29890.6  0.02
31800  29890.6  0.02
31900  29890.6  0.02
32000  29890.6  0.02
32100  29890.6  0.02
32200  29890.6  0.02
32300  29890.6  0.02
32400  29890.6  0.02
32500  29890.6  0.02
32600  29890.6  0.02
32700  29890.6  0.02
32800  29890.6  0.02
32900  29890.6  0.02
33000  29890.6  0.02
33100  29890.6  0.02
33200  29890.6  0.02
33300  29890.6  0.02
33400  29890.6  0.02
33500  29890.6  0.02
33600  29890.6  0.02
33700  29890.6  0.02
33800  29890.6  0.02
33900  29890.6  0.02
34000  29890.6  0.02
34100  29890.6  0.02
34200  29890.6  0.02
34300  29890.6  0.02
34400  29890.6  0.02
34500  29890.6  0.02
34600  29890.6  0.02
34700  29890.6  0.02
34800  29890.6  0.02
34900  29890.6  0.02
35000  29890.6  0.02
35100  29890.6  0.02
35200  29890.6  0.02
35300  29890.6  0.02
35400  29890.6  0.02
35500  29890.6  0.02
35600  29890.6  0.02
35700  29890.6  0.02
35800  29890.6  0.02
35900  29890.6  0.02
36000  29890.6  0.02
36100  29890.6  0.02
36200  29890.6  0.02
36300  29890.6  0.02
36400  29890.6  0.02
36500  29890.6  0.02
36600  29890.6  0.02
36700  29890.6  0.02
36800  29890.6  0.02
36900  29890.6  0.02
37000  29890.6  0.02
37100  29890.6  0.02
37200  29890.6  0.02
37300  29890.6  0.02
37400  29890.6  0.02
37500  29890.6  0.02
37600  29890.6  0.02
37700  29890.6  0.02
37800  29890.6  0.02
37900  29890.6  0.02
38000  29890.6  0.02
38100  29890.6  0.02
38200  29890.6  0.02
38300  29890.6  0.02
38400  29890.6  0.02
38500  29890.6  0.02
38600  29890.6  0.02
38700  29890.6  0.02
38800  29890.6  0.02
38900  29890.6  0.02
39000  29890.6  0.02
39100  29890.6  0.02
39200  29890.6  0.02
39300  29890.6  0.02
39400  29890.6  0.02
39500  29890.6  0.02
39600  29890.6  0.02
39700  29890.6  0.02
39800  29890.6  0.02
39900  29890.6  0.02
40000  29890.6  0.02
40100  29890.6  0.02
40200  29890.6  0.02
40300  29890.6  0.02
40400  29890.6  0.02
40500  29890.6  0.02
40600  29890.6  0.02
40700  29890.6  0.02
40800  29890.6  0.02
40900  29890.6  0.02
41000  29890.6  0.02
41100  29890.6  0.02
41200  29890.6  0.02
41300  29890.6  0.02
41400  29890.6  0.02
41500  29890.6  0.02
41600  29890.6  0.02
41700  29890.6  0.02
41800  29890.6  0.02
41900  29890.6  0.02
42000  29890.6  0.02
42100  29890.6  0.02
42200  29890.6  0.02
42300  29890.6  0.02
42400  29890.6  0.02
42500  29890.6  0.02
42600  29890.6  0.02
42700  29890.6  0.02
42800  29890.6  0.02
42900  29890.6  0.02
43000  29890.6  0.02
43100  29890.6  0.02
43200  29890.6  0.02
43300  29890.6  0.02
43400  29890.6  0.02
43500  29890.6  0.02
43600  29890.6  0.02
43700  29890.6  0.02
43800  29890.6  0.02
43900  29890.6  0.02
44000  29890.6  0.02
44100  29890.6  0.02
44200  29890.6  0.02
44300  29890.6  0.02
44400  29890.6  0.02
44500  29890.6  0.02
44600  29890.6  0.02
44700  29890.6  0.02
44800  29890.6  0.02
44900  29890.6  0.02
45000  29890.6  0.02
45100  29890.6  0.02
45200  29890.6  0.02
45300  29890.6  0.02
45400  29890.6  0.02
45500  29890.6  0.02
45600  29890.6  0.02
45700  29890.6  0.02
45800  29890.6  0.02
45900  29890.6  0.02
46000  29890.6  0.02
46100  29890.6  0.02
46200  29890.6  0.02
46300  29890.6  0.02
46400  29890.6  0.02
46500  29890.6  0.02
46600  29890.6  0.02
46700  29890.6  0.02
46800  29890.6  0.02
46900  29890.6  0.02
47000  29890.6  0.02
47100  29890.6  0.02
47200  29890.6  0.02
47300  29890.6  0.02
47400  29890.6  0.02
47500  29890.6  0.02
47600  29890.6  0.02
47700  29890.6  0.02
47800  29890.6  0.02
47900  29890.6  0.02
48000  29890.6  0.02
48100  29890.6  0.02
48200  29890.6  0.02
48300  29890.6  0.02
48400  29890.6  0.02
48500  29890.6  0.02
48600  29890.6  0.02
48700  29890.6  0.02
48800  29890.6  0.02
48900  29890.6  0.02
49000  29890.6  0.02
49100  29890.6  0.02
49200  29890.6  0.02
49300  29890.6  0.02
49400  29890.6  0.02
49500  29890.6  0.02
49600  29890.6  0.02
49700  29890.6  0.02
49800  29890.6  0.02
49900  29890.6  0.02
50000  29890.6  0.02
50100  29890.6  0.02
50200  29890.6  0.02
50300  29890.6  0.02
50400  29890.6  0.02
50500  29890.6  0.02
50600  29890.6  0.02
50700  29890.6  0.02
50800  29890.6  0.02
50900  29890.6  0.02
51000  29890.6  0.02
51100  29890.6  0.02
51200  29890.6  0.02
51300  29890.6  0.02
51400  29890.6  0.02
51500  29890.6  0.02
51600  29890.6  0.02
51700  29890.6  0.02
51800  29890.6  0.02
51900  29890.6  0.02
52000  29890.6  0.02
52100  29890.6  0.02
52200  29890.6  0.02
52300  29890.6  0.02
52400  29890.6  0.02
52500  29890.6  0.02
52600  29890.6  0.02
52700  29890.6  0.02
52800  29890.6  0.02
52900  29890.6  0.02
53000  29890.6  0.02
53100  29890.6  0.02
53200  29890.6  0.02
53300  29890.6  0.02
53400  29890.6  0.02
53500  29890.6  0.02
53600  29890.6  0.02
53700  29890.6  0.02
53800  29890.6  0.02
53900  29890.6  0.02
54000  29890.6  0.02
54100  29890.6  0.02
54200  29890.6  0.02
54300  29890.6  0.02
54400  29890.6  0.02
54500  29890.6  0.02
54600  29890.6  0.02
54700  29890.6  0.02
54800  29890.6  0.02
54900  29890.6  0.02
55000  29890.6  0.02
55100  29890.6  0.02
55200  29890.6  0.02
55300  29890.6  0.02
55400  29890.6  0.02
55500  29890.6  0.02
55600  29890.6  0.02
55700  29890.6  0.02
55800  29890.6  0.02
55900  29890.6  0.02
56000  29890.6  0.02
56100  29890.6  0.02
56200  29890.6  0.02
56300  29890.6  0.02
56400  29890.6  0.02
56500  29890.6  0.02
56600  29890.6  0.02
56700  29890.6  0.02
56800  29890.6  0.02
56900  29890.6  0.02
57000  29890.6  0.02
57100  29890.6  0.02
57200  29890.6  0.02
57300  29890.6  0.02
57400  29890.6  0.02
57500  29890.6  0.02
57600  29890.6  0.02
57700  29890.6  0.02
57800  29890.6  0.02
57900  29890.6  0.02
58000  29890.6  0.02
58100  29890.6  0.02
58200  29890.6  0.02
58300  29890.6  0.02
58400  29890.6  0.02
58500  29890.6  0.02
58600  29890.6  0.02
58700  29890.6  0.02
58800  29890.6  0.02
58900  29890.6  0.02
59000  29890.6  0.02
59100  29890.6  0.02
59200  29890.6  0.02
59300  29890.6  0.02
59400  29890.6  0.02
59500  29890.6  0.02
59600  29890.6  0.02
59700  29890.6  0.02
59800  29890.6  0.02
59900  29890.6  0.02
