100  4340.72  0.96
200  8235.09  0.82
300  11530.2  0.74
400  12235.2  0.62
500  14762.9  0.6
600  19922.6  0.66
700  24106.2  0.68
800  26364.3  0.66
900  29072  0.66
1000  30208.4  0.6
1100  29791.3  0.54
1200  29900  0.5
1300  39080.7  0.6
1400  25033.5  0.36
1500  28736.4  0.38
1600  33561  0.42
1700  28886.5  0.34
1800  36088.4  0.4
1900  36140.3  0.38
2000  34210.4  0.34
2100  39784  0.38
2200  42004.5  0.38
2300  27376.6  0.24
2400  29028.1  0.24
2500  29845.9  0.24
2600  54514.1  0.42
2700  37725  0.28
2800  33715  0.24
2900  37591.5  0.26
3000  38880.5  0.26
3100  49691  0.32
3200  51465.4  0.32
3300  52587.1  0.32
3400  50663.2  0.3
3500  52437  0.3
3600  46617.1  0.26
3700  52102.2  0.28
3800  41972.1  0.22
3900  46836.3  0.24
4000  48013.5  0.24
4100  45176  0.22
4200  46252  0.22
4300  47427.6  0.22
4400  48143.1  0.22
4500  45068.9  0.2
4600  42347.8  0.2
4700  43156  0.2
4800  43767.9  0.2
4900  45219.5  0.2
5000  57400.3  0.24
5100  45850.5  0.18
5200  36212.8  0.14
5300  37276.2  0.14
5400  37683  0.14
5500  79217.4  0.3
5600  80527.9  0.3
5700  82080.5  0.3
5800  92888.6  0.32
5900  73185.4  0.26
6000  74140  0.26
6100  75369.7  0.26
6200  76783.4  0.26
6300  77644.7  0.26
6400  78898.3  0.26
6500  73639.6  0.24
6600  75129.8  0.24
6700  69307.7  0.22
6800  70275.8  0.22
6900  71248  0.22
7000  58253  0.18
7100  59273.5  0.18
7200  52682.6  0.16
7300  53276.1  0.16
7400  54296.1  0.16
7500  54889.6  0.16
7600  43229.7  0.12
7700  33139.1  0.1
7800  38889.7  0.1
7900  33961.4  0.1
8000  34367.6  0.1
8100  34781.1  0.1
8200  35077.2  0.1
8300  35490.6  0.1
8400  35896.9  0.1
8500  36313.6  0.1
8600  36716.6  0.1
8700  37133.3  0.1
8800  28724  0.08
8900  29030.6  0.08
9000  29323.4  0.08
9100  32471.9  0.08
9200  23658.1  0.06
9300  23856.3  0.06
9400  24057.8  0.06
9500  24256  0.06
9600  24457.5  0.06
9700  24655.7  0.06
9800  68532.7  0.14
9900  69103.3  0.14
10000  70195.2  0.14
10100  60620.7  0.12
10200  16751.6  0.04
10300  16853  0.04
10400  16951.2  0.04
10500  61254.5  0.12
10600  62069.8  0.12
10700  62474.3  0.12
10800  62864.5  0.12
10900  63269  0.12
11000  64087.6  0.12
11100  64488.8  0.12
11200  64867.6  0.12
11300  65268.8  0.12
11400  66087.4  0.12
11500  66488.7  0.12
11600  43618.8  0.08
11700  34803.2  0.06
11800  35001.7  0.06
11900  35203.5  0.06
12000  35402.1  0.06
12100  35603.9  0.06
12200  35802.4  0.06
12300  58221.8  0.1
12400  61930.9  0.1
12500  62597.4  0.1
12600  63005  0.1
12700  63398.8  0.1
12800  34499.9  0.06
12900  34698.4  0.06
13000  34900.2  0.06
13100  35098.7  0.06
13200  35300.5  0.06
13300  35499.1  0.06
13400  40222.8  0.06
13500  40424.5  0.06
13600  40896.9  0.06
13700  27399.8  0.04
13800  27598.2  0.04
13900  27800  0.04
14000  27998.4  0.04
14100  17711.1  0.04
14200  17812.6  0.04
14300  17910.7  0.04
14400  18012.2  0.04
14500  18110.3  0.04
14600  18211.8  0.04
14700  18309.9  0.04
14800  79224.4  0.12
14900  79629.5  0.12
15000  32327.4  0.06
15100  32528.2  0.06
15200  32725.7  0.06
15300  32926.5  0.06
15400  26802.8  0.04
15500  26904.2  0.04
15600  27002.4  0.04
15700  27103.8  0.04
15800  27202  0.04
15900  27303.4  0.04
16000  57034.8  0.08
16100  57232.6  0.08
16200  57433.7  0.08
16300  41484.3  0.06
16400  41685.3  0.06
16500  41883.1  0.06
16600  25421.5  0.04
16700  25519.6  0.04
16800  34402.3  0.06
16900  34606.6  0.06
17000  39255.6  0.06
17100  25997.5  0.04
17200  26095.7  0.04
17300  26197.2  0.04
17400  26295.3  0.04
17500  26396.8  0.04
17600  26498.2  0.04
17700  26596.4  0.04
17800  26697.8  0.04
17900  26796  0.04
18000  26897.4  0.04
18100  26995.6  0.04
18200  27097  0.04
18300  27195.2  0.04
18400  27296.6  0.04
18500  27398.1  0.04
18600  27496.2  0.04
18700  27597.7  0.04
18800  27695.9  0.04
18900  27797.3  0.04
19000  27895.5  0.04
19100  27996.9  0.04
19200  28095.1  0.04
19300  28196.5  0.04
19400  28297.9  0.04
19500  28396.1  0.04
19600  28497.6  0.04
19700  28595.7  0.04
19800  28697.2  0.04
19900  28795.3  0.04
20000  28896.8  0.04
20100  28998.2  0.04
20200  29096.4  0.04
20300  29197.8  0.04
20400  107285  0.12
20500  107751  0.12
20600  108214  0.12
20700  108470  0.12
20800  109290  0.12
20900  124575  0.12
21000  125032  0.12
21100  125698  0.12
21200  85677.2  0.1
21300  85978.6  0.1
21400  86246.4  0.1
21500  86907.6  0.1
21600  87212.3  0.1
21700  87476.8  0.1
21800  87796.9  0.1
21900  107778  0.1
22000  108072  0.1
22100  108377  0.1
22200  109040  0.1
22300  131636  0.12
22400  131884  0.12
22500  132136  0.12
22600  132557  0.12
22700  110394  0.1
22800  110471  0.1
22900  111060  0.1
23000  111312  0.1
23100  111389  0.1
23200  111641  0.1
23300  163186  0.14
23400  163712  0.14
23500  141073  0.12
23600  141425  0.12
23700  142414  0.12
23800  142766  0.12
23900  143293  0.12
24000  144279  0.12
24100  144634  0.12
24200  145062  0.12
24300  145771  0.12
24400  43635.8  0.04
24500  36480.7  0.04
24600  36582.1  0.04
24700  34677.7  0.04
24800  34779.2  0.04
24900  34877.3  0.04
25000  41649.1  0.04
25100  41750.6  0.04
25200  41848.8  0.04
25300  41950.2  0.04
25400  42048.4  0.04
25500  42149.8  0.04
25600  42248  0.04
25700  42349.4  0.04
25800  42447.6  0.04
25900  42549  0.04
26000  42650.5  0.04
26100  42748.6  0.04
26200  42850.1  0.04
26300  42948.2  0.04
26400  43049.7  0.04
26500  43147.8  0.04
26600  43249.3  0.04
26700  43347.4  0.04
26800  43448.9  0.04
26900  43550.3  0.04
27000  43648.5  0.04
27100  43749.9  0.04
27200  43848.1  0.04
27300  59962.7  0.06
27400  60060.9  0.06
27500  32756.1  0.04
27600  32857.5  0.04
27700  32955.7  0.04
27800  33057.1  0.04
27900  33155.3  0.04
28000  33256.7  0.04
28100  33354.9  0.04
28200  33456.3  0.04
28300  33554.5  0.04
28400  33655.9  0.04
28500  33757.4  0.04
28600  33855.5  0.04
28700  29505.2  0.04
28800  29603.4  0.04
28900  48973.1  0.04
29000  49071.3  0.04
29100  49172.7  0.04
29200  116920  0.08
29300  117178  0.08
29400  117512  0.08
29500  117025  0.08
29600  116735  0.08
29700  32026.1  0.04
29800  32127.5  0.04
29900  32225.7  0.04
30000  32327.1  0.04
30100  32428.6  0.04
30200  90536.4  0.06
30300  90988.4  0.06
30400  60805.2  0.04
30500  60906.6  0.04
30600  61278.7  0.04
30700  61380.1  0.04
30800  61478.3  0.04
30900  61853.7  0.04
31000  61955.1  0.04
31100  62327.2  0.04
31200  62428.6  0.04
31300  62526.8  0.04
31400  62902.2  0.04
31500  63000.3  0.04
31600  63101.8  0.04
31700  63473.9  0.04
31800  63575.3  0.04
31900  31901.3  0.02
32000  31999.5  0.02
32100  32100.9  0.02
32200  32199.1  0.02
32300  32300.5  0.02
32400  32398.7  0.02
32500  32467.4  0.02
32600  32467.4  0.02
32700  32467.4  0.02
32800  32467.4  0.02
32900  32467.4  0.02
33000  32467.4  0.02
33100  32467.4  0.02
33200  32467.4  0.02
33300  32467.4  0.02
33400  32467.4  0.02
33500  32467.4  0.02
33600  32467.4  0.02
33700  32467.4  0.02
33800  32467.4  0.02
33900  32467.4  0.02
34000  32467.4  0.02
34100  32467.4  0.02
34200  32467.4  0.02
34300  32467.4  0.02
34400  32467.4  0.02
34500  32467.4  0.02
34600  32467.4  0.02
34700  32467.4  0.02
34800  32467.4  0.02
34900  32467.4  0.02
35000  32467.4  0.02
35100  32467.4  0.02
35200  32467.4  0.02
35300  32467.4  0.02
35400  32467.4  0.02
35500  32467.4  0.02
35600  32467.4  0.02
35700  32467.4  0.02
35800  32467.4  0.02
35900  32467.4  0.02
36000  32467.4  0.02
36100  32467.4  0.02
36200  32467.4  0.02
36300  32467.4  0.02
36400  32467.4  0.02
36500  32467.4  0.02
36600  32467.4  0.02
36700  32467.4  0.02
36800  32467.4  0.02
36900  32467.4  0.02
37000  32467.4  0.02
37100  32467.4  0.02
37200  32467.4  0.02
37300  32467.4  0.02
37400  32467.4  0.02
37500  32467.4  0.02
37600  32467.4  0.02
37700  32467.4  0.02
37800  32467.4  0.02
37900  32467.4  0.02
38000  32467.4  0.02
38100  32467.4  0.02
38200  32467.4  0.02
38300  32467.4  0.02
38400  32467.4  0.02
38500  32467.4  0.02
38600  32467.4  0.02
38700  32467.4  0.02
38800  32467.4  0.02
38900  32467.4  0.02
39000  32467.4  0.02
39100  32467.4  0.02
39200  32467.4  0.02
39300  32467.4  0.02
39400  32467.4  0.02
39500  32467.4  0.02
39600  32467.4  0.02
39700  32467.4  0.02
39800  32467.4  0.02
39900  32467.4  0.02
40000  32467.4  0.02
40100  32467.4  0.02
40200  32467.4  0.02
40300  32467.4  0.02
40400  32467.4  0.02
40500  32467.4  0.02
40600  32467.4  0.02
40700  32467.4  0.02
40800  32467.4  0.02
40900  32467.4  0.02
41000  32467.4  0.02
41100  32467.4  0.02
41200  32467.4  0.02
41300  32467.4  0.02
41400  32467.4  0.02
41500  32467.4  0.02
41600  32467.4  0.02
41700  32467.4  0.02
41800  32467.4  0.02
41900  32467.4  0.02
42000  32467.4  0.02
42100  32467.4  0.02
42200  32467.4  0.02
42300  32467.4  0.02
42400  32467.4  0.02
42500  32467.4  0.02
42600  32467.4  0.02
42700  32467.4  0.02
42800  32467.4  0.02
42900  32467.4  0.02
43000  32467.4  0.02
43100  32467.4  0.02
43200  32467.4  0.02
43300  32467.4  0.02
43400  32467.4  0.02
43500  32467.4  0.02
43600  32467.4  0.02
43700  32467.4  0.02
43800  32467.4  0.02
43900  32467.4  0.02
44000  32467.4  0.02
44100  32467.4  0.02
44200  32467.4  0.02
44300  32467.4  0.02
44400  32467.4  0.02
44500  32467.4  0.02
44600  32467.4  0.02
44700  32467.4  0.02
44800  32467.4  0.02
44900  32467.4  0.02
45000  32467.4  0.02
45100  32467.4  0.02
45200  32467.4  0.02
45300  32467.4  0.02
45400  32467.4  0.02
45500  32467.4  0.02
45600  32467.4  0.02
45700  32467.4  0.02
45800  32467.4  0.02
45900  32467.4  0.02
46000  32467.4  0.02
46100  32467.4  0.02
46200  32467.4  0.02
46300  32467.4  0.02
46400  32467.4  0.02
46500  32467.4  0.02
46600  32467.4  0.02
46700  32467.4  0.02
46800  32467.4  0.02
46900  32467.4  0.02
47000  32467.4  0.02
47100  32467.4  0.02
47200  32467.4  0.02
47300  32467.4  0.02
47400  32467.4  0.02
47500  32467.4  0.02
47600  32467.4  0.02
47700  32467.4  0.02
47800  32467.4  0.02
47900  32467.4  0.02
48000  32467.4  0.02
48100  32467.4  0.02
48200  32467.4  0.02
48300  32467.4  0.02
48400  32467.4  0.02
48500  32467.4  0.02
48600  32467.4  0.02
48700  32467.4  0.02
48800  32467.4  0.02
48900  32467.4  0.02
49000  32467.4  0.02
49100  32467.4  0.02
49200  32467.4  0.02
49300  32467.4  0.02
49400  32467.4  0.02
49500  32467.4  0.02
49600  32467.4  0.02
49700  32467.4  0.02
49800  32467.4  0.02
49900  32467.4  0.02
50000  32467.4  0.02
50100  32467.4  0.02
50200  32467.4  0.02
50300  32467.4  0.02
50400  32467.4  0.02
50500  32467.4  0.02
50600  32467.4  0.02
50700  32467.4  0.02
50800  32467.4  0.02
50900  32467.4  0.02
51000  32467.4  0.02
51100  32467.4  0.02
51200  32467.4  0.02
51300  32467.4  0.02
51400  32467.4  0.02
51500  32467.4  0.02
51600  32467.4  0.02
51700  32467.4  0.02
51800  32467.4  0.02
51900  32467.4  0.02
52000  32467.4  0.02
52100  32467.4  0.02
52200  32467.4  0.02
52300  32467.4  0.02
52400  32467.4  0.02
52500  32467.4  0.02
52600  32467.4  0.02
52700  32467.4  0.02
52800  32467.4  0.02
52900  32467.4  0.02
53000  32467.4  0.02
53100  32467.4  0.02
53200  32467.4  0.02
53300  32467.4  0.02
53400  32467.4  0.02
53500  32467.4  0.02
53600  32467.4  0.02
53700  32467.4  0.02
53800  32467.4  0.02
53900  32467.4  0.02
54000  32467.4  0.02
54100  32467.4  0.02
54200  32467.4  0.02
54300  32467.4  0.02
54400  32467.4  0.02
54500  32467.4  0.02
54600  32467.4  0.02
54700  32467.4  0.02
54800  32467.4  0.02
54900  32467.4  0.02
55000  32467.4  0.02
55100  32467.4  0.02
55200  32467.4  0.02
55300  32467.4  0.02
55400  32467.4  0.02
55500  32467.4  0.02
55600  32467.4  0.02
55700  32467.4  0.02
55800  32467.4  0.02
55900  32467.4  0.02
56000  32467.4  0.02
56100  32467.4  0.02
56200  32467.4  0.02
56300  32467.4  0.02
56400  32467.4  0.02
56500  32467.4  0.02
56600  32467.4  0.02
56700  32467.4  0.02
56800  32467.4  0.02
56900  32467.4  0.02
57000  32467.4  0.02
57100  32467.4  0.02
57200  32467.4  0.02
57300  32467.4  0.02
57400  32467.4  0.02
57500  32467.4  0.02
57600  32467.4  0.02
57700  32467.4  0.02
57800  32467.4  0.02
57900  32467.4  0.02
58000  32467.4  0.02
58100  32467.4  0.02
58200  32467.4  0.02
58300  32467.4  0.02
58400  32467.4  0.02
58500  32467.4  0.02
58600  32467.4  0.02
58700  32467.4  0.02
58800  32467.4  0.02
58900  32467.4  0.02
59000  32467.4  0.02
59100  32467.4  0.02
59200  32467.4  0.02
59300  32467.4  0.02
59400  32467.4  0.02
59500  32467.4  0.02
59600  32467.4  0.02
59700  32467.4  0.02
59800  32467.4  0.02
59900  32467.4  0.02
