100  3931.48  0.9
200  8940.89  0.84
300  11259.2  0.76
400  14243.6  0.74
500  15839.7  0.66
600  17253.4  0.58
700  15940.8  0.48
800  17039.3  0.44
900  18313.2  0.42
1000  18105.5  0.38
1100  18649.6  0.34
1200  17648.2  0.3
1300  19209.7  0.3
1400  20670.3  0.3
1500  20405.1  0.28
1600  20269.8  0.26
1700  21549.3  0.26
1800  22551.8  0.26
1900  21650.2  0.24
2000  21105.3  0.22
2100  18678  0.18
2200  19407.4  0.18
2300  28499.6  0.26
2400  22622  0.2
2500  24653.5  0.2
2600  20534.7  0.16
2700  19901.3  0.16
2800  17693.5  0.14
2900  21370.6  0.16
3000  15992  0.12
3100  16694.3  0.12
3200  17088.6  0.12
3300  17498.1  0.12
3400  18184.9  0.12
3500  18592.3  0.12
3600  20226.4  0.12
3700  20915.3  0.12
3800  21322.8  0.12
3900  23466.9  0.14
4000  24168.2  0.14
4100  24916  0.14
4200  25168.9  0.12
4300  25856.6  0.12
4400  26198.9  0.12
4500  26846.7  0.12
4600  27434.5  0.12
4700  27742.9  0.12
4800  28388.6  0.12
4900  28991.9  0.12
5000  31053.3  0.14
5100  26557.1  0.12
5200  27045.1  0.12
5300  27539.7  0.12
5400  28049.2  0.12
5500  39481  0.16
5600  37991.4  0.14
5700  38375.7  0.14
5800  28043.4  0.1
5900  28329.2  0.1
6000  22639.8  0.08
6100  23127.3  0.08
6200  63065.3  0.22
6300  63812  0.22
6400  58834.2  0.2
6500  67271  0.22
6600  68302.5  0.22
6700  73554.1  0.22
6800  71819.9  0.22
6900  72655.9  0.22
7000  67761  0.2
7100  68695.9  0.2
7200  69541.2  0.2
7300  70338.7  0.2
7400  63745  0.18
7500  64624.2  0.18
7600  65655.8  0.18
7700  66151.9  0.18
7800  67257.5  0.18
7900  67930.7  0.18
8000  52666.6  0.14
8100  53202.9  0.14
8200  17443  0.06
8300  17651  0.06
8400  17844.7  0.06
8500  18052.7  0.06
8600  18246.3  0.06
8700  27940.1  0.08
8800  19887.1  0.06
8900  20080.8  0.06
9000  20288.8  0.06
9100  20482.4  0.06
9200  27758.1  0.08
9300  28050.6  0.08
9400  20732.5  0.06
9500  20925.7  0.06
9600  21134.4  0.06
9700  21327.6  0.06
9800  80192.6  0.18
9900  80962.8  0.18
10000  51836  0.12
10100  62377.9  0.14
10200  63325.4  0.14
10300  53506.2  0.12
10400  53869.8  0.12
10500  54302.5  0.12
10600  55051.5  0.12
10700  98264.9  0.2
10800  98882.5  0.2
10900  78314.1  0.16
11000  78894.2  0.16
11100  79489.1  0.16
11200  61677.7  0.12
11300  62405.3  0.12
11400  62821.9  0.12
11500  63223.1  0.12
11600  63934.6  0.12
11700  83687.7  0.16
11800  84315.9  0.16
11900  84858.8  0.16
12000  73918.1  0.14
12100  74439.2  0.14
12200  50637.3  0.1
12300  51040.8  0.1
12400  50646.3  0.1
12500  62666.2  0.12
12600  50563.6  0.1
12700  50953.8  0.1
12800  39450.3  0.08
12900  47319.9  0.08
13000  47873.8  0.08
13100  48066.5  0.08
13200  48274.7  0.08
13300  48467.5  0.08
13400  49005.8  0.08
13500  49218.2  0.08
13600  69773.1  0.12
13700  70547.9  0.12
13800  111452  0.18
13900  98229.5  0.16
14000  99160.6  0.16
14100  99872.2  0.16
14200  100441  0.16
14300  100829  0.16
14400  60004.9  0.1
14500  60295.4  0.1
14600  60609.3  0.1
14700  65986.7  0.1
14800  66292.6  0.1
14900  63310.9  0.1
15000  63616.9  0.1
15100  96440  0.14
15200  97165.7  0.14
15300  97568.2  0.14
15400  98300.8  0.14
15500  83375.8  0.12
15600  83766.9  0.12
15700  84169.4  0.12
15800  84902.1  0.12
15900  111381  0.16
16000  112026  0.16
16100  75404.3  0.1
16200  75738  0.1
16300  76056.1  0.1
16400  76264.4  0.1
16500  60687.1  0.08
16600  83145.5  0.12
16700  83538.9  0.12
16800  84281.1  0.12
16900  84685.9  0.12
17000  85075.1  0.12
17100  85348.3  0.1
17200  86083.1  0.1
17300  86495.3  0.1
17400  86884.5  0.1
17500  87634.8  0.1
17600  88031.5  0.1
17700  88420.7  0.1
17800  89182.6  0.1
17900  89571.8  0.1
18000  89976.6  0.1
18100  90373.2  0.1
18200  91123.6  0.1
18300  73202.4  0.08
18400  73599.6  0.08
18500  73891.8  0.08
18600  74184  0.08
18700  74491.8  0.08
18800  74784  0.08
18900  75095.8  0.08
19000  75388  0.08
19100  75695.7  0.08
19200  56424.4  0.06
19300  56645.5  0.06
19400  56851.1  0.06
19500  57019.2  0.06
19600  57240.3  0.06
19700  57441.2  0.06
19800  57620.2  0.06
19900  57818.8  0.06
20000  58033  0.06
20100  58196.5  0.06
20200  58410.6  0.06
20300  58609.2  0.06
20400  58772.7  0.06
20500  58986.9  0.06
20600  59185.5  0.06
20700  59364.5  0.06
20800  59563.1  0.06
20900  59777.3  0.06
21000  59940.8  0.06
21100  60154.9  0.06
21200  60353.6  0.06
21300  60517  0.06
21400  60731.2  0.06
21500  60929.8  0.06
21600  61108.8  0.06
21700  61307.4  0.06
21800  61521.6  0.06
21900  61685.1  0.06
22000  61899.2  0.06
22100  62097.9  0.06
22200  62261.3  0.06
22300  62475.5  0.06
22400  62674.1  0.06
22500  62853.1  0.06
22600  63051.7  0.06
22700  63265.9  0.06
22800  63429.4  0.06
22900  63643.5  0.06
23000  63842.2  0.06
23100  64005.6  0.06
23200  64219.8  0.06
23300  64418.4  0.06
23400  64597.4  0.06
23500  64796  0.06
23600  65010.2  0.06
23700  65173.7  0.06
23800  65387.8  0.06
23900  65586.5  0.06
24000  65749.9  0.06
24100  65964.1  0.06
24200  66162.7  0.06
24300  66341.7  0.06
24400  66540.4  0.06
24500  66754.5  0.06
24600  66918  0.06
24700  42742.8  0.04
24800  42835.9  0.04
24900  42929  0.04
25000  43037.7  0.04
25100  43130.8  0.04
25200  43239.4  0.04
25300  43332.6  0.04
25400  43441.2  0.04
25500  43534.3  0.04
25600  43642.9  0.04
25700  43736.1  0.04
25800  43829.2  0.04
25900  43937.8  0.04
26000  44030.9  0.04
26100  44139.6  0.04
26200  44232.7  0.04
26300  44341.3  0.04
26400  44434.5  0.04
26500  44527.6  0.04
26600  44636.2  0.04
26700  44729.3  0.04
26800  44838  0.04
26900  44931.1  0.04
27000  45039.7  0.04
27100  45132.9  0.04
27200  45241.5  0.04
27300  45334.6  0.04
27400  45427.7  0.04
27500  45536.4  0.04
27600  45629.5  0.04
27700  45738.1  0.04
27800  45831.2  0.04
27900  45939.9  0.04
28000  46033  0.04
28100  46141.6  0.04
28200  46234.8  0.04
28300  46327.9  0.04
28400  46436.5  0.04
28500  46529.6  0.04
28600  46638.3  0.04
28700  46731.4  0.04
28800  46840  0.04
28900  46933.1  0.04
29000  47041.8  0.04
29100  47134.9  0.04
29200  47228  0.04
29300  47336.7  0.04
29400  47429.8  0.04
29500  47538.4  0.04
29600  47631.5  0.04
29700  47740.2  0.04
29800  47833.3  0.04
29900  47941.9  0.04
30000  48035.1  0.04
30100  48128.2  0.04
30200  48236.8  0.04
30300  48329.9  0.04
30400  48438.6  0.04
30500  48531.7  0.04
30600  48640.3  0.04
30700  48733.4  0.04
30800  48842.1  0.04
30900  48935.2  0.04
31000  49028.3  0.04
31100  49137  0.04
31200  49230.1  0.04
31300  49338.7  0.04
31400  49431.8  0.04
31500  49540.5  0.04
31600  49633.6  0.04
31700  49742.2  0.04
31800  49835.4  0.04
31900  49928.5  0.04
32000  50037.1  0.04
32100  50130.2  0.04
32200  50238.9  0.04
32300  50332  0.04
32400  50440.6  0.04
32500  50533.7  0.04
32600  50642.4  0.04
32700  50735.5  0.04
32800  58749.7  0.04
32900  58858.3  0.04
33000  58951.4  0.04
33100  59060.1  0.04
33200  59153.2  0.04
33300  59261.8  0.04
33400  59354.9  0.04
33500  59463.6  0.04
33600  59556.7  0.04
33700  59649.8  0.04
33800  59758.5  0.04
33900  59851.6  0.04
34000  59960.2  0.04
34100  60053.3  0.04
34200  60162  0.04
34300  60255.1  0.04
34400  60363.7  0.04
34500  60456.9  0.04
34600  60550  0.04
34700  60658.6  0.04
34800  60751.7  0.04
34900  60860.4  0.04
35000  60953.5  0.04
35100  61062.1  0.04
35200  61155.2  0.04
35300  61263.9  0.04
35400  61357  0.04
35500  61450.1  0.04
35600  61558.8  0.04
35700  61651.9  0.04
35800  61760.5  0.04
35900  61853.6  0.04
36000  61962.3  0.04
36100  62055.4  0.04
36200  62164  0.04
36300  62257.2  0.04
36400  62350.3  0.04
36500  62458.9  0.04
36600  62552  0.04
36700  62660.7  0.04
36800  62753.8  0.04
36900  62862.4  0.04
37000  62955.5  0.04
37100  63048.7  0.04
37200  63157.3  0.04
37300  63250.4  0.04
37400  63359.1  0.04
37500  63452.2  0.04
37600  63560.8  0.04
37700  63653.9  0.04
37800  63762.6  0.04
37900  63855.7  0.04
38000  63948.8  0.04
38100  64057.4  0.04
38200  64150.6  0.04
38300  64259.2  0.04
38400  64352.3  0.04
38500  64461  0.04
38600  64554.1  0.04
38700  64662.7  0.04
38800  64755.8  0.04
38900  64849  0.04
39000  64957.6  0.04
39100  65050.7  0.04
39200  65159.4  0.04
39300  65252.5  0.04
39400  65361.1  0.04
39500  65454.2  0.04
39600  65562.9  0.04
39700  65656  0.04
39800  65749.1  0.04
39900  65857.7  0.04
40000  65950.9  0.04
40100  66059.5  0.04
40200  66152.6  0.04
40300  66261.3  0.04
40400  66354.4  0.04
40500  66463  0.04
40600  66556.1  0.04
40700  66649.3  0.04
40800  66757.9  0.04
40900  66851  0.04
41000  66959.7  0.04
41100  67052.8  0.04
41200  67161.4  0.04
41300  67254.5  0.04
41400  67363.2  0.04
41500  61567.5  0.04
41600  61660.6  0.04
41700  61769.3  0.04
41800  61862.4  0.04
41900  61971  0.04
42000  62064.1  0.04
42100  62172.8  0.04
42200  62265.9  0.04
42300  62374.5  0.04
42400  62467.7  0.04
42500  62560.8  0.04
42600  62669.4  0.04
42700  62762.5  0.04
42800  62871.2  0.04
42900  62964.3  0.04
43000  63072.9  0.04
43100  63166.1  0.04
43200  63274.7  0.04
43300  63367.8  0.04
43400  63460.9  0.04
43500  63569.6  0.04
43600  63662.7  0.04
43700  63771.3  0.04
43800  63864.4  0.04
43900  63973.1  0.04
44000  64066.2  0.04
44100  64174.8  0.04
44200  64268  0.04
44300  64361.1  0.04
44400  64469.7  0.04
44500  64562.8  0.04
44600  64671.5  0.04
44700  64764.6  0.04
44800  64873.2  0.04
44900  64966.3  0.04
45000  65075  0.04
45100  65168.1  0.04
45200  65261.2  0.04
45300  65369.9  0.04
45400  65463  0.04
45500  65571.6  0.04
45600  65664.7  0.04
45700  65773.4  0.04
45800  65866.5  0.04
45900  65975.1  0.04
46000  66068.3  0.04
46100  66161.4  0.04
46200  66270  0.04
46300  66363.1  0.04
46400  103544  0.06
46500  103736  0.06
46600  103943  0.06
46700  104135  0.06
46800  104342  0.06
46900  104534  0.06
47000  104725  0.06
47100  104932  0.06
47200  96316.3  0.06
47300  96537.6  0.06
47400  96729.3  0.06
47500  96936.5  0.06
47600  97128.1  0.06
47700  97319.8  0.06
47800  97527  0.06
47900  97718.7  0.06
48000  97925.9  0.06
48100  98117.5  0.06
48200  98338.8  0.06
48300  107331  0.06
48400  107548  0.06
48500  107734  0.06
48600  107920  0.06
48700  108138  0.06
48800  108324  0.06
48900  108541  0.06
49000  108727  0.06
49100  108945  0.06
49200  109131  0.06
49300  109348  0.06
49400  109534  0.06
49500  109721  0.06
49600  109938  0.06
49700  110124  0.06
49800  104372  0.06
49900  104465  0.06
50000  104868  0.06
50100  104961  0.06
50200  105070  0.06
50300  105458  0.06
50400  105551  0.06
50500  105660  0.06
50600  106048  0.06
50700  106156  0.06
50800  106250  0.06
50900  106653  0.06
51000  106746  0.06
51100  106855  0.06
51200  107243  0.06
51300  107336  0.06
51400  107445  0.06
51500  107833  0.06
51600  107941  0.06
51700  108034  0.06
51800  108438  0.06
51900  108531  0.06
52000  108640  0.06
52100  109028  0.06
52200  109121  0.06
52300  109229  0.06
52400  109617  0.06
52500  109726  0.06
52600  109819  0.06
52700  110223  0.06
52800  110316  0.06
52900  110424  0.06
53000  110812  0.06
53100  110905  0.06
53200  111014  0.06
53300  111402  0.06
53400  111511  0.06
53500  111604  0.06
53600  112007  0.06
53700  112100  0.06
53800  112209  0.06
53900  112597  0.06
54000  112690  0.06
54100  112799  0.06
54200  113187  0.06
54300  113295  0.06
54400  113389  0.06
54500  113792  0.06
54600  113885  0.06
54700  114289  0.06
54800  114382  0.06
54900  114475  0.06
55000  114878  0.06
55100  114972  0.06
55200  115080  0.06
55300  115467  0.06
55400  115576  0.06
55500  60235.2  0.04
55600  60343.9  0.04
55700  60437  0.04
55800  60530.1  0.04
55900  60638.7  0.04
56000  60731.9  0.04
56100  60840.5  0.04
56200  60933.6  0.04
56300  61042.3  0.04
56400  61135.4  0.04
56500  61244  0.04
56600  61337.1  0.04
56700  61430.3  0.04
56800  61538.9  0.04
56900  61632  0.04
57000  61740.7  0.04
57100  61833.8  0.04
57200  61942.4  0.04
57300  62035.5  0.04
57400  62144.2  0.04
57500  62237.3  0.04
57600  62330.4  0.04
57700  62439  0.04
57800  62532.2  0.04
57900  62640.8  0.04
58000  62733.9  0.04
58100  62842.6  0.04
58200  62935.7  0.04
58300  63028.8  0.04
58400  120962  0.06
58500  121408  0.06
58600  121517  0.06
58700  121610  0.06
58800  122072  0.06
58900  122165  0.06
59000  122273  0.06
59100  122367  0.06
59200  122813  0.06
59300  122921  0.06
59400  123014  0.06
59500  123476  0.06
59600  123569  0.06
59700  123678  0.06
59800  123771  0.06
59900  124232  0.06
