100  4198.97  0.98
200  8814.54  0.9
300  12252  0.8
400  12834.5  0.64
500  16190.8  0.64
600  18101.4  0.62
700  17686.8  0.5
800  18856.4  0.46
900  19789.4  0.44
1000  17941  0.36
1100  20785.6  0.38
1200  23074.9  0.38
1300  20756.9  0.32
1400  20822.5  0.3
1500  19143.4  0.26
1600  18623.3  0.24
1700  25234.1  0.3
1800  21261.2  0.24
1900  18511.4  0.2
2000  19081.5  0.2
2100  28944.6  0.28
2200  23670.8  0.22
2300  24266.4  0.22
2400  25182.1  0.22
2500  26071.7  0.22
2600  24983.7  0.2
2700  25799.2  0.2
2800  23790.6  0.18
2900  24191.1  0.18
3000  35159.8  0.24
3100  33054.5  0.22
3200  20343.4  0.14
3300  37870  0.24
3400  35485  0.22
3500  33327  0.2
3600  26660.6  0.16
3700  27315.3  0.16
3800  20122.7  0.12
3900  13305.9  0.08
4000  13505.7  0.08
4100  13705.5  0.08
4200  13906  0.08
4300  14105.8  0.08
4400  14764.3  0.08
4500  36007.5  0.16
4600  36772.8  0.16
4700  37572.8  0.16
4800  15407.8  0.08
4900  29470.7  0.12
5000  16793.4  0.08
5100  20295.1  0.08
5200  20776.3  0.08
5300  33959.2  0.14
5400  43426.6  0.16
5500  38621.5  0.14
5600  39020.3  0.14
5700  21756.8  0.08
5800  22415  0.08
5900  22614.4  0.08
6000  43151  0.16
6100  43634.7  0.16
6200  37617  0.12
6300  37916.3  0.12
6400  32075.4  0.1
6500  32376.1  0.1
6600  32956  0.1
6700  53917.2  0.16
6800  54403.5  0.16
6900  50025.4  0.16
7000  50512.9  0.16
7100  43898.6  0.14
7200  45226.9  0.14
7300  45616.9  0.14
7400  46024.8  0.14
7500  46417.6  0.14
7600  47745.9  0.14
7700  48132.7  0.14
7800  21326.3  0.06
7900  21426.3  0.06
8000  21526.3  0.06
8100  22085  0.06
8200  49189.5  0.12
8300  41577.1  0.1
8400  36862.6  0.1
8500  37520.1  0.1
8600  37719  0.1
8700  38416  0.1
8800  38614.9  0.1
8900  38813.7  0.1
9000  39471.2  0.1
9100  39660.9  0.1
9200  73734.2  0.16
9300  74397  0.16
9400  74777.8  0.16
9500  35838.6  0.08
9600  36037.1  0.08
9700  36238.5  0.08
9800  36437  0.08
9900  37097.1  0.08
10000  50192.3  0.1
10100  50491.2  0.1
10200  50793.4  0.1
10300  51376.3  0.1
10400  64067.2  0.14
10500  64465.1  0.14
10600  64890.2  0.14
10700  65273.8  0.14
10800  66611.4  0.14
10900  54650.8  0.1
11000  54953.1  0.1
11100  55536.1  0.1
11200  55835.2  0.1
11300  56589.9  0.1
11400  57172.9  0.1
11500  45967.4  0.08
11600  46267.3  0.08
11700  47025.8  0.08
11800  47325.7  0.08
11900  47622.3  0.08
12000  47922.2  0.08
12100  48190.6  0.08
12200  30264.4  0.06
12300  49048.9  0.08
12400  49250.2  0.08
12500  49442.2  0.08
12600  49643.5  0.08
12700  30085.3  0.06
12800  30185.3  0.06
12900  30285.4  0.06
13000  30385.4  0.06
13100  30944.1  0.06
13200  43229.6  0.08
13300  43329.7  0.08
13400  43429.7  0.08
13500  30244.8  0.06
13600  30803.4  0.06
13700  39067.4  0.06
13800  39167.4  0.06
13900  48610.9  0.08
14000  49291.6  0.08
14100  35559.2  0.06
14200  40478.3  0.06
14300  40578.3  0.06
14400  40678.4  0.06
14500  41237  0.06
14600  41337.1  0.06
14700  41437.1  0.06
14800  41537.1  0.06
14900  41637.2  0.06
15000  42195.8  0.06
15100  42295.9  0.06
15200  42395.9  0.06
15300  42495.9  0.06
15400  43054.6  0.06
15500  43154.6  0.06
15600  43254.6  0.06
15700  43354.7  0.06
15800  43454.7  0.06
15900  44013.4  0.06
16000  44113.4  0.06
16100  44213.4  0.06
16200  44313.5  0.06
16300  44872.1  0.06
16400  44972.1  0.06
16500  45072.2  0.06
16600  45172.2  0.06
16700  45272.2  0.06
16800  45830.9  0.06
16900  45930.9  0.06
17000  69319.1  0.1
17100  69518.6  0.1
17200  70635.4  0.1
17300  70835  0.1
17400  71034.5  0.1
17500  71234.1  0.1
17600  71433.6  0.1
17700  40440.3  0.06
17800  40540.3  0.06
17900  40640.3  0.06
18000  40740.4  0.06
18100  40840.4  0.06
18200  41399.1  0.06
18300  41499.1  0.06
18400  41599.1  0.06
18500  75063.7  0.1
18600  76183.6  0.1
18700  63514.5  0.08
18800  63614.5  0.08
18900  63714.5  0.08
19000  63814.6  0.08
19100  45569.4  0.06
19200  45669.4  0.06
19300  45769.4  0.06
19400  45869.5  0.06
19500  46428.1  0.06
19600  46528.2  0.06
19700  46628.2  0.06
19800  60707.9  0.08
19900  60890.8  0.08
20000  61573.8  0.08
20100  61756.7  0.08
20200  61939.6  0.08
20300  62163.9  0.08
20400  62346.9  0.08
20500  63029.9  0.08
20600  48349.5  0.06
20700  63258.3  0.08
20800  52783  0.06
20900  53341.6  0.06
21000  53441.7  0.06
21100  43574.6  0.06
21200  43674.6  0.06
21300  43774.6  0.06
21400  44333.3  0.06
21500  44433.3  0.06
21600  44533.3  0.06
21700  44633.4  0.06
21800  45192  0.06
21900  45292.1  0.06
22000  45392.1  0.06
22100  45492.1  0.06
22200  45592.2  0.06
22300  46150.8  0.06
22400  46250.8  0.06
22500  46350.9  0.06
22600  46450.9  0.06
22700  46550.9  0.06
22800  47109.6  0.06
22900  47209.6  0.06
23000  47309.7  0.06
23100  92137.9  0.08
23200  67588.4  0.06
23300  67688.4  0.06
23400  67788.5  0.06
23500  67888.5  0.06
23600  67988.5  0.06
23700  68547.2  0.06
23800  68647.2  0.06
23900  68747.2  0.06
24000  68847.3  0.06
24100  69405.9  0.06
24200  69506  0.06
24300  73966.9  0.08
24400  74175.2  0.08
24500  50029.6  0.06
24600  50588.3  0.06
24700  67318.6  0.06
24800  67418.6  0.06
24900  67518.7  0.06
25000  68077.3  0.06
25100  68177.4  0.06
25200  52173.8  0.06
25300  52273.8  0.06
25400  52373.8  0.06
25500  52932.5  0.06
25600  102417  0.08
25700  102797  0.08
25800  77303  0.06
25900  77403  0.06
26000  78242.3  0.06
26100  78342.3  0.06
26200  78442.4  0.06
26300  78823.1  0.06
26400  79381.7  0.06
26500  79481.8  0.06
26600  79862.4  0.06
26700  79962.5  0.06
26800  80062.5  0.06
26900  80901.8  0.06
27000  81001.8  0.06
27100  54159  0.04
27200  54259  0.04
27300  54817.7  0.04
27400  54917.7  0.04
27500  55017.8  0.04
27600  55106.4  0.04
27700  55106.4  0.04
27800  55565  0.04
27900  55565  0.04
28000  55565  0.04
28100  55565  0.04
28200  55565  0.04
28300  56023.6  0.04
28400  56023.6  0.04
28500  56023.6  0.04
28600  56023.6  0.04
28700  56482.2  0.04
28800  56482.2  0.04
28900  56482.2  0.04
29000  56482.2  0.04
29100  56482.2  0.04
29200  56940.9  0.04
29300  56940.9  0.04
29400  56940.9  0.04
29500  56940.9  0.04
29600  57399.5  0.04
29700  57399.5  0.04
29800  57399.5  0.04
29900  57399.5  0.04
30000  57399.5  0.04
30100  57858.1  0.04
30200  57858.1  0.04
30300  57858.1  0.04
30400  57858.1  0.04
30500  58316.8  0.04
30600  58316.8  0.04
30700  58316.8  0.04
30800  58316.8  0.04
30900  58316.8  0.04
31000  58775.4  0.04
31100  58775.4  0.04
31200  58775.4  0.04
31300  58775.4  0.04
31400  58775.4  0.04
31500  59234  0.04
31600  59234  0.04
31700  59234  0.04
31800  59234  0.04
31900  59692.7  0.04
32000  59692.7  0.04
32100  59692.7  0.04
32200  59692.7  0.04
32300  59692.7  0.04
32400  60151.3  0.04
32500  60151.3  0.04
32600  60151.3  0.04
32700  60151.3  0.04
32800  60609.9  0.04
32900  60609.9  0.04
33000  60609.9  0.04
33100  60609.9  0.04
33200  60609.9  0.04
33300  61068.5  0.04
33400  61068.5  0.04
33500  61068.5  0.04
33600  61068.5  0.04
33700  61068.5  0.04
33800  61527.2  0.04
33900  61527.2  0.04
34000  61527.2  0.04
34100  61527.2  0.04
34200  61985.8  0.04
34300  61985.8  0.04
34400  61985.8  0.04
34500  61985.8  0.04
34600  61985.8  0.04
34700  62444.4  0.04
34800  62444.4  0.04
34900  62444.4  0.04
35000  62444.4  0.04
35100  62903.1  0.04
35200  62903.1  0.04
35300  62903.1  0.04
35400  62903.1  0.04
35500  62903.1  0.04
35600  63361.7  0.04
35700  63361.7  0.04
35800  63361.7  0.04
35900  63361.7  0.04
36000  63361.7  0.04
36100  63820.3  0.04
36200  63820.3  0.04
36300  63820.3  0.04
36400  63820.3  0.04
36500  64279  0.04
36600  64279  0.04
36700  64279  0.04
36800  64279  0.04
36900  64279  0.04
37000  64737.6  0.04
37100  64737.6  0.04
37200  64737.6  0.04
37300  64737.6  0.04
37400  65196.2  0.04
37500  65196.2  0.04
37600  65196.2  0.04
37700  65196.2  0.04
37800  65196.2  0.04
37900  65654.8  0.04
38000  65654.8  0.04
38100  65654.8  0.04
38200  65654.8  0.04
38300  66113.5  0.04
38400  66113.5  0.04
38500  66113.5  0.04
38600  66113.5  0.04
38700  66113.5  0.04
38800  66572.1  0.04
38900  66572.1  0.04
39000  66572.1  0.04
39100  66572.1  0.04
39200  66572.1  0.04
39300  67030.7  0.04
39400  67030.7  0.04
39500  67030.7  0.04
39600  67030.7  0.04
39700  67489.4  0.04
39800  67489.4  0.04
39900  67489.4  0.04
40000  67489.4  0.04
40100  67489.4  0.04
40200  67948  0.04
40300  67948  0.04
40400  67948  0.04
40500  67948  0.04
40600  68406.6  0.04
40700  68406.6  0.04
40800  68406.6  0.04
40900  68406.6  0.04
41000  68406.6  0.04
41100  68865.3  0.04
41200  68865.3  0.04
41300  68865.3  0.04
41400  68865.3  0.04
41500  68865.3  0.04
41600  69323.9  0.04
41700  69323.9  0.04
41800  69323.9  0.04
41900  69323.9  0.04
42000  69782.5  0.04
42100  69782.5  0.04
42200  69782.5  0.04
42300  69782.5  0.04
42400  69782.5  0.04
42500  70241.2  0.04
42600  70241.2  0.04
42700  70241.2  0.04
42800  70241.2  0.04
42900  70699.8  0.04
43000  70699.8  0.04
43100  70699.8  0.04
43200  70699.8  0.04
43300  70699.8  0.04
43400  71158.4  0.04
43500  71158.4  0.04
43600  71158.4  0.04
43700  71158.4  0.04
43800  71617  0.04
43900  71617  0.04
44000  71617  0.04
44100  71617  0.04
44200  71617  0.04
44300  72075.7  0.04
44400  72075.7  0.04
44500  72075.7  0.04
44600  72075.7  0.04
44700  72075.7  0.04
44800  72534.3  0.04
44900  72534.3  0.04
45000  72534.3  0.04
45100  72534.3  0.04
45200  72992.9  0.04
45300  72992.9  0.04
45400  72992.9  0.04
45500  72992.9  0.04
45600  72992.9  0.04
45700  73451.6  0.04
45800  73451.6  0.04
45900  73451.6  0.04
46000  73451.6  0.04
46100  73910.2  0.04
46200  73910.2  0.04
46300  73910.2  0.04
46400  73910.2  0.04
46500  73910.2  0.04
46600  74368.8  0.04
46700  74368.8  0.04
46800  74368.8  0.04
46900  74368.8  0.04
47000  74368.8  0.04
47100  74827.5  0.04
47200  74827.5  0.04
47300  74827.5  0.04
47400  74827.5  0.04
47500  75286.1  0.04
47600  75286.1  0.04
47700  75286.1  0.04
47800  75286.1  0.04
47900  75286.1  0.04
48000  75744.7  0.04
48100  75744.7  0.04
48200  75744.7  0.04
48300  75744.7  0.04
48400  76203.3  0.04
48500  76203.3  0.04
48600  76203.3  0.04
48700  76203.3  0.04
48800  76203.3  0.04
48900  76662  0.04
49000  76662  0.04
49100  76662  0.04
49200  76662  0.04
49300  76662  0.04
49400  77120.6  0.04
49500  77120.6  0.04
49600  77120.6  0.04
49700  77120.6  0.04
49800  77579.2  0.04
49900  77579.2  0.04
50000  77579.2  0.04
50100  77579.2  0.04
50200  77579.2  0.04
50300  78037.9  0.04
50400  78037.9  0.04
50500  78037.9  0.04
50600  78037.9  0.04
50700  78496.5  0.04
50800  78496.5  0.04
50900  78496.5  0.04
51000  78496.5  0.04
51100  78496.5  0.04
51200  78955.1  0.04
51300  78955.1  0.04
51400  78955.1  0.04
51500  78955.1  0.04
51600  79413.8  0.04
51700  79413.8  0.04
51800  79413.8  0.04
51900  79413.8  0.04
52000  79413.8  0.04
52100  79872.4  0.04
52200  79872.4  0.04
52300  79872.4  0.04
52400  79872.4  0.04
52500  79872.4  0.04
52600  80331  0.04
52700  80331  0.04
52800  80331  0.04
52900  80331  0.04
53000  80789.6  0.04
53100  80789.6  0.04
53200  80789.6  0.04
53300  80789.6  0.04
53400  80789.6  0.04
53500  81248.3  0.04
53600  81248.3  0.04
53700  81248.3  0.04
53800  81248.3  0.04
53900  81706.9  0.04
54000  81706.9  0.04
54100  81706.9  0.04
54200  81706.9  0.04
54300  81706.9  0.04
54400  82165.5  0.04
54500  82165.5  0.04
54600  82165.5  0.04
54700  82165.5  0.04
54800  82165.5  0.04
54900  82624.2  0.04
55000  82624.2  0.04
55100  82624.2  0.04
55200  82624.2  0.04
55300  83082.8  0.04
55400  83082.8  0.04
55500  83082.8  0.04
55600  83082.8  0.04
55700  83082.8  0.04
55800  83541.4  0.04
55900  83541.4  0.04
56000  83541.4  0.04
56100  83541.4  0.04
56200  84000.1  0.04
56300  84000.1  0.04
56400  84000.1  0.04
56500  84000.1  0.04
56600  84000.1  0.04
56700  84458.7  0.04
56800  84458.7  0.04
56900  84458.7  0.04
57000  84458.7  0.04
57100  84917.3  0.04
57200  84917.3  0.04
57300  84917.3  0.04
57400  84917.3  0.04
57500  84917.3  0.04
57600  85376  0.04
57700  85376  0.04
57800  85376  0.04
57900  85376  0.04
58000  85376  0.04
58100  85834.6  0.04
58200  85834.6  0.04
58300  85834.6  0.04
58400  85834.6  0.04
58500  86293.2  0.04
58600  86293.2  0.04
58700  86293.2  0.04
58800  86293.2  0.04
58900  86293.2  0.04
59000  86751.8  0.04
59100  86751.8  0.04
59200  86751.8  0.04
59300  86751.8  0.04
59400  87210.5  0.04
59500  87210.5  0.04
59600  87210.5  0.04
59700  87210.5  0.04
59800  87210.5  0.04
59900  87669.1  0.04
