100  4255.89  0.96
200  8099.28  0.88
300  11968.8  0.74
400  14584.3  0.7
500  17050.2  0.68
600  20041  0.68
700  20317.3  0.6
800  21796.5  0.54
900  23822.7  0.52
1000  25115.9  0.5
1100  20578.6  0.38
1200  19950  0.34
1300  22777.7  0.36
1400  25837.1  0.38
1500  22148.9  0.3
1600  21634.2  0.28
1700  19402.8  0.24
1800  18001  0.2
1900  24740  0.26
2000  26287.6  0.26
2100  27551.6  0.26
2200  28556.1  0.26
2300  29538.8  0.26
2400  31322.2  0.26
2500  32033.6  0.26
2600  34066.1  0.26
2700  34961.9  0.26
2800  35851.2  0.26
2900  34422.3  0.24
3000  32208.5  0.22
3100  33464  0.22
3200  24760.8  0.16
3300  18921.2  0.12
3400  29640.3  0.18
3500  41090.3  0.24
3600  45864.3  0.26
3700  46892  0.26
3800  44331.7  0.24
3900  45252.4  0.24
4000  42793.2  0.22
4100  43640.2  0.22
4200  32001.8  0.16
4300  32583.9  0.16
4400  33169.1  0.16
4500  38598.9  0.18
4600  39204.5  0.18
4700  26112.9  0.12
4800  32924.5  0.14
4900  33434  0.14
5000  34451.8  0.14
5100  34966.1  0.14
5200  29571.7  0.12
5300  30056  0.12
5400  40396.6  0.16
5500  29912.8  0.12
5600  30581.5  0.12
5700  31122.3  0.12
5800  33223.1  0.12
5900  27833.4  0.1
6000  28240.9  0.1
6100  28639.5  0.1
6200  23712.9  0.08
6300  22167.6  0.08
6400  22468.4  0.08
6500  22764.2  0.08
6600  28523.2  0.1
6700  28914.1  0.1
6800  29316.8  0.1
6900  29723.3  0.1
7000  32222.9  0.1
7100  32622.3  0.1
7200  33030.5  0.1
7300  18189.9  0.06
7400  23182.2  0.08
7500  30811.5  0.1
7600  31125.8  0.1
7700  24002  0.08
7800  24300.7  0.08
7900  31556.8  0.08
8000  32093  0.08
8100  32391.6  0.08
8200  32682.5  0.08
8300  33250.8  0.08
8400  25203  0.06
8500  25482.7  0.06
8600  25678.1  0.06
8700  25887  0.06
8800  26073.5  0.06
8900  26268.8  0.06
9000  26477.8  0.06
9100  26664.3  0.06
9200  26859.6  0.06
9300  27046.2  0.06
9400  27255.1  0.06
9500  27450.4  0.06
9600  28382.6  0.06
9700  28573.2  0.06
9800  28796  0.06
9900  28986.6  0.06
10000  29177.2  0.06
10100  29400  0.06
10200  29590.5  0.06
10300  29781.1  0.06
10400  19198.7  0.04
10500  19295.7  0.04
10600  19392.7  0.04
10700  19498.5  0.04
10800  19595.4  0.04
10900  19692.4  0.04
11000  22908.5  0.06
11100  44346.8  0.08
11200  33677.9  0.06
11300  33883.7  0.06
11400  34080.7  0.06
11500  34531.7  0.06
11600  34728.6  0.06
11700  35170.8  0.06
11800  35376.6  0.06
11900  23801.3  0.04
12000  23998.2  0.04
12100  24179.3  0.04
12200  24276.3  0.04
12300  24373.3  0.04
12400  24479.1  0.04
12500  24576  0.04
12600  24673  0.04
12700  24778.8  0.04
12800  24875.8  0.04
12900  24972.7  0.04
13000  25078.5  0.04
13100  25175.5  0.04
13200  25272.5  0.04
13300  25378.3  0.04
13400  25475.2  0.04
13500  25572.2  0.04
13600  25678  0.04
13700  25775  0.04
13800  25871.9  0.04
13900  25977.7  0.04
14000  23186.6  0.04
14100  23283.6  0.04
14200  23389.4  0.04
14300  23486.3  0.04
14400  23583.3  0.04
14500  23689.1  0.04
14600  23786.1  0.04
14700  23891.8  0.04
14800  23988.8  0.04
14900  24085.8  0.04
15000  24191.6  0.04
15100  24288.5  0.04
15200  24385.5  0.04
15300  24491.3  0.04
15400  24588.3  0.04
15500  24685.2  0.04
15600  24791  0.04
15700  24888  0.04
15800  24985  0.04
15900  25090.8  0.04
16000  25187.7  0.04
16100  25284.7  0.04
16200  25390.5  0.04
16300  25487.5  0.04
16400  25584.4  0.04
16500  25690.2  0.04
16600  25787.2  0.04
16700  25884.2  0.04
16800  25989.9  0.04
16900  26086.9  0.04
17000  26183.9  0.04
17100  26289.7  0.04
17200  26386.6  0.04
17300  26483.6  0.04
17400  26589.4  0.04
17500  26686.4  0.04
17600  26783.3  0.04
17700  26889.1  0.04
17800  26986.1  0.04
17900  27091.9  0.04
18000  27188.9  0.04
18100  27285.8  0.04
18200  27391.6  0.04
18300  27488.6  0.04
18400  27585.6  0.04
18500  27691.3  0.04
18600  27788.3  0.04
18700  26412.8  0.04
18800  26518.6  0.04
18900  26615.6  0.04
19000  26712.5  0.04
19100  26818.3  0.04
19200  26915.3  0.04
19300  27012.3  0.04
19400  27118  0.04
19500  27215  0.04
19600  27312  0.04
19700  27417.8  0.04
19800  27514.7  0.04
19900  27611.7  0.04
20000  27717.5  0.04
20100  27814.5  0.04
20200  27911.4  0.04
20300  28017.2  0.04
20400  28114.2  0.04
20500  28211.2  0.04
20600  28317  0.04
20700  28413.9  0.04
20800  28510.9  0.04
20900  28616.7  0.04
21000  28713.7  0.04
21100  28819.4  0.04
21200  28916.4  0.04
21300  29013.4  0.04
21400  29119.2  0.04
21500  29216.1  0.04
21600  29313.1  0.04
21700  29418.9  0.04
21800  29515.9  0.04
21900  29612.8  0.04
22000  29718.6  0.04
22100  29815.6  0.04
22200  29912.6  0.04
22300  30018.4  0.04
22400  30115.3  0.04
22500  30212.3  0.04
22600  30318.1  0.04
22700  30415.1  0.04
22800  30512  0.04
22900  30617.8  0.04
23000  30714.8  0.04
23100  30811.8  0.04
23200  30917.5  0.04
23300  31014.5  0.04
23400  31111.5  0.04
23500  31217.3  0.04
23600  30859.3  0.04
23700  30956.3  0.04
23800  31062.1  0.04
23900  31159  0.04
24000  31256  0.04
24100  31361.8  0.04
24200  31458.8  0.04
24300  31555.7  0.04
24400  31661.5  0.04
24500  31758.5  0.04
24600  31864.3  0.04
24700  31961.2  0.04
24800  32058.2  0.04
24900  32164  0.04
25000  32261  0.04
25100  32357.9  0.04
25200  32463.7  0.04
25300  32560.7  0.04
25400  32657.7  0.04
25500  32763.4  0.04
25600  32860.4  0.04
25700  32957.4  0.04
25800  33063.2  0.04
25900  33160.1  0.04
26000  33257.1  0.04
26100  33362.9  0.04
26200  33459.9  0.04
26300  33556.8  0.04
26400  34279.3  0.04
26500  34376.2  0.04
26600  34473.2  0.04
26700  34579  0.04
26800  34676  0.04
26900  34772.9  0.04
27000  34878.7  0.04
27100  34975.7  0.04
27200  35072.7  0.04
27300  35178.5  0.04
27400  35275.4  0.04
27500  49623.5  0.04
27600  49729.3  0.04
27700  49826.3  0.04
27800  49932.1  0.04
27900  50029  0.04
28000  50126  0.04
28100  50231.8  0.04
28200  50328.8  0.04
28300  103157  0.08
28400  103353  0.08
28500  103556  0.08
28600  104267  0.08
28700  104478  0.08
28800  104681  0.08
28900  104869  0.08
29000  105080  0.08
29100  105806  0.08
29200  105993  0.08
29300  106205  0.08
29400  106392  0.08
29500  106595  0.08
29600  107330  0.08
29700  107517  0.08
29800  107720  0.08
29900  107932  0.08
30000  108119  0.08
30100  108845  0.08
30200  109041  0.08
30300  109244  0.08
30400  109447  0.08
30500  109643  0.08
30600  110369  0.08
30700  110556  0.08
30800  110768  0.08
30900  110971  0.08
31000  111167  0.08
31100  111370  0.08
31200  112095  0.08
31300  112292  0.08
31400  112495  0.08
31500  112682  0.08
31600  112894  0.08
31700  113619  0.08
31800  113807  0.08
31900  114018  0.08
32000  114221  0.08
32100  114409  0.08
32200  115143  0.08
32300  115331  0.08
32400  115534  0.08
32500  115745  0.08
32600  115933  0.08
32700  116658  0.08
32800  116870  0.08
32900  117058  0.08
33000  117260  0.08
33100  117457  0.08
33200  89626.7  0.06
33300  90246.6  0.06
33400  90352.4  0.06
33500  90449.4  0.06
33600  90546.4  0.06
33700  90652.2  0.06
33800  91272.1  0.06
33900  91369.1  0.06
34000  91474.9  0.06
34100  91571.9  0.06
34200  91677.6  0.06
34300  92297.6  0.06
34400  92394.6  0.06
34500  92500.4  0.06
34600  92597.4  0.06
34700  92694.3  0.06
34800  93323.1  0.06
34900  93420.1  0.06
35000  93517.1  0.06
35100  93622.8  0.06
35200  93719.8  0.06
35300  93816.8  0.06
35400  94409.4  0.06
35500  94462.2  0.06
35600  94515  0.06
35700  94572.6  0.06
35800  94625.4  0.06
35900  95197.2  0.06
36000  96882.5  0.06
36100  96979.5  0.06
36200  97076.5  0.06
36300  97182.3  0.06
36400  97802.2  0.06
36500  97899.2  0.06
36600  98005  0.06
36700  98102  0.06
36800  98198.9  0.06
36900  98827.7  0.06
37000  98924.7  0.06
37100  99021.7  0.06
37200  99101.1  0.06
37300  99149.6  0.06
37400  99721.2  0.06
37500  99769.8  0.06
37600  99818.4  0.06
37700  99871.4  0.06
37800  131567  0.08
37900  131777  0.08
38000  132481  0.08
38100  132691  0.08
38200  132901  0.08
38300  133083  0.08
38400  133293  0.08
38500  134026  0.08
38600  134207  0.08
38700  134417  0.08
38800  134627  0.08
38900  134808  0.08
39000  135541  0.08
39100  135751  0.08
39200  135932  0.08
39300  136142  0.08
39400  136315  0.08
39500  137056  0.08
39600  130192  0.08
39700  130289  0.08
39800  130395  0.08
39900  130492  0.08
40000  130589  0.08
40100  131217  0.08
40200  131851  0.08
40300  51267.6  0.04
40400  51373.4  0.04
40500  51470.4  0.04
40600  51576.1  0.04
40700  51673.1  0.04
40800  51770.1  0.04
40900  51875.9  0.04
41000  51972.8  0.04
41100  52069.8  0.04
41200  52175.6  0.04
41300  52272.6  0.04
41400  52369.5  0.04
41500  96998.8  0.06
41600  97095.7  0.06
41700  97192.7  0.06
41800  97865.9  0.06
41900  97962.9  0.06
42000  98059.9  0.06
42100  98165.7  0.06
42200  98262.6  0.06
42300  98927  0.06
42400  99032.8  0.06
42500  99129.8  0.06
42600  99226.8  0.06
42700  99332.6  0.06
42800  99429.5  0.06
42900  56968  0.04
43000  57073.8  0.04
43100  57170.8  0.04
43200  57267.7  0.04
43300  57373.5  0.04
43400  57470.5  0.04
43500  57567.5  0.04
43600  57673.3  0.04
43700  57770.2  0.04
43800  105892  0.06
43900  106137  0.06
44000  106307  0.06
44100  106487  0.06
44200  106731  0.06
44300  106902  0.06
44400  107081  0.06
44500  107326  0.06
44600  107539  0.06
44700  107724  0.06
44800  107901  0.06
44900  108078  0.06
45000  108343  0.06
45100  121519  0.06
45200  121738  0.06
45300  121924  0.06
45400  122143  0.06
45500  122321  0.06
45600  122548  0.06
45700  122726  0.06
45800  77739.8  0.04
45900  77845.6  0.04
46000  77942.6  0.04
46100  64406.8  0.04
46200  64512.6  0.04
46300  64609.6  0.04
46400  64706.6  0.04
46500  64812.4  0.04
46600  64909.3  0.04
46700  65006.3  0.04
46800  65112.1  0.04
46900  65209.1  0.04
47000  65314.8  0.04
47100  65411.8  0.04
47200  65508.8  0.04
47300  65614.6  0.04
47400  65711.5  0.04
47500  65808.5  0.04
47600  65914.3  0.04
47700  66011.3  0.04
47800  66108.2  0.04
47900  66214  0.04
48000  66311  0.04
48100  66408  0.04
48200  66513.8  0.04
48300  66610.7  0.04
48400  66707.7  0.04
48500  66813.5  0.04
48600  66910.5  0.04
48700  67007.4  0.04
48800  67113.2  0.04
48900  67210.2  0.04
49000  67307.2  0.04
49100  67412.9  0.04
49200  67509.9  0.04
49300  67606.9  0.04
49400  67712.7  0.04
49500  67809.6  0.04
49600  67906.6  0.04
49700  68012.4  0.04
49800  68109.4  0.04
49900  68206.3  0.04
50000  68312.1  0.04
50100  68409.1  0.04
50200  68506.1  0.04
50300  68611.9  0.04
50400  68708.8  0.04
50500  68814.6  0.04
50600  68911.6  0.04
50700  69008.6  0.04
50800  69114.3  0.04
50900  69211.3  0.04
51000  69308.3  0.04
51100  69414.1  0.04
51200  69511  0.04
51300  69608  0.04
51400  69713.8  0.04
51500  69810.8  0.04
51600  69907.7  0.04
51700  70013.5  0.04
51800  70110.5  0.04
51900  70207.5  0.04
52000  70313.3  0.04
52100  70410.2  0.04
52200  70507.2  0.04
52300  70613  0.04
52400  70709.9  0.04
52500  70806.9  0.04
52600  70912.7  0.04
52700  71009.7  0.04
52800  71106.6  0.04
52900  71212.4  0.04
53000  71309.4  0.04
53100  71406.4  0.04
53200  71512.2  0.04
53300  71609.1  0.04
53400  71706.1  0.04
53500  71811.9  0.04
53600  71908.9  0.04
53700  72014.6  0.04
53800  72111.6  0.04
53900  72208.6  0.04
54000  72314.4  0.04
54100  72411.3  0.04
54200  72508.3  0.04
54300  72614.1  0.04
54400  72711.1  0.04
54500  72808  0.04
54600  72913.8  0.04
54700  73010.8  0.04
54800  73107.8  0.04
54900  86235.7  0.04
55000  86332.7  0.04
55100  86429.7  0.04
55200  86535.5  0.04
55300  86632.4  0.04
55400  86729.4  0.04
55500  86835.2  0.04
55600  86932.2  0.04
55700  87029.1  0.04
55800  87134.9  0.04
55900  87231.9  0.04
56000  87328.9  0.04
56100  87434.6  0.04
56200  87531.6  0.04
56300  87628.6  0.04
56400  87734.4  0.04
56500  87831.3  0.04
56600  87928.3  0.04
56700  88034.1  0.04
56800  88131.1  0.04
56900  88236.9  0.04
57000  60591.9  0.04
57100  60688.9  0.04
57200  60794.7  0.04
57300  60891.6  0.04
57400  60988.6  0.04
57500  61094.4  0.04
57600  61191.4  0.04
57700  61288.3  0.04
57800  61394.1  0.04
57900  61491.1  0.04
58000  61588.1  0.04
58100  61693.8  0.04
58200  61790.8  0.04
58300  61887.8  0.04
58400  61993.6  0.04
58500  62090.5  0.04
58600  62187.5  0.04
58700  62293.3  0.04
58800  62390.3  0.04
58900  62487.2  0.04
59000  62593  0.04
59100  62690  0.04
59200  230089  0.08
59300  229918  0.08
59400  229669  0.08
59500  229489  0.08
59600  229719  0.08
59700  229539  0.08
59800  229359  0.08
59900  121911  0.06
