100  4563.26  0.96
200  8718.47  0.84
300  11300.5  0.74
400  12684.9  0.64
500  13634.8  0.54
600  15992.8  0.54
700  13647.7  0.4
800  14672  0.38
900  14829  0.34
1000  17239.5  0.36
1100  17862.4  0.34
1200  18511.4  0.32
1300  22447  0.36
1400  18406.1  0.28
1500  17654.6  0.24
1600  17097.1  0.22
1700  22471.4  0.28
1800  23743.3  0.28
1900  19404.6  0.22
2000  26365.8  0.28
2100  25569.6  0.26
2200  15766.5  0.16
2300  20934.1  0.2
2400  21664.3  0.18
2500  20016.8  0.16
2600  18139.3  0.14
2700  24804.4  0.2
2800  20011.5  0.16
2900  17776.4  0.14
3000  20525.7  0.14
3100  21145.9  0.14
3200  18539.7  0.12
3300  19080.5  0.12
3400  19587.3  0.12
3500  31950.4  0.2
3600  21993.8  0.14
3700  17350.3  0.1
3800  29178.2  0.16
3900  25986.4  0.14
4000  18536.2  0.1
4100  18946.1  0.1
4200  19292.1  0.1
4300  34726.6  0.18
4400  31274.5  0.16
4500  31838.7  0.16
4600  28007.6  0.14
4700  28532.6  0.14
4800  23270.5  0.1
4900  23763.4  0.1
5000  22550.5  0.1
5100  22961.1  0.1
5200  23306.1  0.1
5300  29051.1  0.12
5400  24138.9  0.1
5500  24560.1  0.1
5600  19367.2  0.08
5700  19614.1  0.08
5800  34745.1  0.12
5900  23606.7  0.08
6000  24007.5  0.08
6100  24254.4  0.08
6200  24564.5  0.08
6300  24874.5  0.08
6400  25204.1  0.08
6500  21007.2  0.08
6600  30354.7  0.1
6700  30664.7  0.1
6800  31130.2  0.1
6900  38566.4  0.12
7000  31986  0.1
7100  25383.9  0.08
7200  29190.8  0.1
7300  22218.2  0.08
7400  22611.7  0.08
7500  22921  0.08
7600  23167.9  0.08
7700  23094  0.06
7800  23295.3  0.06
7900  23588.7  0.06
8000  23798.7  0.06
8100  23945.4  0.06
8200  24153.7  0.06
8300  24299.6  0.06
8400  24591.4  0.06
8500  24737.3  0.06
8600  24945.6  0.06
8700  25153.9  0.06
8800  25299.8  0.06
8900  25591.6  0.06
9000  25737.5  0.06
9100  25945.8  0.06
9200  26154.1  0.06
9300  26300  0.06
9400  26591.8  0.06
9500  26737.7  0.06
9600  26946  0.06
9700  27091.9  0.06
9800  45873  0.1
9900  46393.4  0.1
10000  43917.6  0.1
10100  56358.6  0.12
10200  56792.5  0.12
10300  57394.8  0.12
10400  57814.7  0.12
10500  58248  0.12
10600  58847.8  0.12
10700  59279.8  0.12
10800  63631.3  0.12
10900  64148.8  0.12
11000  64485.1  0.12
11100  65312.1  0.12
11200  65522  0.12
11300  65858.3  0.12
11400  66642.3  0.12
11500  66978.7  0.12
11600  67805.6  0.12
11700  68015.6  0.12
11800  68575.9  0.12
11900  69135.9  0.12
12000  41880.3  0.08
12100  42090.2  0.08
12200  42426.6  0.08
12300  46487  0.08
12400  46780.4  0.08
12500  47116.8  0.08
12600  47326.7  0.08
12700  47663  0.08
12800  47873  0.08
12900  48209.3  0.08
13000  48629.2  0.08
13100  48839.1  0.08
13200  49175.5  0.08
13300  49385.4  0.08
13400  49721.7  0.08
13500  50141.6  0.08
13600  50351.5  0.08
13700  50687.9  0.08
13800  50897.8  0.08
13900  51234.2  0.08
14000  51527.6  0.08
14100  51864  0.08
14200  52200.3  0.08
14300  52410.2  0.08
14400  52746.6  0.08
14500  53040  0.08
14600  53376.4  0.08
14700  53712.7  0.08
14800  53922.7  0.08
14900  54259  0.08
15000  54552.5  0.08
15100  54888.8  0.08
15200  55098.7  0.08
15300  55435.1  0.08
15400  55771.5  0.08
15500  56064.9  0.08
15600  56401.2  0.08
15700  56611.2  0.08
15800  56947.5  0.08
15900  57283.9  0.08
16000  57577.3  0.08
16100  57913.7  0.08
16200  58123.6  0.08
16300  58459.9  0.08
16400  58669.9  0.08
16500  59089.7  0.08
16600  59426.1  0.08
16700  59636  0.08
16800  59972.4  0.08
16900  60182.3  0.08
17000  60602.2  0.08
17100  60938.5  0.08
17200  61148.4  0.08
17300  61484.8  0.08
17400  61694.7  0.08
17500  62114.6  0.08
17600  62324.5  0.08
17700  77505.9  0.1
17800  77946.2  0.1
17900  78253.1  0.1
18000  75990.5  0.1
18100  76297.4  0.1
18200  76737.6  0.1
18300  77044.5  0.1
18400  77477.8  0.1
18500  78001.6  0.1
18600  78308.5  0.1
18700  78748.8  0.1
18800  79055.6  0.1
18900  79495.9  0.1
19000  80012.7  0.1
19100  80326.6  0.1
19200  80759.9  0.1
19300  81066.8  0.1
19400  81507  0.1
19500  81897.4  0.1
19600  82337.7  0.1
19700  82771  0.1
19800  83084.8  0.1
19900  83518.2  0.1
20000  83908.6  0.1
20100  92932.4  0.1
20200  93365.7  0.1
20300  66634.4  0.08
20400  67110.2  0.08
20500  67340.4  0.08
20600  67550.4  0.08
20700  67963  0.08
20800  68173  0.08
20900  68382.9  0.08
21000  68879  0.08
21100  69089  0.08
21200  69501.6  0.08
21300  69711.6  0.08
21400  69921.5  0.08
21500  70334.1  0.08
21600  70627.6  0.08
21700  70774.3  0.08
21800  71250.2  0.08
21900  71396.9  0.08
22000  71872.7  0.08
22100  72166.2  0.08
22200  72312.9  0.08
22300  72788.7  0.08
22400  72935.5  0.08
22500  73145.4  0.08
22600  73704.8  0.08
22700  73851.5  0.08
22800  74327.3  0.08
22900  74474.1  0.08
23000  74684  0.08
23100  75180.1  0.08
23200  75390.1  0.08
23300  52457.2  0.06
23400  52604  0.06
23500  52813.9  0.06
23600  53044.1  0.06
23700  56978.1  0.06
23800  57124.8  0.06
23900  57334.7  0.06
24000  57544.6  0.06
24100  57774.8  0.06
24200  57984.8  0.06
24300  58131.5  0.06
24400  58341.4  0.06
24500  58551.3  0.06
24600  58781.5  0.06
24700  58991.5  0.06
24800  59138.2  0.06
24900  59348.1  0.06
25000  59494.8  0.06
25100  59788.3  0.06
25200  59998.2  0.06
25300  60144.9  0.06
25400  60354.8  0.06
25500  60501.5  0.06
25600  60795  0.06
25700  61004.9  0.06
25800  61151.6  0.06
25900  61361.5  0.06
26000  61508.2  0.06
26100  61801.7  0.06
26200  61948.4  0.06
26300  62158.3  0.06
26400  62368.2  0.06
26500  62515  0.06
26600  62808.4  0.06
26700  62955.1  0.06
26800  63165  0.06
26900  63374.9  0.06
27000  63521.7  0.06
27100  63815.1  0.06
27200  63961.8  0.06
27300  64171.7  0.06
27400  64318.4  0.06
27500  64528.4  0.06
27600  64821.8  0.06
27700  64968.5  0.06
27800  65178.4  0.06
27900  65325.2  0.06
28000  65535.1  0.06
28100  65828.5  0.06
28200  65975.2  0.06
28300  66185.1  0.06
28400  66331.9  0.06
28500  66541.8  0.06
28600  66772  0.06
28700  66981.9  0.06
28800  67191.9  0.06
28900  67338.6  0.06
29000  67548.5  0.06
29100  67778.7  0.06
29200  67988.6  0.06
29300  68135.3  0.06
29400  68345.3  0.06
29500  68555.2  0.06
29600  68701.9  0.06
29700  68995.3  0.06
29800  102139  0.08
29900  102453  0.08
30000  102760  0.08
30100  103010  0.08
30200  103401  0.08
30300  103651  0.08
30400  103958  0.08
30500  104202  0.08
30600  104516  0.08
30700  104906  0.08
30800  105157  0.08
30900  105464  0.08
31000  105714  0.08
31100  106021  0.08
31200  106412  0.08
31300  106662  0.08
31400  106969  0.08
31500  107220  0.08
31600  107527  0.08
31700  107861  0.08
31800  108168  0.08
31900  108474  0.08
32000  108725  0.08
32100  109032  0.08
32200  109366  0.08
32300  109673  0.08
32400  109987  0.08
32500  110230  0.08
32600  110544  0.08
32700  110871  0.08
32800  111178  0.08
32900  111429  0.08
33000  111736  0.08
33100  112050  0.08
33200  112377  0.08
33300  112691  0.08
33400  112934  0.08
33500  113241  0.08
33600  113555  0.08
33700  113882  0.08
33800  114196  0.08
33900  114440  0.08
34000  114754  0.08
34100  114997  0.08
34200  115395  0.08
34300  115702  0.08
34400  115945  0.08
34500  116259  0.08
34600  116503  0.08
34700  116900  0.08
34800  117207  0.08
34900  117458  0.08
35000  111142  0.08
35100  111386  0.08
35200  111783  0.08
35300  64843.5  0.04
35400  64927  0.04
35500  65010.5  0.04
35600  65094  0.04
35700  65261  0.04
35800  65344.5  0.04
35900  65428  0.04
36000  65511.5  0.04
36100  65595  0.04
36200  65762  0.04
36300  65845.5  0.04
36400  65929  0.04
36500  66012.5  0.04
36600  66096  0.04
36700  66263  0.04
36800  66346.5  0.04
36900  66430  0.04
37000  66513.5  0.04
37100  66597  0.04
37200  66764  0.04
37300  66847.5  0.04
37400  66931  0.04
37500  67014.5  0.04
37600  67098  0.04
37700  67265  0.04
37800  67348.5  0.04
37900  67432  0.04
38000  67515.5  0.04
38100  67599  0.04
38200  67682.5  0.04
38300  67849.5  0.04
38400  67933  0.04
38500  68016.5  0.04
38600  68100  0.04
38700  68183.5  0.04
38800  68350.5  0.04
38900  68434  0.04
39000  68517.5  0.04
39100  68601  0.04
39200  68684.5  0.04
39300  68851.4  0.04
39400  68934.9  0.04
39500  69018.4  0.04
39600  69101.9  0.04
39700  69185.4  0.04
39800  69352.4  0.04
39900  69435.9  0.04
40000  69519.4  0.04
40100  69602.9  0.04
40200  69686.4  0.04
40300  69853.4  0.04
40400  69936.9  0.04
40500  70020.4  0.04
40600  70103.9  0.04
40700  70187.4  0.04
40800  70354.4  0.04
40900  70437.9  0.04
41000  70521.4  0.04
41100  70604.9  0.04
41200  70688.4  0.04
41300  70855.4  0.04
41400  70938.9  0.04
41500  71022.4  0.04
41600  71105.9  0.04
41700  71189.4  0.04
41800  71356.4  0.04
41900  71439.9  0.04
42000  71523.4  0.04
42100  71606.9  0.04
42200  71690.4  0.04
42300  71857.4  0.04
42400  71940.9  0.04
42500  72024.4  0.04
42600  72107.9  0.04
42700  72191.4  0.04
42800  72358.4  0.04
42900  72441.9  0.04
43000  72525.4  0.04
43100  72608.9  0.04
43200  72692.4  0.04
43300  72859.4  0.04
43400  72942.9  0.04
43500  73026.4  0.04
43600  73109.9  0.04
43700  73193.4  0.04
43800  73360.4  0.04
43900  73443.9  0.04
44000  73527.4  0.04
44100  141628  0.08
44200  141977  0.08
44300  142367  0.08
44400  142716  0.08
44500  143022  0.08
44600  143106  0.08
44700  143678  0.08
44800  143845  0.08
44900  143928  0.08
45000  144500  0.08
45100  144584  0.08
45200  145156  0.08
45300  145323  0.08
45400  145629  0.08
45500  145978  0.08
45600  146285  0.08
45700  146368  0.08
45800  146801  0.08
45900  147107  0.08
46000  147456  0.08
46100  147763  0.08
46200  147846  0.08
46300  148502  0.08
46400  148585  0.08
46500  148892  0.08
46600  149241  0.08
46700  149324  0.08
46800  149896  0.08
46900  150063  0.08
47000  150370  0.08
47100  150719  0.08
47200  151025  0.08
47300  151108  0.08
47400  151764  0.08
47500  151847  0.08
47600  152196  0.08
47700  152503  0.08
47800  152586  0.08
47900  153242  0.08
48000  153325  0.08
48100  153632  0.08
48200  153981  0.08
48300  154287  0.08
48400  154720  0.08
48500  155026  0.08
48600  155110  0.08
48700  155459  0.08
48800  155765  0.08
48900  155932  0.08
49000  156504  0.08
49100  156588  0.08
49200  157160  0.08
49300  153873  0.08
49400  154137  0.08
49500  154584  0.08
49600  150265  0.08
49700  150445  0.08
49800  150899  0.08
49900  151163  0.08
50000  204300  0.1
50100  204480  0.1
50200  204826  0.1
50300  205432  0.1
50400  205696  0.1
50500  206043  0.1
50600  206490  0.1
50700  206836  0.1
50800  207442  0.1
50900  207713  0.1
51000  208052  0.1
51100  208658  0.1
51200  208846  0.1
51300  209185  0.1
51400  209722  0.1
51500  210062  0.1
51600  210675  0.1
51700  210855  0.1
51800  211202  0.1
51900  211891  0.1
52000  212071  0.1
52100  212418  0.1
52200  212865  0.1
52300  213211  0.1
52400  213901  0.1
52500  214088  0.1
52600  161642  0.08
52700  162089  0.08
52800  162277  0.08
52900  211912  0.1
53000  212429  0.1
53100  212736  0.1
53200  213316  0.1
53300  213560  0.1
53400  213957  0.1
53500  218216  0.1
53600  218397  0.1
53700  218584  0.1
53800  219337  0.1
53900  219608  0.1
54000  220055  0.1
54100  220547  0.1
54200  60025.5  0.04
54300  60109  0.04
54400  60276  0.04
54500  60359.5  0.04
54600  60443  0.04
54700  60526.5  0.04
54800  60610  0.04
54900  60693.5  0.04
55000  64584.5  0.04
55100  64668  0.04
55200  64751.5  0.04
55300  64835  0.04
55400  64918.5  0.04
55500  65085.5  0.04
55600  65169  0.04
55700  65252.5  0.04
55800  65336  0.04
55900  65419.5  0.04
56000  65586.5  0.04
56100  65670  0.04
56200  65753.5  0.04
56300  65837  0.04
56400  65920.5  0.04
56500  66087.5  0.04
56600  66171  0.04
56700  66254.5  0.04
56800  66338  0.04
56900  66421.5  0.04
57000  66588.5  0.04
57100  66672  0.04
57200  66755.5  0.04
57300  66839  0.04
57400  66922.5  0.04
57500  67089.5  0.04
57600  67173  0.04
57700  67256.5  0.04
57800  67340  0.04
57900  67423.5  0.04
58000  67590.5  0.04
58100  67674  0.04
58200  67757.5  0.04
58300  67841  0.04
58400  67924.5  0.04
58500  68091.5  0.04
58600  68174.9  0.04
58700  68258.4  0.04
58800  68341.9  0.04
58900  68425.4  0.04
59000  68592.4  0.04
59100  68675.9  0.04
59200  68759.4  0.04
59300  68842.9  0.04
59400  68926.4  0.04
59500  69093.4  0.04
59600  69176.9  0.04
59700  69260.4  0.04
59800  69343.9  0.04
59900  69427.4  0.04
