100  4441.5  0.96
120  5473.32  0.96
140  6290.53  0.96
160  6986.71  0.96
180  7680.31  0.94
200  8271.3  0.9
220  10751.1  0.9
240  11568.3  0.9
260  12141.8  0.9
280  12526  0.86
300  12902.6  0.84
320  13754.6  0.84
340  13940.6  0.8
360  14671.3  0.8
380  14151.1  0.74
400  14036.3  0.7
420  14596.7  0.7
440  15246.6  0.7
460  15525.9  0.68
480  16166.8  0.68
500  16751.2  0.68
520  16831.1  0.66
540  17345.3  0.66
560  18493.8  0.68
580  16292.3  0.58
600  16950.2  0.58
620  19830.6  0.64
640  20466.8  0.62
660  21134.1  0.62
680  19662.4  0.56
700  19450.2  0.54
720  19174.9  0.52
740  18730.4  0.5
760  19174  0.5
780  19643.1  0.5
800  20033  0.5
820  20393.6  0.5
840  20006.3  0.48
860  24765.6  0.58
880  25422.6  0.58
900  25843.9  0.58
920  26417.1  0.58
940  25068.8  0.54
960  24502.2  0.52
980  25022.4  0.52
1000  25511.4  0.52
1020  25492.8  0.5
1040  24291.7  0.46
1060  24587.1  0.46
1080  24012.6  0.44
1100  24504  0.44
1120  24816  0.44
1140  25269.4  0.44
1160  23193.6  0.4
1180  22558.5  0.38
1200  22814.3  0.38
1220  23100.3  0.38
1240  16080.6  0.26
1260  15076  0.24
1280  14048.3  0.22
1300  16710.6  0.26
1320  15620.2  0.24
1340  15770.6  0.24
1360  16096.1  0.24
1380  17646.2  0.26
1400  17861.7  0.26
1420  17071  0.24
1440  16017.2  0.22
1460  14706.8  0.2
1480  14853.2  0.2
1500  21299.3  0.28
1520  21574.8  0.28
1540  20008.7  0.26
1560  18700.2  0.24
1580  18865.9  0.24
1600  19012  0.24
1620  19357  0.24
1640  19499.4  0.24
1660  23049.9  0.28
1680  23262.6  0.28
1700  23396.7  0.28
1720  20245.3  0.24
1740  20414.4  0.24
1760  20734.4  0.24
1780  20907.4  0.24
1800  19295.4  0.22
1820  19448.7  0.22
1840  19601.3  0.22
1860  20176.5  0.22
1880  22320.4  0.24
1900  22591.2  0.24
1920  22688  0.24
1940  23301.7  0.24
1960  23632.5  0.24
1980  23775.9  0.24
2000  23955.1  0.24
2020  24172.2  0.24
2040  24510.7  0.24
2060  24647.1  0.24
2080  17784.1  0.18
2100  17878.3  0.18
2120  18090.3  0.18
2140  23376.6  0.22
2160  23623.8  0.22
2180  21586.9  0.2
2200  21799.9  0.2
2220  22410.3  0.2
2240  22559.2  0.2
2260  33995  0.3
2280  34440.2  0.3
2300  34614.8  0.3
2320  30156.5  0.26
2340  30773.9  0.26
2360  30998.7  0.26
2380  28769.9  0.24
2400  24010.1  0.2
2420  24281.2  0.2
2440  24418  0.2
2460  24511  0.2
2480  24646.8  0.2
2500  22365.4  0.18
2520  22494.5  0.18
2540  22758.1  0.18
2560  22920.7  0.18
2580  20452.8  0.16
2600  20564.8  0.16
2620  20712.2  0.16
2640  20823.3  0.16
2660  21033.6  0.16
2680  21146.4  0.16
2700  21326.4  0.16
2720  21405.8  0.16
2740  21516.8  0.16
2760  21697.6  0.16
2780  21777.8  0.16
2800  22018.4  0.16
2820  22128.7  0.16
2840  22275.9  0.16
2860  25674.4  0.18
2880  24568.2  0.18
2900  23169  0.16
2920  23312.6  0.16
2940  23394.5  0.16
2960  23573.7  0.16
2980  23684.8  0.16
3000  23765.8  0.16
3020  24277.4  0.16
3040  24425.7  0.16
3060  24666.2  0.16
3080  24779  0.16
3100  24927.9  0.16
3120  21933.4  0.14
3140  22046.2  0.14
3160  22125.4  0.14
3180  19120.3  0.12
3200  19200.4  0.12
3220  19279.8  0.12
3240  19428.8  0.12
3260  19508  0.12
3280  19588.9  0.12
3300  19735.5  0.12
3320  16484.5  0.1
3340  29914.3  0.18
3360  29998.8  0.18
3380  30106.8  0.18
3400  30273.2  0.18
3420  30750.5  0.18
3440  30994.5  0.18
3460  31154.2  0.18
3480  31237  0.18
3500  31807.3  0.18
3520  31891.9  0.18
3540  31998.1  0.18
3560  32295.6  0.18
3580  28801.1  0.16
3600  28917.6  0.16
3620  29030.7  0.16
3640  29108.4  0.16
3660  25535.1  0.14
3680  25641.9  0.14
3700  25855.8  0.14
3720  25962  0.14
3740  26046.6  0.14
3760  26153.4  0.14
3780  26269.8  0.14
3800  26345.9  0.14
3820  23115.3  0.12
3840  23198.6  0.12
3860  23331.8  0.12
3880  19523.9  0.1
3900  31472.4  0.16
3920  31588.9  0.16
3940  31697.4  0.16
3960  31908.1  0.16
3980  29213.6  0.16
4000  28112.8  0.14
4020  24150.5  0.12
4040  24219.2  0.12
4060  24260.3  0.12
4080  24458.2  0.12
4100  24528.5  0.12
4120  24567.1  0.12
4140  24638.4  0.12
4160  24708.6  0.12
4180  24748.8  0.12
4200  24990.1  0.12
4220  25054.3  0.12
4240  25169.4  0.12
4260  25292.4  0.12
4280  32671.8  0.16
4300  32761.8  0.16
4320  33295.7  0.16
4340  33513.4  0.16
4360  33605  0.16
4380  33691.8  0.16
4400  33812  0.16
4420  33908.4  0.16
4440  33995.7  0.16
4460  35619.8  0.16
4480  35869.4  0.16
4500  35929.1  0.16
4520  36049.3  0.16
4540  31663.1  0.14
4560  31721.7  0.14
4580  31841.9  0.14
4600  32059.6  0.14
4620  32550.2  0.14
4640  32670.4  0.14
4660  32762.5  0.14
4680  28188.7  0.12
4700  28278.7  0.12
4720  28338.4  0.12
4740  28559.4  0.12
4760  28619.1  0.12
4780  28714.4  0.12
4800  28804.4  0.12
4820  28864.2  0.12
4840  28955.8  0.12
4860  29176.7  0.12
4880  9086.33  0.04
4900  9106.7  0.04
4920  9127.08  0.04
4940  9147.46  0.04
4960  9166.27  0.04
4980  9186.64  0.04
5000  9207.02  0.04
5020  9227.4  0.04
5040  11520.3  0.06
5060  11560.9  0.06
5080  11600.5  0.06
5100  11641  0.06
5120  11680  0.06
5140  11720.6  0.06
5160  11761.1  0.06
5180  11800.7  0.06
5200  11839.7  0.06
5220  11880.3  0.06
5240  11920.8  0.06
5260  11704.6  0.06
5280  26327.6  0.1
5300  26403.4  0.1
5320  26489.5  0.1
5340  26567.8  0.1
5360  26653.9  0.1
5380  21350.3  0.08
5400  21405.2  0.08
5420  21869.3  0.08
5440  21925.2  0.08
5460  21987.3  0.08
5480  22050.9  0.08
5500  22106.8  0.08
5520  22169.4  0.08
5540  13459.1  0.06
5560  13499.6  0.06
5580  13540.2  0.06
5600  13580.7  0.06
5620  39257.7  0.14
5640  39495  0.14
5660  39610.8  0.14
5680  39684.8  0.14
5700  39803.8  0.14
5720  39919.6  0.14
5740  39993.6  0.14
5760  40238.8  0.14
5780  40313.3  0.14
5800  40431.8  0.14
5820  40940.3  0.14
5840  41024.2  0.14
5860  41130.1  0.14
5880  35422.5  0.12
5900  19143  0.08
5920  19203.1  0.08
5940  19263.3  0.08
5960  19321.8  0.08
5980  19382  0.08
6000  19442.1  0.08
6020  19502.2  0.08
6040  19560.8  0.08
6060  19620.9  0.08
6080  19681  0.08
6100  19741.2  0.08
6120  19799.7  0.08
6140  19859.9  0.08
6160  19924  0.08
6180  19981.6  0.08
6200  20040.2  0.08
6220  20100.3  0.08
6240  20160.4  0.08
6260  20220.6  0.08
6280  20279.1  0.08
6300  20339.3  0.08
6320  20399.4  0.08
6340  20459.5  0.08
6360  20519.7  0.08
6380  20578.2  0.08
6400  25153.6  0.08
6420  25174  0.08
6440  25231.2  0.08
6460  25296.8  0.08
6480  25354.1  0.08
6500  25421.2  0.08
6520  25478.5  0.08
6540  25497.3  0.08
6560  25601.3  0.08
6580  25658.5  0.08
6600  25725.7  0.08
6620  25781.4  0.08
6640  25848.5  0.08
6660  25905.8  0.08
6680  25926.1  0.08
6700  26028.6  0.08
6720  19341.5  0.06
6740  19408.6  0.06
6760  19429  0.06
6780  19494.6  0.06
6800  19515  0.06
6820  19535.4  0.06
6840  19602.5  0.06
6860  19622.9  0.06
6880  19688.5  0.06
6900  19708.9  0.06
6920  19729.3  0.06
6940  19796.4  0.06
6960  19815.2  0.06
6980  19882.4  0.06
7000  19902.8  0.06
7020  19969.9  0.06
7040  19988.8  0.06
7060  20009.1  0.06
7080  13088.3  0.04
7100  13108.7  0.04
7120  13127.5  0.04
7140  13147.9  0.04
7160  23860.2  0.08
7180  23925  0.08
7200  23980  0.08
7220  24036.7  0.08
7240  24101.5  0.08
7260  24158.1  0.08
7280  24221.3  0.08
7300  24275.5  0.08
7320  24340.3  0.08
7340  24396.9  0.08
7360  24460.1  0.08
7380  46468.9  0.14
7400  47008.1  0.14
7420  47048.5  0.14
7440  47174.5  0.14
7460  47213.4  0.14
7480  47415.9  0.14
7500  47456.3  0.14
7520  47582.3  0.14
7540  48142.1  0.14
7560  48344.6  0.14
7580  48385.1  0.14
7600  48511  0.14
7620  48549.9  0.14
7640  41091  0.12
7660  45841.4  0.12
7680  45967.3  0.12
7700  46006.2  0.12
7720  46132.1  0.12
7740  46172.6  0.12
7760  46213  0.12
7780  46337.4  0.12
7800  11202.6  0.04
7820  11223  0.04
7840  11243.4  0.04
7860  11262.2  0.04
7880  11282.6  0.04
7900  11302.9  0.04
7920  11323.3  0.04
7940  39869.2  0.1
7960  39908.1  0.1
7980  39991.3  0.1
8000  40031.7  0.1
8020  40088.2  0.1
8040  40156.4  0.1
8060  40211.5  0.1
8080  40281.3  0.1
8100  40336.4  0.1
8120  40389.9  0.1
8140  32313.8  0.08
8160  32354.3  0.08
8180  24372.6  0.06
8200  24411.4  0.06
8220  24852.4  0.06
8240  24892.8  0.06
8260  24933.2  0.06
8280  24972.1  0.06
8300  25012.5  0.06
8320  25052.9  0.06
8340  25093.4  0.06
8360  25132.2  0.06
8380  25172.6  0.06
8400  25213.1  0.06
8420  25251  0.06
8440  25291.4  0.06
8460  25330.2  0.06
8480  25370.7  0.06
8500  25411.1  0.06
8520  25451.5  0.06
8540  25490.4  0.06
8560  25530.8  0.06
8580  25571.2  0.06
8600  25611.6  0.06
8620  26051  0.06
8640  26091.5  0.06
8660  26131.9  0.06
8680  26172.3  0.06
8700  26211.2  0.06
8720  26251.6  0.06
8740  26292  0.06
8760  26332.4  0.06
8780  26371.3  0.06
8800  26411.7  0.06
8820  26452.1  0.06
8840  26492.5  0.06
8860  17719  0.04
8880  17759.4  0.04
8900  17799.9  0.04
8920  17840.3  0.04
8940  17879.1  0.04
8960  17919.6  0.04
8980  17960  0.04
9000  18000.4  0.04
9020  18040.8  0.04
9040  18079.7  0.04
9060  18120.1  0.04
9080  18160.5  0.04
9100  18200.9  0.04
9120  18239.8  0.04
9140  18280.2  0.04
9160  18320.6  0.04
9180  18361.1  0.04
9200  18399.9  0.04
9220  18440.3  0.04
9240  18480.8  0.04
9260  18521.2  0.04
9280  18560  0.04
9300  18580.4  0.04
9320  18600.8  0.04
9340  18621.2  0.04
9360  18640  0.04
9380  18660.3  0.04
9400  18680.7  0.04
9420  18701.1  0.04
9440  18719.9  0.04
9460  18740.3  0.04
9480  18760.7  0.04
9500  18781  0.04
9520  18801.4  0.04
9540  18820.2  0.04
9560  18840.6  0.04
9580  18861  0.04
9600  18881.4  0.04
9620  18900.2  0.04
9640  18920.5  0.04
9660  18940.9  0.04
9680  18961.3  0.04
9700  18980.1  0.04
9720  19000.5  0.04
9740  19020.9  0.04
9760  36884.5  0.08
9780  36927  0.08
9800  36963.2  0.08
9820  37059  0.08
9840  37095.1  0.08
9860  37189.4  0.08
9880  37233.4  0.08
9900  37269.6  0.08
9920  37365.4  0.08
9940  37400  0.08
9960  37495.8  0.08
9980  37531.9  0.08
10000  37576  0.08
10020  37663.9  0.08
10040  37706.4  0.08
10060  37742.5  0.08
10080  37838.3  0.08
10100  37874.5  0.08
10120  37968.7  0.08
10140  27865.7  0.06
10160  27909.8  0.06
10180  27953.8  0.06
10200  27988.4  0.06
10220  28032.5  0.06
10240  28068.7  0.06
10260  28112.7  0.06
10280  28147.3  0.06
10300  28191.4  0.06
10320  28227.5  0.06
10340  28271.6  0.06
10360  28306.2  0.06
10380  28350.3  0.06
10400  28386.4  0.06
10420  28430.5  0.06
10440  28465.1  0.06
10460  28509.1  0.06
10480  28553.2  0.06
10500  28589.4  0.06
10520  60264.4  0.12
10540  60366.4  0.12
10560  60516.2  0.12
10580  60618.2  0.12
10600  60670.4  0.12
10620  60689.2  0.12
10640  60791.2  0.12
10660  16373.7  0.04
10680  28951.2  0.06
10700  28985.8  0.06
10720  29029.9  0.06
10740  29066  0.06
10760  29110.1  0.06
10780  29152.6  0.06
10800  29188.7  0.06
10820  29232.8  0.06
10840  29269  0.06
10860  29311.5  0.06
10880  51301.5  0.1
10900  51321.9  0.1
10920  51374.1  0.1
10940  51522.3  0.1
10960  51574.5  0.1
10980  51626.7  0.1
11000  51647.1  0.1
11020  51697.8  0.1
11040  51750  0.1
11060  51770.4  0.1
11080  51952  0.1
11100  51972.4  0.1
11120  52023.1  0.1
11140  52075.3  0.1
11160  52095.7  0.1
11180  52147.9  0.1
11200  47009.4  0.1
11220  47029.8  0.1
11240  47080.9  0.1
11260  36032  0.08
11280  36081.6  0.08
11300  36132.7  0.08
11320  36153.1  0.08
11340  36332.4  0.08
11360  36382  0.08
11380  36402.4  0.08
11400  36453.5  0.08
11420  36473.8  0.08
11440  36523.4  0.08
11460  36702.8  0.08
11480  36723.1  0.08
11500  36774.2  0.08
11520  36823.8  0.08
11540  36844.2  0.08
11560  36895.3  0.08
11580  37043.9  0.08
11600  37095  0.08
11620  37144.6  0.08
11640  37165  0.08
11660  37216.1  0.08
11680  37267.2  0.08
11700  30981.1  0.06
11720  31033.3  0.06
11740  15848.6  0.04
11760  15869  0.04
11780  15887.8  0.04
11800  15908.2  0.04
11820  15928.6  0.04
11840  14417.7  0.04
11860  14436.5  0.04
11880  14456.9  0.04
11900  14477.3  0.04
11920  14497.7  0.04
11940  14516.5  0.04
11960  19549.1  0.04
11980  19569.5  0.04
12000  19589.9  0.04
12020  19608.7  0.04
12040  19629.1  0.04
12060  19649.4  0.04
12080  19669.8  0.04
12100  19688.6  0.04
12120  19709  0.04
12140  19729.4  0.04
12160  19749.8  0.04
12180  19770.1  0.04
12200  19788.9  0.04
12220  19809.3  0.04
12240  19829.7  0.04
12260  19850.1  0.04
12280  19868.9  0.04
12300  19889.3  0.04
12320  19909.6  0.04
12340  19930  0.04
12360  19948.8  0.04
12380  19969.2  0.04
12400  19989.6  0.04
12420  20009.9  0.04
12440  20028.8  0.04
12460  20049.1  0.04
12480  20069.5  0.04
12500  20089.9  0.04
12520  20108.7  0.04
12540  20129.1  0.04
12560  20149.5  0.04
12580  20169.8  0.04
12600  20188.6  0.04
12620  20209  0.04
12640  20229.4  0.04
12660  20249.8  0.04
12680  20270.1  0.04
12700  20289  0.04
12720  20309.3  0.04
12740  20329.7  0.04
12760  20350.1  0.04
12780  20368.9  0.04
12800  20389.3  0.04
12820  20409.7  0.04
12840  20430  0.04
12860  20448.8  0.04
12880  20469.2  0.04
12900  20489.6  0.04
12920  20510  0.04
12940  20528.8  0.04
12960  20549.2  0.04
12980  20569.5  0.04
13000  20589.9  0.04
13020  20608.7  0.04
13040  20629.1  0.04
13060  20649.5  0.04
13080  28544.2  0.06
13100  28582  0.06
13120  28621.3  0.06
13140  14580.7  0.04
13160  14601.1  0.04
13180  14621.5  0.04
13200  14640.3  0.04
13220  14660.7  0.04
13240  14681  0.04
13260  14701.4  0.04
13280  14720.2  0.04
13300  14740.6  0.04
13320  14761  0.04
13340  14781.4  0.04
13360  14800.2  0.04
13380  14820.5  0.04
13400  14840.9  0.04
13420  14861.3  0.04
13440  14880.1  0.04
13460  14900.5  0.04
13480  14920.9  0.04
13500  14941.2  0.04
13520  14960.1  0.04
13540  14980.4  0.04
13560  15000.8  0.04
13580  15021.2  0.04
13600  15040  0.04
13620  15060.4  0.04
13640  15080.7  0.04
13660  15101.1  0.04
13680  15119.9  0.04
13700  15140.3  0.04
13720  15160.7  0.04
13740  15181.1  0.04
13760  14944.7  0.04
13780  14963.5  0.04
13800  14983.9  0.04
13820  41669.5  0.06
13840  41689.9  0.06
13860  41731.1  0.06
13880  41773.9  0.06
13900  41816.8  0.06
13920  41859.6  0.06
13940  41900.9  0.06
13960  20571.5  0.04
13980  20591.9  0.04
14000  20612.2  0.04
14020  20631.1  0.04
14040  20651.4  0.04
14060  20671.8  0.04
14080  20692.2  0.04
14100  20711  0.04
14120  20731.4  0.04
14140  20751.7  0.04
14160  20772.1  0.04
14180  20790.9  0.04
14200  20811.3  0.04
14220  16599.8  0.04
14240  16620.2  0.04
14260  16640.6  0.04
14280  16659.4  0.04
14300  16679.8  0.04
14320  16700.1  0.04
14340  16720.5  0.04
14360  16739.3  0.04
14380  16759.7  0.04
14400  16780.1  0.04
14420  16800.5  0.04
14440  16819.3  0.04
14460  16839.6  0.04
14480  17380.9  0.04
14500  17401.3  0.04
14520  17420.1  0.04
14540  28960  0.04
14560  28980.4  0.04
14580  29000.8  0.04
14600  29019.6  0.04
14620  29040  0.04
14640  29460.9  0.04
14660  29481.3  0.04
14680  29500.1  0.04
14700  29520.5  0.04
14720  29540.8  0.04
14740  29561.2  0.04
14760  29581.6  0.04
14780  29600.4  0.04
14800  29620.8  0.04
14820  29641.2  0.04
14840  29661.5  0.04
14860  29680.3  0.04
14880  29700.7  0.04
14900  29721.1  0.04
14920  29741.5  0.04
14940  29760.3  0.04
14960  29780.7  0.04
14980  29801  0.04
