100  4097.16  0.96
120  5030.24  0.92
140  6528.7  0.92
160  6939.3  0.84
180  8163.13  0.84
200  9462.77  0.88
220  8941.72  0.78
240  9285.83  0.76
260  10086  0.76
280  10364.8  0.74
300  10270.9  0.7
320  10552.3  0.66
340  10271.1  0.62
360  10727.7  0.62
380  11064.8  0.6
400  12024.8  0.6
420  11630.6  0.56
440  13770.3  0.64
460  14279.3  0.64
480  15250.7  0.64
500  15791.6  0.62
520  13355.9  0.5
540  13655.1  0.5
560  13994.1  0.5
580  14915.7  0.52
600  15551.6  0.52
620  15507.7  0.5
640  16484.7  0.52
660  17400.6  0.52
680  17016.6  0.5
700  16639.5  0.48
720  16943.8  0.48
740  13837.6  0.38
760  13071.1  0.36
780  13323.1  0.36
800  13582.4  0.36
820  14180.1  0.36
840  14432.9  0.36
860  14187.7  0.34
880  13750.8  0.32
900  13957.7  0.32
920  17458.9  0.38
940  17950.6  0.38
960  18382.7  0.38
980  17660.6  0.36
1000  18034.9  0.36
1020  18273.2  0.36
1040  18504.3  0.36
1060  18742.7  0.36
1080  19001.8  0.36
1100  19489  0.36
1120  19965.3  0.36
1140  20902.7  0.36
1160  21164.5  0.36
1180  21339.7  0.36
1200  21898.1  0.36
1220  20890.6  0.34
1240  21161.9  0.34
1260  21451.3  0.34
1280  21675.6  0.34
1300  22083.2  0.34
1320  22277.2  0.34
1340  22818.1  0.34
1360  21685.8  0.32
1380  21880.4  0.32
1400  20833.9  0.3
1420  19770.5  0.28
1440  19959.7  0.28
1460  20648  0.28
1480  20866.7  0.28
1500  21052.3  0.28
1520  21391.9  0.28
1540  21579.4  0.28
1560  21803.5  0.28
1580  21944.4  0.28
1600  22390.4  0.28
1620  21070.4  0.26
1640  17906.5  0.22
1660  18198.7  0.22
1680  18343.2  0.22
1700  18547.3  0.22
1720  18769.4  0.22
1740  18961.9  0.22
1760  19107  0.22
1780  19397.1  0.22
1800  19541.6  0.22
1820  19833  0.22
1840  19978.8  0.22
1860  20137.4  0.22
1880  18441.7  0.2
1900  15691.3  0.18
1920  16041.9  0.18
1940  16159  0.18
1960  13286  0.14
1980  17315.7  0.18
2000  19383.7  0.2
2020  19524.8  0.2
2040  17832.8  0.18
2060  17964.4  0.18
2080  18313.2  0.18
2100  18455.5  0.18
2120  16680.2  0.16
2140  16793.4  0.16
2160  15508.1  0.16
2180  17521.8  0.16
2200  17635  0.16
2220  17732.3  0.16
2240  17898  0.16
2260  17976.1  0.16
2280  18089.8  0.16
2300  18219.9  0.16
2320  18708.4  0.16
2340  20697.8  0.18
2360  20775.5  0.18
2380  19490  0.18
2400  21600.5  0.18
2420  21713.9  0.18
2440  22026.9  0.18
2460  19702.5  0.16
2480  19817.1  0.16
2500  19947.4  0.16
2520  20061.4  0.16
2540  20139.2  0.16
2560  20548.5  0.16
2580  28511.2  0.22
2600  28709.2  0.22
2620  28879.4  0.22
2640  35740.5  0.28
2660  36082.6  0.28
2680  36246.1  0.28
2700  36579.1  0.28
2720  36718.8  0.28
2740  22452.1  0.18
2760  28103.2  0.22
2780  25476.6  0.2
2800  25612.1  0.2
2820  25710.6  0.2
2840  26396.1  0.2
2860  26488.9  0.2
2880  26624.3  0.2
2900  26722  0.2
2920  26857.5  0.2
2940  26975.3  0.2
2960  27238.8  0.2
2980  27375.5  0.2
3000  27468.3  0.2
3020  27601.7  0.2
3040  27701.4  0.2
3060  28256.3  0.2
3080  28352.8  0.2
3100  25518.4  0.18
3120  25629.1  0.18
3140  25726.9  0.18
3160  25826.7  0.18
3180  25924.4  0.18
3200  26024.2  0.18
3220  26222.6  0.18
3240  26444.7  0.18
3260  26963.9  0.18
3280  36184.7  0.22
3300  36450.7  0.22
3320  36569.4  0.22
3340  36739.3  0.22
3360  36988.6  0.22
3380  37169.7  0.22
3400  33938.9  0.2
3420  34055.5  0.2
3440  34174.2  0.2
3460  34345.4  0.2
3480  34908.8  0.2
3500  35204.4  0.2
3520  35323.1  0.2
3540  35439.7  0.2
3560  35610.9  0.2
3580  35729.6  0.2
3600  30478  0.18
3620  30702.2  0.18
3640  30802  0.18
3660  30917.7  0.18
3680  31436.9  0.18
3700  31536.7  0.18
3720  31634.5  0.18
3740  31734.2  0.18
3760  35705.4  0.2
3780  35804.2  0.2
3800  34504.7  0.2
3820  34623.6  0.2
3840  34721  0.2
3860  38252.9  0.2
3880  38946.9  0.2
3900  39046.4  0.2
3920  39510.7  0.2
3940  39609.5  0.2
3960  39709  0.2
3980  39861  0.2
4000  39976.5  0.2
4020  36192.7  0.18
4040  36293.6  0.18
4060  36391  0.18
4080  36543.1  0.18
4100  37063.4  0.18
4120  37160.8  0.18
4140  37304.5  0.18
4160  37536.9  0.18
4180  37704.8  0.18
4200  41986.4  0.2
4220  42066.8  0.2
4240  42145.2  0.2
4260  42218.6  0.2
4280  42430.5  0.2
4300  42928.3  0.2
4320  43008.7  0.2
4340  43614.9  0.2
4360  43711.3  0.2
4380  43791.7  0.2
4400  43865.1  0.2
4420  44074.9  0.2
4440  44155.4  0.2
4460  44235.8  0.2
4480  40163.7  0.18
4500  34884.6  0.16
4520  35355.7  0.16
4540  35563.9  0.16
4560  35622.6  0.16
4580  35682.8  0.16
4600  35741.5  0.16
4620  35800.2  0.16
4640  35851.9  0.16
4660  37119.7  0.16
4680  37364.9  0.16
4700  32726.1  0.14
4720  33221.9  0.14
4740  33278.9  0.14
4760  27523.1  0.12
4780  27560.5  0.12
4800  27730.5  0.12
4820  27767.9  0.12
4840  27806.5  0.12
4860  27843.9  0.12
4880  27882.6  0.12
4900  27937.9  0.12
4920  26849.6  0.12
4940  27437.9  0.12
4960  27476.5  0.12
4980  27513.9  0.12
5000  27552.5  0.12
5020  27589.9  0.12
5040  27628.5  0.12
5060  27665.9  0.12
5080  27854  0.12
5100  27891.3  0.12
5120  33286.3  0.14
5140  33848.1  0.14
5160  33885.5  0.14
5180  33924.1  0.14
5200  34093  0.14
5220  34131.6  0.14
5240  34187  0.14
5260  29037.5  0.12
5280  29074.9  0.12
5300  29113.5  0.12
5320  29150.9  0.12
5340  29320.9  0.12
5360  37047.5  0.14
5380  37086.1  0.14
5400  37165  0.14
5420  37221.6  0.14
5440  44933.1  0.18
5460  45168  0.18
5480  45245.8  0.18
5500  45351  0.18
5520  45456  0.18
5540  45534.3  0.18
5560  32635.7  0.12
5580  32673.1  0.12
5600  32861.1  0.12
5620  32898.5  0.12
5640  32937.1  0.12
5660  32974.5  0.12
5680  33013.1  0.12
5700  33050.5  0.12
5720  33220.6  0.12
5740  33258  0.12
5760  33296.6  0.12
5780  22026.7  0.08
5800  22065.3  0.08
5820  22102.7  0.08
5840  22141.3  0.08
5860  22310.2  0.08
5880  22347.6  0.08
5900  22386.2  0.08
5920  22423.6  0.08
5940  22462.2  0.08
5960  22517.6  0.08
5980  22556.2  0.08
6000  22725.1  0.08
6020  22763.7  0.08
6040  22801.1  0.08
6060  22839.7  0.08
6080  22877.1  0.08
6100  22915.7  0.08
6120  23084.5  0.08
6140  23141.1  0.08
6160  23178.5  0.08
6180  23217.2  0.08
6200  23254.5  0.08
6220  23293.2  0.08
6240  23330.6  0.08
6260  23500.6  0.08
6280  23538  0.08
6300  23575.4  0.08
6320  23632  0.08
6340  23669.4  0.08
6360  23708  0.08
6380  23876.9  0.08
6400  23915.5  0.08
6420  23952.9  0.08
6440  23991.5  0.08
6460  24028.9  0.08
6480  24067.5  0.08
6500  24122.9  0.08
6520  24293  0.08
6540  24330.4  0.08
6560  24369  0.08
6580  24406.4  0.08
6600  24445  0.08
6620  24482.4  0.08
6640  24652.5  0.08
6660  24707.8  0.08
6680  24745.2  0.08
6700  24783.9  0.08
6720  24821.3  0.08
6740  24859.9  0.08
6760  26012  0.08
6780  26182  0.08
6800  26219.4  0.08
6820  26258.1  0.08
6840  25199.4  0.08
6860  25237.6  0.08
6880  25274.5  0.08
6900  25312.6  0.08
6920  25482.3  0.08
6940  25520.4  0.08
6960  25558.6  0.08
6980  25596.8  0.08
7000  25634.9  0.08
7020  46410.4  0.14
7040  46600.9  0.14
7060  46659.9  0.14
7080  46718.9  0.14
7100  46777.9  0.14
7120  46833.9  0.14
7140  46892.9  0.14
7160  46951.9  0.14
7180  47142.4  0.14
7200  47219.4  0.14
7220  47278.4  0.14
7240  47863.1  0.14
7260  47919.2  0.14
7280  47978.2  0.14
7300  48168.7  0.14
7320  48227.6  0.14
7340  48286.6  0.14
7360  48345.6  0.14
7380  48422.6  0.14
7400  48481.6  0.14
7420  48517.1  0.14
7440  48707.5  0.14
7460  48766.5  0.14
7480  48825.5  0.14
7500  49410.3  0.14
7520  49469.3  0.14
7540  49528.2  0.14
7560  49736.7  0.14
7580  49792.8  0.14
7600  49851.8  0.14
7620  49910.8  0.14
7640  49969.8  0.14
7660  50028.8  0.14
7680  50087.7  0.14
7700  50278.2  0.14
7720  50334.3  0.14
7740  50411.3  0.14
7760  50996  0.14
7780  51055  0.14
7800  51114  0.14
7820  51173  0.14
7840  51363.5  0.14
7860  51422.5  0.14
7880  51478.5  0.14
7900  51537.5  0.14
7920  51614.5  0.14
7940  51673.5  0.14
7960  51864  0.14
7980  51923  0.14
8000  44095.6  0.12
8020  44417.5  0.12
8040  44473.6  0.12
8060  44511.9  0.12
8080  44570.9  0.12
8100  44779.4  0.12
8120  44838.4  0.12
8140  44897.4  0.12
8160  44956.4  0.12
8180  45012.5  0.12
8200  45071.4  0.12
8220  45261.9  0.12
8240  45320.9  0.12
8260  45397.9  0.12
8280  45456.9  0.12
8300  45778.7  0.12
8320  45837.7  0.12
8340  45893.8  0.12
8360  46084.3  0.12
8380  46143.3  0.12
8400  46202.3  0.12
8420  46261.3  0.12
8440  46338.2  0.12
8460  46397.2  0.12
8480  46587.7  0.12
8500  46643.8  0.12
8520  46702.8  0.12
8540  38216.6  0.1
8560  38517.8  0.1
8580  38556.2  0.1
8600  38594.5  0.1
8620  38782.3  0.1
8640  38817.8  0.1
8660  38856.1  0.1
8680  38894.5  0.1
8700  38932.9  0.1
8720  38971.2  0.1
8740  39009.6  0.1
8760  39179.4  0.1
8780  39217.7  0.1
8800  39271.2  0.1
8820  39572.4  0.1
8840  39610.7  0.1
8860  39649.1  0.1
8880  39818.9  0.1
8900  39857.3  0.1
8920  39895.6  0.1
8940  39934  0.1
8960  39969.4  0.1
8980  40025.8  0.1
9000  40064.1  0.1
9020  40233.9  0.1
9040  40272.3  0.1
9060  40310.6  0.1
9080  40611.9  0.1
9100  40647.3  0.1
9120  40685.7  0.1
9140  40855.5  0.1
9160  40911.8  0.1
9180  40950.2  0.1
9200  40988.5  0.1
9220  41026.9  0.1
9240  41065.2  0.1
9260  41100.7  0.1
9280  41270.5  0.1
9300  41308.9  0.1
9320  41347.2  0.1
9340  41666.4  0.1
9360  41704.8  0.1
9380  41743.1  0.1
9400  41910  0.1
9420  41948.4  0.1
9440  41986.8  0.1
9460  32561.5  0.08
9480  32599.9  0.08
9500  32638.2  0.08
9520  32694.6  0.08
9540  32864.4  0.08
9560  32899.8  0.08
9580  32938.2  0.08
9600  32976.5  0.08
9620  33014.9  0.08
9640  33053.3  0.08
9660  33091.6  0.08
9680  33279.4  0.08
9700  33317.8  0.08
9720  33353.2  0.08
9740  33391.6  0.08
9760  33429.9  0.08
9780  33468.3  0.08
9800  33638.1  0.08
9820  33676.4  0.08
9840  33714.8  0.08
9860  33768.2  0.08
9880  33806.6  0.08
9900  33844.9  0.08
9920  33883.3  0.08
9940  34053.1  0.08
9960  34091.5  0.08
9980  34129.8  0.08
10000  34168.2  0.08
10020  34203.6  0.08
10040  34259.9  0.08
10060  34924  0.08
10080  34960.6  0.08
10100  34999.3  0.08
10120  35038  0.08
10140  35074.6  0.08
10160  35113.3  0.08
10180  35149.9  0.08
10200  35320.1  0.08
10220  35376.7  0.08
10240  35413.3  0.08
10260  35452  0.08
10280  35490.7  0.08
10300  35527.3  0.08
10320  35697.5  0.08
10340  35736.1  0.08
10360  35772.8  0.08
10380  35811.4  0.08
10400  35868.1  0.08
10420  35904.7  0.08
10440  37058.1  0.08
10460  37228.3  0.08
10480  37264.9  0.08
10500  37303.6  0.08
10520  37342.2  0.08
10540  37378.9  0.08
10560  37417.5  0.08
10580  37474.2  0.08
10600  37642.3  0.08
10620  37681  0.08
10640  37719.6  0.08
10660  37756.3  0.08
10680  37794.9  0.08
10700  37833.6  0.08
10720  38001.7  0.08
10740  38040.4  0.08
10760  38097  0.08
10780  38133.7  0.08
10800  38172.3  0.08
10820  38211  0.08
10840  38247.6  0.08
10860  38417.8  0.08
10880  38454.4  0.08
10900  38493.1  0.08
10920  38531.8  0.08
10940  38586.4  0.08
10960  47043.3  0.1
10980  47213.4  0.1
11000  47250  0.1
11020  47345.6  0.1
11040  47384.3  0.1
11060  47477.7  0.1
11080  47516.4  0.1
11100  47573.1  0.1
11120  47798  0.1
11140  47836.7  0.1
11160  47875.4  0.1
11180  47968.9  0.1
11200  48007.5  0.1
11220  48046.2  0.1
11240  48271.2  0.1
11260  48309.8  0.1
11280  48366.5  0.1
11300  48460  0.1
11320  48498.7  0.1
11340  48537.4  0.1
11360  48630.8  0.1
11380  48801  0.1
11400  48896.5  0.1
11420  48933.1  0.1
11440  48971.8  0.1
11460  58493.9  0.12
11480  58571.3  0.12
11500  58636.6  0.12
11520  58860.9  0.12
11540  58938.3  0.12
11560  59031.1  0.12
11580  59081.1  0.12
11600  59173.9  0.12
11620  59253.4  0.12
11640  39238.7  0.08
11660  38259.7  0.08
11680  38298.4  0.08
11700  38335  0.08
11720  38373.7  0.08
11740  38412.4  0.08
11760  38449  0.08
11780  38619.2  0.08
11800  38657.8  0.08
11820  38712.4  0.08
11840  38751.1  0.08
11860  38789.8  0.08
11880  38826.4  0.08
11900  38996.6  0.08
11920  39035.2  0.08
11940  48356.7  0.1
11960  48414.9  0.1
11980  48473  0.1
12000  48547.1  0.1
12020  48605.2  0.1
12040  48794.8  0.1
12060  48850.9  0.1
12080  48909.1  0.1
12100  48967.2  0.1
12120  49023.3  0.1
12140  49081.4  0.1
12160  49271  0.1
12180  49345.1  0.1
12200  49403.3  0.1
12220  49471.1  0.1
12240  49527.2  0.1
12260  49585.4  0.1
12280  49641.5  0.1
12300  49831.1  0.1
12320  49889.2  0.1
12340  49945.3  0.1
12360  50021.4  0.1
12380  50079.6  0.1
12400  50135.7  0.1
12420  50193.8  0.1
12440  62286  0.1
12460  62344.6  0.1
12480  62399.7  0.1
12500  62460.3  0.1
12520  62513.3  0.1
12540  62591.9  0.1
12560  62783.9  0.1
12580  63007.9  0.1
12600  63068.5  0.1
12620  63129.1  0.1
12640  63182.2  0.1
12660  63242.8  0.1
12680  63303.4  0.1
12700  63505.8  0.1
12720  63566.4  0.1
12740  63798  0.1
12760  63851  0.1
12780  63911.6  0.1
12800  63972.2  0.1
12820  64156.7  0.1
12840  64217.3  0.1
12860  64277.9  0.1
12880  64348.9  0.1
12900  64409.5  0.1
12920  64641  0.1
12940  64694.1  0.1
12960  64886.1  0.1
12980  64939.2  0.1
13000  64999.8  0.1
13020  52070.2  0.08
13040  52123.2  0.08
13060  52201.8  0.08
13080  40827.4  0.08
13100  40864  0.08
13120  40902.7  0.08
13140  40941.4  0.08
13160  40978  0.08
13180  41016.7  0.08
13200  66594.1  0.12
13220  66790.6  0.12
13240  66847.3  0.12
13260  66914.5  0.12
13280  66979.6  0.12
13300  67046.8  0.12
13320  67085.5  0.12
13340  67150.6  0.12
13360  54168.2  0.1
13380  54206.8  0.1
13400  74814.2  0.12
13420  74899.4  0.12
13440  75026.5  0.12
13460  75063.2  0.12
13480  75261.8  0.12
13500  75329  0.12
13520  75425.6  0.12
13540  75492.8  0.12
13560  75560  0.12
13580  75656.6  0.12
13600  75741.7  0.12
13620  75940.4  0.12
13640  76005.5  0.12
13660  76104.2  0.12
13680  76169.3  0.12
13700  76236.5  0.12
13720  76335.2  0.12
13740  76531.7  0.12
13760  76598.9  0.12
13780  76655.6  0.12
13800  76780.7  0.12
13820  76847.9  0.12
13840  76915.1  0.12
13860  77011.7  0.12
13880  77210.3  0.12
13900  77277.5  0.12
13920  77314.1  0.12
13940  77441.3  0.12
13960  77526.5  0.12
13980  77563.1  0.12
14000  77690.3  0.12
14020  77888.9  0.12
14040  77954  0.12
14060  78052.7  0.12
14080  78119.9  0.12
14100  78185  0.12
14120  78241.7  0.12
14140  78500.3  0.12
14160  78565.4  0.12
14180  78604.1  0.12
14200  78731.3  0.12
14220  78796.4  0.12
14240  78863.6  0.12
14260  78902.3  0.12
14280  79158.8  0.12
14300  79244  0.12
14320  79282.7  0.12
14340  79407.8  0.12
14360  79475  0.12
14380  79511.6  0.12
14400  79710.2  0.12
14420  79837.4  0.12
14440  79902.5  0.12
14460  79941.2  0.12
14480  80086.4  0.12
14500  80151.5  0.12
14520  80190.2  0.12
14540  80388.8  0.12
14560  80513.9  0.12
14580  80552.6  0.12
14600  80619.8  0.12
14620  80744.9  0.12
14640  80812.1  0.12
14660  81000.2  0.12
14680  81065.3  0.12
14700  81192.5  0.12
14720  81231.2  0.12
14740  81296.3  0.12
14760  81423.5  0.12
14780  81490.7  0.12
14800  81658.8  0.12
14820  81725.9  0.12
14840  46118.7  0.08
14860  46155.3  0.08
14880  46194  0.08
14900  46232.7  0.08
14920  46269.3  0.08
14940  45440.4  0.08
14960  45479.1  0.08
14980  45515.7  0.08
