100  4272.64  0.96
120  5520.42  0.94
140  6463.42  0.94
160  6833.8  0.9
180  7896.56  0.9
200  9613.8  0.9
220  9809.37  0.86
240  10627  0.86
260  11493.4  0.86
280  12279.7  0.86
300  12564.2  0.84
320  12879.9  0.82
340  14037.5  0.82
360  14726.6  0.82
380  15778.8  0.82
400  16473.7  0.82
420  16401  0.78
440  17054.1  0.78
460  17651.8  0.78
480  18228.1  0.78
500  18961.5  0.78
520  19613.1  0.78
540  19606.4  0.74
560  21148.8  0.74
580  21769.5  0.74
600  21915.4  0.72
620  22309.7  0.7
640  22829.7  0.7
660  23346.7  0.7
680  23857.1  0.7
700  24532.4  0.7
720  22384.2  0.62
740  22816.3  0.62
760  23280.2  0.62
780  23240.4  0.6
800  23814.1  0.6
820  24424.9  0.6
840  26598  0.64
860  26531.7  0.62
880  27438  0.62
900  26965.7  0.6
920  26982.6  0.58
940  27420.3  0.58
960  27959.1  0.58
980  27605.2  0.56
1000  27921.6  0.56
1020  28518.2  0.56
1040  25861  0.5
1060  26229.3  0.5
1080  26717.7  0.5
1100  28220.9  0.52
1120  24496.6  0.44
1140  29361.7  0.52
1160  29708.4  0.52
1180  30063.6  0.52
1200  28022.8  0.48
1220  28279.8  0.48
1240  26529.7  0.44
1260  26977  0.44
1280  28271.2  0.44
1300  28534.5  0.44
1320  28877.5  0.44
1340  29220.5  0.44
1360  29816.3  0.44
1380  28720.1  0.42
1400  29074.3  0.42
1420  29413.9  0.42
1440  25319.9  0.36
1460  25574  0.36
1480  24457.3  0.34
1500  23271.6  0.32
1520  22008.1  0.3
1540  20781.3  0.28
1560  21038.1  0.28
1580  19765.5  0.26
1600  19964.8  0.26
1620  20203.1  0.26
1640  20752  0.26
1660  20937.3  0.26
1680  24611  0.3
1700  24862.2  0.3
1720  30278.6  0.36
1740  30508  0.36
1760  30812.5  0.36
1780  31109.7  0.36
1800  31449.3  0.36
1820  29936.8  0.34
1840  30389.9  0.34
1860  30690.5  0.34
1880  30962.6  0.34
1900  29394.8  0.32
1920  29648.4  0.32
1940  29939.9  0.32
1960  35952.9  0.38
1980  36178.4  0.38
2000  36487.4  0.38
2020  37695.6  0.38
2040  37884.6  0.38
2060  38141.5  0.38
2080  38404.2  0.38
2100  34573.4  0.34
2120  34860.8  0.34
2140  35114.1  0.34
2160  35462  0.34
2180  31363.8  0.3
2200  29542.4  0.28
2220  27564.1  0.26
2240  27741.5  0.26
2260  27875.8  0.26
2280  25841.7  0.24
2300  25985.8  0.24
2320  29293.5  0.26
2340  36606.1  0.32
2360  36830.9  0.32
2380  35382.1  0.3
2400  35550.5  0.3
2420  35951.4  0.3
2440  36255  0.3
2460  36561.3  0.3
2480  36758.1  0.3
2500  36955.3  0.3
2520  37098.1  0.3
2540  37287.6  0.3
2560  37593.1  0.3
2580  37756.1  0.3
2600  37927  0.3
2620  38265.6  0.3
2640  38461  0.3
2660  36265.3  0.28
2680  36457.2  0.28
2700  36617.1  0.28
2720  34110.7  0.26
2740  35044.4  0.26
2760  35241.7  0.26
2780  32603.1  0.24
2800  32774.8  0.24
2820  32946.1  0.24
2840  15169.9  0.12
2860  15242.9  0.12
2880  27721.1  0.2
2900  27862.9  0.2
2920  28080.9  0.2
2940  22335.5  0.16
2960  22457.1  0.16
2980  24138.2  0.18
3000  24351.9  0.18
3020  28870.9  0.2
3040  25974.7  0.18
3060  23074.9  0.16
3080  23198.7  0.16
3100  20572.6  0.14
3120  20674.7  0.14
3140  20771.4  0.14
3160  20865.5  0.14
3180  20967.6  0.14
3200  21069  0.14
3220  21169.4  0.14
3240  21263.4  0.14
3260  21365.5  0.14
3280  21464  0.14
3300  21564.4  0.14
3320  21658.4  0.14
3340  21760.5  0.14
3360  21861.9  0.14
3380  21962.3  0.14
3400  22053.4  0.14
3420  22174.5  0.14
3440  22275.8  0.14
3460  22375.5  0.14
3480  22834.6  0.14
3500  22936  0.14
3520  23035.1  0.14
3540  23134.8  0.14
3560  23229.6  0.14
3580  23331  0.14
3600  23433.1  0.14
3620  33477.8  0.2
3640  33615.8  0.2
3660  33845.7  0.2
3680  33991  0.2
3700  34088.7  0.2
3720  33362.8  0.18
3740  33581.2  0.18
3760  33716.4  0.18
3780  33875.5  0.18
3800  34010.5  0.18
3820  35061.2  0.2
3840  35565.4  0.2
3860  35798.4  0.2
3880  35944.1  0.2
3900  36128.2  0.2
3920  36208.8  0.2
3940  36333.5  0.2
3960  36646.7  0.2
3980  36771.5  0.2
4000  32847.3  0.18
4020  33095.7  0.18
4040  33177  0.18
4060  33257.6  0.18
4080  29368.1  0.16
4100  29494.9  0.16
4120  29598.5  0.16
4140  29719.4  0.16
4160  29825.2  0.16
4180  29952  0.16
4200  15097.7  0.08
4220  15139.2  0.08
4240  15181.5  0.08
4260  43559.8  0.22
4280  43686.7  0.22
4300  44075.6  0.22
4320  44223.9  0.22
4340  44419.6  0.22
4360  40147.1  0.2
4380  40339.6  0.2
4400  40423.1  0.2
4420  40678.1  0.2
4440  40754.1  0.2
4460  40954.1  0.2
4480  41096.9  0.2
4500  41285.1  0.2
4520  41368.6  0.2
4540  17650.2  0.08
4560  18056  0.08
4580  18090.3  0.08
4600  18132.5  0.08
4620  18174.1  0.08
4640  18216.3  0.08
4660  18250.6  0.08
4680  18292.8  0.08
4700  18334.4  0.08
4720  18376.6  0.08
4740  18410.9  0.08
4760  19907.7  0.1
4780  34266  0.16
4800  34417.1  0.16
4820  29750.8  0.14
4840  29833.8  0.14
4860  29916.1  0.14
4880  25107.1  0.12
4900  25241.2  0.12
4920  25676.2  0.12
4940  25738  0.12
4960  25864  0.12
4980  25925.8  0.12
5000  25986.7  0.12
5020  26048.5  0.12
5040  26174.5  0.12
5060  26236.3  0.12
5080  26297.3  0.12
5100  26359  0.12
5120  26485.1  0.12
5140  26546  0.12
5160  26607.8  0.12
5180  26741.1  0.12
5200  26795.6  0.12
5220  26856.5  0.12
5240  26918.3  0.12
5260  27051.6  0.12
5280  27115.8  0.12
5300  27541.1  0.12
5320  27675.2  0.12
5340  27736.2  0.12
5360  27790.6  0.12
5380  27851.6  0.12
5400  27985.7  0.12
5420  21607.1  0.08
5440  21641.4  0.08
5460  33625.8  0.14
5480  33738.6  0.14
5500  33881.6  0.14
5520  33915.8  0.14
5540  34071.8  0.14
5560  34171.6  0.14
5580  34206.6  0.14
5600  34290.5  0.14
5620  34462.4  0.14
5640  34546.3  0.14
5660  34945.6  0.14
5680  35087.8  0.14
5700  35201.4  0.14
5720  35285.3  0.14
5740  29646.1  0.12
5760  29804.1  0.12
5780  24069.1  0.1
5800  24111.3  0.1
5820  24145.6  0.1
5840  18398.7  0.08
5860  18440.2  0.08
5880  18482.5  0.08
5900  18516.7  0.08
5920  18559  0.08
5940  18600.5  0.08
5960  18150.7  0.08
5980  18185  0.08
6000  18226.5  0.08
6020  18633.1  0.08
6040  18674.6  0.08
6060  18709.6  0.08
6080  18751.1  0.08
6100  26286.2  0.1
6120  20224  0.08
6140  20259  0.08
6160  20300.5  0.08
6180  20342.7  0.08
6200  20384.3  0.08
6220  20419.2  0.08
6240  20460.8  0.08
6260  20503  0.08
6280  20544.5  0.08
6300  20578.8  0.08
6320  20621  0.08
6340  20662.6  0.08
6360  20697.6  0.08
6380  21103.4  0.08
6400  21145.7  0.08
6420  21187.2  0.08
6440  21222.2  0.08
6460  21263.7  0.08
6480  19518.4  0.06
6500  19559.9  0.06
6520  19594.9  0.06
6540  19636.4  0.06
6560  19678.7  0.06
6580  19720.2  0.06
6600  19754.5  0.06
6620  34761.2  0.12
6640  34823.1  0.12
6660  34885.1  0.12
6680  34941.1  0.12
6700  35001  0.12
6720  28505.2  0.1
6740  28932.8  0.1
6760  28987.5  0.1
6780  29047.3  0.1
6800  29110.7  0.1
6820  29172.6  0.1
6840  37836.6  0.12
6860  37877  0.12
6880  37919.3  0.12
6900  37961.7  0.12
6920  38069.2  0.12
6940  38236.6  0.12
6960  38279  0.12
6980  38321.4  0.12
7000  38428.8  0.12
7020  38469.2  0.12
7040  38511.6  0.12
7060  49306.3  0.14
7080  49391  0.14
7100  49560.5  0.14
7120  50014.9  0.14
7140  50099.7  0.14
7160  50160.9  0.14
7180  50250.7  0.14
7200  50602.2  0.14
7220  50636  0.14
7240  50707.9  0.14
7260  50777.9  0.14
7280  50847.8  0.14
7300  43631.6  0.12
7320  43701.6  0.12
7340  43773.5  0.12
7360  43814.6  0.12
7380  44050.5  0.12
7400  44122.4  0.12
7420  44163.5  0.12
7440  44235.4  0.12
7460  44298.1  0.12
7480  44703.6  0.12
7500  44775.5  0.12
7520  44845.4  0.12
7540  45081.3  0.12
7560  45124.4  0.12
7580  45194.4  0.12
7600  45266.3  0.12
7620  45300.1  0.12
7640  45370.1  0.12
7660  45442  0.12
7680  45483.1  0.12
7700  45545.8  0.12
7720  45790.9  0.12
7740  45832.1  0.12
7760  45903.9  0.12
7780  45966.6  0.12
7800  41185.5  0.12
7820  41228.6  0.12
7840  41662.9  0.12
7860  41727.5  0.12
7880  41768.6  0.12
7900  42011.8  0.12
7920  42076.4  0.12
7940  43665.4  0.12
7960  43735.4  0.12
7980  72367.7  0.2
8000  72443.5  0.2
8020  72557.4  0.2
8040  72737.1  0.2
8060  73022.3  0.2
8080  73100  0.2
8100  73279.8  0.2
8120  73391.7  0.2
8140  73476.7  0.2
8160  73573.9  0.2
8180  73772.8  0.2
8200  74220.2  0.2
8220  66741.7  0.18
8240  67002  0.18
8260  67169.8  0.18
8280  67287.2  0.18
8300  67379.6  0.18
8320  67464.8  0.18
8340  67657.5  0.18
8360  67749.9  0.18
8380  67842.4  0.18
8400  68027.8  0.18
8420  68293.5  0.18
8440  68387.9  0.18
8460  68503.3  0.18
8480  68663.8  0.18
8500  68758.2  0.18
8520  68902.4  0.18
8540  68966.1  0.18
8560  69128.5  0.18
8580  69810.3  0.18
8600  69875.9  0.18
8620  69968.3  0.18
8640  70180.6  0.18
8660  70246.2  0.18
8680  47642  0.12
8700  47706.6  0.12
8720  47747.7  0.12
8740  47817.7  0.12
8760  48062.8  0.12
8780  48125.5  0.12
8800  48166.6  0.12
8820  48238.5  0.12
8840  48308.5  0.12
8860  48344.3  0.12
8880  48414.2  0.12
8900  48484.2  0.12
8920  48527.2  0.12
8940  49127.5  0.12
8960  49197.5  0.12
8980  49240.5  0.12
9000  49310.5  0.12
9020  49375.1  0.12
9040  49445  0.12
9060  49486.2  0.12
9080  49558.1  0.12
9100  49794  0.12
9120  49835.1  0.12
9140  49907  0.12
9160  49977  0.12
9180  50012.8  0.12
9200  50082.7  0.12
9220  54142.9  0.12
9240  54214.7  0.12
9260  54248.6  0.12
9280  65741.2  0.16
9300  66196.8  0.16
9320  66334.5  0.16
9340  66420.4  0.16
9360  66504.5  0.16
9380  66642.2  0.16
9400  57319.7  0.14
9420  57403.7  0.14
9440  57468  0.14
9460  57732.5  0.14
9480  57809.3  0.14
9500  57902.5  0.14
9520  57964.9  0.14
9540  58056.1  0.14
9560  59033.4  0.14
9580  59094  0.14
9600  59185.4  0.14
9620  49746  0.12
9640  49809.1  0.12
9660  50264.7  0.12
9680  50354.2  0.12
9700  50416.7  0.12
9720  50498.8  0.12
9740  50588.3  0.12
9760  50679.6  0.12
9780  50740.2  0.12
9800  50822.4  0.12
9820  50913.7  0.12
9840  50974.3  0.12
9860  51065.7  0.12
9880  51147.8  0.12
9900  51208.4  0.12
9920  51299.8  0.12
9940  51389.2  0.12
9960  51442.5  0.12
9980  51533.9  0.12
10000  51633  0.12
10020  52088.7  0.12
10040  52142  0.12
10060  52231.4  0.12
10080  52322.8  0.12
10100  52383.4  0.12
10120  52467.5  0.12
10140  52556.9  0.12
10160  52617.5  0.12
10180  52708.8  0.12
10200  52791  0.12
10220  52880.4  0.12
10240  52942.9  0.12
10260  53025.1  0.12
10280  53116.4  0.12
10300  53177  0.12
10320  53266.5  0.12
10340  53350.5  0.12
10360  53420.8  0.12
10380  53510.3  0.12
10400  53966  0.12
10420  54019.3  0.12
10440  54110.6  0.12
10460  54200  0.12
10480  54289.5  0.12
10500  54344.7  0.12
10520  54434.1  0.12
10540  54525.5  0.12
10560  54586.1  0.12
10580  54668.2  0.12
10600  54759.6  0.12
10620  54820.2  0.12
10640  54909.6  0.12
10660  54993.7  0.12
10680  55054.3  0.12
10700  55145.6  0.12
10720  55244.8  0.12
10740  55326.9  0.12
10760  55753.8  0.12
10780  55843.2  0.12
10800  55932.6  0.12
10820  55987.9  0.12
10840  56077.3  0.12
10860  56168.7  0.12
10880  56229.3  0.12
10900  56311.4  0.12
10920  48994.9  0.1
10940  49036.1  0.1
10960  49106  0.1
10980  49170.6  0.1
11000  49240.6  0.1
11020  55905.6  0.12
11040  55968.3  0.12
11060  56038.2  0.12
11080  56140.6  0.12
11100  56210.6  0.12
11120  56698.8  0.12
11140  56739.9  0.12
11160  56809.9  0.12
11180  56941.1  0.12
11200  56974.9  0.12
11220  57044.9  0.12
11240  57176.1  0.12
11260  57246.1  0.12
11280  57281.8  0.12
11300  57411.1  0.12
11320  57481.1  0.12
11340  57524.1  0.12
11360  57646.1  0.12
11380  57716.1  0.12
11400  57759.1  0.12
11420  57888.4  0.12
11440  57953  0.12
11460  58023  0.12
11480  58487.7  0.12
11500  58559.6  0.12
11520  58622.3  0.12
11540  58724.7  0.12
11560  58794.6  0.12
11580  58864.6  0.12
11600  58959.7  0.12
11620  59029.6  0.12
11640  59099.6  0.12
11660  59202  0.12
11680  59264.6  0.12
11700  59336.5  0.12
11720  59465.8  0.12
11740  59506.9  0.12
11760  70892.9  0.14
11780  70962.8  0.14
11800  71046.8  0.14
11820  71118.7  0.14
11840  59938.8  0.12
11860  60346.2  0.12
11880  60416.1  0.12
11900  60478.8  0.12
11920  60593.2  0.12
11940  60663.2  0.12
11960  60735.1  0.12
11980  60869.1  0.12
12000  48903.9  0.1
12020  48975.8  0.1
12040  49045.8  0.1
12060  49079.6  0.1
12080  49151.5  0.1
12100  49221.5  0.1
12120  49264.5  0.1
12140  49327.2  0.1
12160  49397.2  0.1
12180  49440.2  0.1
12200  49510.2  0.1
12220  49937.2  0.1
12240  50009.1  0.1
12260  50050.2  0.1
12280  50122.1  0.1
12300  50184.8  0.1
12320  49733.9  0.1
12340  49805.8  0.1
12360  49875.8  0.1
12380  49911.5  0.1
12400  49981.5  0.1
12420  50051.5  0.1
12440  50123.3  0.1
12460  50157.2  0.1
12480  50227.2  0.1
12500  50299  0.1
12520  50340.2  0.1
12540  50404.8  0.1
12560  50474.7  0.1
12580  50880.2  0.1
12600  50952.1  0.1
12620  51014.8  0.1
12640  64012.4  0.12
12660  64095.7  0.12
12680  64169.8  0.12
12700  64253  0.12
12720  52692.6  0.1
12740  52762.5  0.1
12760  52827.1  0.1
12780  52868.3  0.1
12800  52940.2  0.1
12820  53010.1  0.1
12840  53044  0.1
12860  53115.9  0.1
12880  53185.8  0.1
12900  53227  0.1
12920  53291.6  0.1
12940  53725.9  0.1
12960  53797.8  0.1
12980  53838.9  0.1
13000  53901.6  0.1
13020  53973.5  0.1
13040  54014.6  0.1
13060  54084.6  0.1
13080  54149.2  0.1
13100  54190.3  0.1
13120  54262.2  0.1
13140  54332.2  0.1
13160  54366  0.1
13180  54437.9  0.1
13200  54507.9  0.1
13220  54577.8  0.1
13240  54613.6  0.1
13260  54683.6  0.1
13280  54755.4  0.1
13300  55160.9  0.1
13320  55223.6  0.1
13340  55295.5  0.1
13360  55336.6  0.1
13380  55408.5  0.1
13400  55471.2  0.1
13420  55541.1  0.1
13440  42149.9  0.08
13460  42183.7  0.08
13480  42224.9  0.08
13500  42267.9  0.08
13520  42309.1  0.08
13540  42344.8  0.08
13560  42386  0.08
13580  42427.1  0.08
13600  42470.2  0.08
13620  42504  0.08
13640  40757.6  0.06
13660  40800.7  0.06
13680  41206.2  0.06
13700  41241.9  0.06
13720  41283.1  0.06
13740  41324.2  0.06
13760  41367.3  0.06
13780  41401.1  0.06
13800  41444.2  0.06
13820  41485.3  0.06
13840  41526.4  0.06
13860  41562.2  0.06
13880  41603.3  0.06
13900  41644.5  0.06
13920  41687.5  0.06
13940  41721.4  0.06
13960  41764.5  0.06
13980  41794  0.06
14000  41815.9  0.06
14020  41830.5  0.06
14040  42216.7  0.06
14060  42238.5  0.06
14080  42260.4  0.06
14100  42275  0.06
14120  42296.8  0.06
14140  42318.7  0.06
14160  42340.6  0.06
14180  42355.2  0.06
14200  42377  0.06
14220  42398.9  0.06
14240  42413.5  0.06
14260  42435.3  0.06
14280  42457.2  0.06
14300  42479.1  0.06
14320  42493.7  0.06
14340  42515.5  0.06
14360  42537.4  0.06
14380  42559.3  0.06
14400  42938.2  0.06
14420  42960  0.06
14440  42981.9  0.06
14460  43003.8  0.06
14480  43018.4  0.06
14500  43040.2  0.06
14520  43062.1  0.06
14540  43084  0.06
14560  43098.5  0.06
14580  43120.4  0.06
14600  43142.3  0.06
14620  43164.1  0.06
14640  43178.7  0.06
14660  43200.6  0.06
14680  43222.5  0.06
14700  43244.3  0.06
14720  43258.9  0.06
14740  43280.8  0.06
14760  43667  0.06
14780  43688.8  0.06
14800  43703.4  0.06
14820  43725.3  0.06
14840  43747.2  0.06
14860  43769  0.06
14880  43783.6  0.06
14900  43805.5  0.06
14920  43827.3  0.06
14940  43849.2  0.06
14960  43863.8  0.06
14980  43885.7  0.06
