100  4069.84  0.98
120  5367.28  0.98
140  6331.78  0.92
160  7325.59  0.92
180  7869.18  0.9
200  9296.49  0.88
220  9528.9  0.82
240  9243.89  0.74
260  10806  0.8
280  11195.3  0.78
300  11808.3  0.78
320  13171.8  0.8
340  13508  0.78
360  14127.3  0.78
380  14347.4  0.76
400  14113.3  0.72
420  15131.6  0.72
440  15214.1  0.7
460  15909.8  0.7
480  16787.8  0.7
500  16928.4  0.68
520  16881.8  0.66
540  15011.7  0.56
560  14550  0.52
580  17099.9  0.6
600  18350  0.6
620  18873.5  0.6
640  22755.2  0.7
660  23304.4  0.7
680  23200.2  0.68
700  23308.9  0.66
720  23697.3  0.66
740  23760.2  0.64
760  24422.1  0.64
780  24990.9  0.64
800  25701.9  0.64
820  25346  0.62
840  24176.8  0.58
860  25434.9  0.6
880  24194.5  0.56
900  22824.2  0.52
920  23162.3  0.52
940  23787.4  0.52
960  18682.2  0.4
980  19659.2  0.4
1000  19947.5  0.4
1020  20233.2  0.4
1040  20556  0.4
1060  24130.7  0.46
1080  24438  0.46
1100  24212.3  0.44
1120  25598.5  0.46
1140  28484.7  0.5
1160  26347.6  0.46
1180  24733.2  0.42
1200  25075  0.42
1220  25440.3  0.42
1240  24516.3  0.4
1260  25120.1  0.4
1280  24206.1  0.38
1300  24578.1  0.38
1320  23575  0.36
1340  22669  0.34
1360  22944.8  0.34
1380  22299.6  0.32
1400  21146.2  0.3
1420  21412.9  0.3
1440  21708.5  0.3
1460  21912.9  0.3
1480  22208.9  0.3
1500  22444.7  0.3
1520  22740.7  0.3
1540  23253.1  0.3
1560  23526.5  0.3
1580  23790.9  0.3
1600  24053.5  0.3
1620  24289.3  0.3
1640  24585.3  0.3
1660  24821.3  0.3
1680  20797.5  0.26
1700  21041.1  0.26
1720  21241.9  0.26
1740  25861  0.3
1760  26114.2  0.3
1780  26775  0.3
1800  25215  0.28
1820  25773.9  0.28
1840  25967.1  0.28
1860  22431.7  0.24
1880  22604.4  0.24
1900  22860  0.24
1920  23080.5  0.24
1940  23307  0.24
1960  23515.6  0.24
1980  23767  0.24
2000  21790.1  0.22
2020  21952.1  0.22
2040  22342.1  0.22
2060  22475.9  0.22
2080  22654.5  0.22
2100  23065.4  0.22
2120  23253.6  0.22
2140  23411.2  0.22
2160  21412.1  0.2
2180  21546  0.2
2200  19561.4  0.18
2220  19698.2  0.18
2240  19837.5  0.18
2260  19971.3  0.18
2280  20117  0.18
2300  20260.3  0.18
2320  32047.9  0.28
2340  32241.3  0.28
2360  30098.9  0.26
2380  28190.7  0.24
2400  23652.8  0.2
2420  23783.5  0.2
2440  23965.5  0.2
2460  21650.1  0.18
2480  21801  0.18
2500  21932.3  0.18
2520  22077.1  0.18
2540  22213.1  0.18
2560  22362.9  0.18
2580  22502.4  0.18
2600  25198.8  0.2
2620  25322.9  0.2
2640  25465.9  0.2
2660  26122.8  0.2
2680  26228.6  0.2
2700  26381.4  0.2
2720  26520.1  0.2
2740  26676.9  0.2
2760  26787.2  0.2
2780  25008.2  0.18
2800  22001.2  0.16
2820  24397.7  0.18
2840  24521.9  0.18
2860  24646  0.18
2880  21995.2  0.16
2900  22123.1  0.16
2920  22234  0.16
2940  22636.8  0.16
2960  22747.1  0.16
2980  22881.3  0.16
3000  22995.6  0.16
3020  23127.5  0.16
3040  23242.4  0.16
3060  23345  0.16
3080  23459.3  0.16
3100  23587.5  0.16
3120  20586.7  0.14
3140  20692.7  0.14
3160  20782.8  0.14
3180  20888.8  0.14
3200  20994.8  0.14
3220  21376.2  0.14
3240  21482.2  0.14
3260  21575.6  0.14
3280  21678.2  0.14
3300  25841.5  0.16
3320  22650.4  0.14
3340  22743.2  0.14
3360  22849.2  0.14
3380  22937.6  0.14
3400  23049.7  0.14
3420  23142.5  0.14
3440  23249.2  0.14
3460  23342  0.14
3480  23448  0.14
3500  23816.5  0.14
3520  23922.5  0.14
3540  21968.4  0.14
3560  24979.1  0.14
3580  25102.2  0.14
3600  28583  0.16
3620  28673  0.16
3640  28779  0.16
3660  45888.9  0.26
3680  46089.5  0.26
3700  46272  0.26
3720  46501.8  0.26
3740  46677.1  0.26
3760  58578.5  0.32
3780  58847.6  0.32
3800  59071.2  0.32
3820  59326.7  0.32
3840  59526.2  0.32
3860  59827.5  0.32
3880  60023.7  0.32
3900  64939.3  0.34
3920  65489  0.34
3940  65828.1  0.34
3960  66035.3  0.34
3980  66324.5  0.34
4000  70601.5  0.36
4020  50992.5  0.26
4040  51225  0.26
4060  51393.1  0.26
4080  51618.1  0.26
4100  51846.6  0.26
4120  52054.6  0.26
4140  52311.1  0.26
4160  52513.1  0.26
4180  52738.1  0.26
4200  52968.2  0.26
4220  53485.8  0.26
4240  53684.3  0.26
4260  53940.9  0.26
4280  54111.3  0.26
4300  54377.3  0.26
4320  54609.8  0.26
4340  54804.3  0.26
4360  55034.4  0.26
4380  55270.3  0.26
4400  55438.4  0.26
4420  55694.9  0.26
4440  55890.7  0.26
4460  56116.8  0.26
4480  56373.3  0.26
4500  40364.7  0.18
4520  40476.7  0.18
4540  17890.8  0.08
4560  17954.9  0.08
4580  18006.5  0.08
4600  18070.6  0.08
4620  18122.1  0.08
4640  18186.3  0.08
4660  18237.8  0.08
4680  18311.4  0.08
4700  18363  0.08
4720  18427.1  0.08
4740  18478.7  0.08
4760  18542.8  0.08
4780  18594.3  0.08
4800  18658.5  0.08
4820  18710  0.08
4840  18774.1  0.08
4860  18835.2  0.08
4880  18899.3  0.08
4900  18950.9  0.08
4920  19015  0.08
4940  19066.5  0.08
4960  19130.7  0.08
4980  19182.2  0.08
5000  19246.3  0.08
5020  35808.1  0.16
5040  39507.4  0.16
5060  39668.7  0.16
5080  39828.6  0.16
5100  39928.8  0.16
5120  40090.1  0.16
5140  35094.8  0.14
5160  35195  0.14
5180  35325.8  0.14
5200  35455.2  0.14
5220  35566.3  0.14
5240  35695.7  0.14
5260  40067.9  0.16
5280  40201.1  0.16
5300  40721.6  0.16
5320  40823.2  0.16
5340  40952.6  0.16
5360  41082  0.16
5380  41183.6  0.16
5400  41322.5  0.16
5420  41421.7  0.16
5440  41553.5  0.16
5460  15748  0.06
5480  15787.9  0.06
5500  15826.3  0.06
5520  15866.1  0.06
5540  15550.1  0.06
5560  15588.5  0.06
5580  15637.8  0.06
5600  43686.4  0.16
5620  43795.9  0.16
5640  43922.6  0.16
5660  44062.6  0.16
5680  44158.8  0.16
5700  38952.7  0.14
5720  39043.7  0.14
5740  39153.2  0.14
5760  39239.6  0.14
5780  39657.6  0.14
5800  39767  0.14
5820  39863.3  0.14
5840  39972.7  0.14
5860  40058.7  0.14
5880  40168.2  0.14
5900  40241.4  0.14
5920  40350.9  0.14
5940  40447.1  0.14
5960  40566.1  0.14
5980  40657.1  0.14
6000  40766.6  0.14
6020  40862.8  0.14
6040  40972.3  0.14
6060  41045.5  0.14
6080  41155  0.14
6100  41558.2  0.14
6120  41667.7  0.14
6140  41773.4  0.14
6160  29570.9  0.1
6180  29623.3  0.1
6200  29686.9  0.1
6220  29739.3  0.1
6240  29804.9  0.1
6260  23599.3  0.08
6280  23664.9  0.08
6300  23717.3  0.08
6320  23792.4  0.08
6340  23844.8  0.08
6360  23908.4  0.08
6380  23974  0.08
6400  24026.4  0.08
6420  24092  0.08
6440  24144.4  0.08
6460  23855.6  0.08
6480  23908  0.08
6500  23983.1  0.08
6520  24033.5  0.08
6540  24099.1  0.08
6560  24151.5  0.08
6580  39491.3  0.12
6600  39600.3  0.12
6620  39723.8  0.12
6640  39832.8  0.12
6660  39953.8  0.12
6680  40072.6  0.12
6700  40224.1  0.12
6720  40302.7  0.12
6740  40456.6  0.12
6760  40565.6  0.12
6780  40683.2  0.12
6800  40794.6  0.12
6820  40946.1  0.12
6840  41022.6  0.12
6860  41143.5  0.12
6880  41295  0.12
6900  41373.5  0.12
6920  41527.4  0.12
6940  41636.4  0.12
6960  41757.4  0.12
6980  41868.9  0.12
7000  35007  0.1
7020  35085.5  0.1
7040  35208.9  0.1
7060  35296.9  0.1
7080  35417.9  0.1
7100  35498.8  0.1
7120  35619.9  0.1
7140  35698.4  0.1
7160  35819.8  0.1
7180  35898.3  0.1
7200  35979.2  0.1
7220  36100.2  0.1
7240  36188.2  0.1
7260  36311.6  0.1
7280  29124.3  0.08
7300  29202.8  0.08
7320  29278.4  0.08
7340  29356.9  0.08
7360  29435.4  0.08
7380  29516.3  0.08
7400  54416.1  0.16
7420  54542.9  0.16
7440  54654  0.16
7460  19750  0.06
7480  19787.1  0.06
7500  19826.4  0.06
7520  19865.6  0.06
7540  19904.8  0.06
7560  19944  0.06
7580  19628.8  0.06
7600  19677.5  0.06
7620  19716.7  0.06
7640  19755.9  0.06
7660  19793.1  0.06
7680  19832.3  0.06
7700  19871.5  0.06
7720  19910.8  0.06
7740  19950  0.06
7760  19989.2  0.06
7780  20037.9  0.06
7800  20077.1  0.06
7820  20114.3  0.06
7840  65363.7  0.18
7860  27790.9  0.08
7880  27828.6  0.08
7900  27610.9  0.08
7920  27651.7  0.08
7940  27970.9  0.08
7960  28016.8  0.08
7980  28057.6  0.08
8000  28094  0.08
8020  28134.8  0.08
8040  28171.2  0.08
8060  28212  0.08
8080  28252.7  0.08
8100  28289.2  0.08
8120  28329.9  0.08
8140  28366.4  0.08
8160  28416.6  0.08
8180  28457.4  0.08
8200  28493.8  0.08
8220  28813  0.08
8240  28849.4  0.08
8260  28890.2  0.08
8280  28926.6  0.08
8300  28967.4  0.08
8320  29006.4  0.08
8340  29050  0.08
8360  29087.8  0.08
8380  29121.9  0.08
8400  29159.7  0.08
8420  29197.5  0.08
8440  29231.6  0.08
8460  70270.9  0.18
8480  70407.5  0.18
8500  68765.9  0.18
8520  68943.5  0.18
8540  69044.2  0.18
8560  69213  0.18
8580  69307.6  0.18
8600  69476.4  0.18
8620  69644.6  0.18
8640  69745.2  0.18
8660  69912.4  0.18
8680  70040.3  0.18
8700  70187  0.18
8720  73908.2  0.18
8740  74071.7  0.18
8760  74171.6  0.18
8780  65837.6  0.16
8800  65941.9  0.16
8820  66064.5  0.16
8840  66196.7  0.16
8860  101562  0.24
8880  101759  0.24
8900  102236  0.24
8920  102379  0.24
8940  102772  0.24
8960  102910  0.24
8980  103057  0.24
9000  103226  0.24
9020  103382  0.24
9040  103544  0.24
9060  104009  0.24
9080  104152  0.24
9100  104323  0.24
9120  104474  0.24
9140  104825  0.24
9160  104987  0.24
9180  105143  0.24
9200  113884  0.26
9220  114371  0.26
9240  114519  0.26
9260  114706  0.26
9280  114840  0.26
9300  114991  0.26
9320  115165  0.26
9340  115820  0.26
9360  115957  0.26
9380  116140  0.26
9400  116270  0.26
9420  116457  0.26
9440  116608  0.26
9460  116752  0.26
9480  116922  0.26
9500  117109  0.26
9520  117234  0.26
9540  117934  0.26
9560  118090  0.26
9580  118225  0.26
9600  118798  0.26
9620  119224  0.26
9640  119399  0.26
9660  119573  0.26
9680  119719  0.26
9700  119881  0.26
9720  120064  0.26
9740  120183  0.26
9760  120558  0.26
9780  120697  0.26
9800  120893  0.26
9820  121051  0.26
9840  121513  0.26
9860  121683  0.26
9880  121858  0.26
9900  122256  0.26
9920  122422  0.26
9940  122596  0.26
9960  122952  0.26
9980  123515  0.26
10000  123665  0.26
10020  123835  0.26
10040  123987  0.26
10060  113956  0.24
10080  114138  0.24
10100  114296  0.24
10120  114451  0.24
10140  114626  0.24
10160  115286  0.24
10180  115739  0.24
10200  115899  0.24
10220  116042  0.24
10240  116211  0.24
10260  116394  0.24
10280  116524  0.24
10300  116707  0.24
10320  116876  0.24
10340  117025  0.24
10360  106921  0.22
10380  107076  0.22
10400  107229  0.22
10420  107416  0.22
10440  107554  0.22
10460  108320  0.22
10480  97999.3  0.2
10500  98127.6  0.2
10520  98276.1  0.2
10540  98404.4  0.2
10560  98550.1  0.2
10580  98698  0.2
10600  98817.5  0.2
10620  98981.7  0.2
10640  99111.1  0.2
10660  99243.8  0.2
10680  99390.5  0.2
10700  99542.7  0.2
10720  99944.7  0.2
10740  100105  0.2
10760  100212  0.2
10780  100679  0.2
10800  100830  0.2
10820  100946  0.2
10840  101110  0.2
10860  101256  0.2
10880  101372  0.2
10900  101533  0.2
10920  101693  0.2
10940  99231.1  0.2
10960  99395.4  0.2
10980  99510.5  0.2
11000  99941.2  0.2
11020  100083  0.2
11040  100215  0.2
11060  100350  0.2
11080  100524  0.2
11100  100950  0.2
11120  101098  0.2
11140  101217  0.2
11160  68937.5  0.14
11180  69013.3  0.14
11200  69094.2  0.14
11220  69175  0.14
11240  69255.9  0.14
11260  69346.2  0.14
11280  69705.5  0.14
11300  69786.4  0.14
11320  69867.2  0.14
11340  69948.1  0.14
11360  70028.9  0.14
11380  70109.8  0.14
11400  70502.8  0.14
11420  70583.7  0.14
11440  70674  0.14
11460  70733.4  0.14
11480  70814.3  0.14
11500  70895.1  0.14
11520  70976  0.14
11540  71051.8  0.14
11560  71411  0.14
11580  71491.9  0.14
11600  71572.7  0.14
11620  71663.1  0.14
11640  71740.6  0.14
11660  71821.4  0.14
11680  71902.3  0.14
11700  71983.1  0.14
11720  72376.2  0.14
11740  60705.7  0.12
11760  60765.1  0.12
11780  60824.4  0.12
11800  60893.3  0.12
11820  60952.7  0.12
11840  61290.5  0.12
11860  61349.8  0.12
11880  61409.2  0.12
11900  61463.5  0.12
11920  61522.9  0.12
11940  61582.3  0.12
11960  61641.6  0.12
11980  61701  0.12
12000  61769.9  0.12
12020  62141.4  0.12
12040  62200.8  0.12
12060  62260.2  0.12
12080  62319.5  0.12
12100  62378.9  0.12
12120  62716.7  0.12
12140  62776.1  0.12
12160  53569.9  0.1
12180  53618.6  0.1
12200  53657.8  0.1
12220  53697.1  0.1
12240  53731.3  0.1
12260  53766.9  0.1
12280  53802.6  0.1
12300  53838.2  0.1
12320  53873.8  0.1
12340  54220.8  0.1
12360  54265.9  0.1
12380  54301.6  0.1
12400  54615.6  0.1
12420  54651.3  0.1
12440  54369.4  0.1
12460  54408.7  0.1
12480  54447.9  0.1
12500  54487.2  0.1
12520  54526.4  0.1
12540  54575.2  0.1
12560  54614.4  0.1
12580  54653.7  0.1
12600  54687.8  0.1
12620  54727.1  0.1
12640  54766.3  0.1
12660  55117.8  0.1
12680  55435.4  0.1
12700  55474.7  0.1
12720  55523.4  0.1
12740  55562.7  0.1
12760  55601.9  0.1
12780  55641.2  0.1
12800  55680.4  0.1
12820  55719.7  0.1
12840  55758.9  0.1
12860  55798.2  0.1
12880  55837.4  0.1
12900  55886.1  0.1
12920  55922  0.1
12940  55957.8  0.1
12960  56579.2  0.1
12980  56615  0.1
13000  56650.8  0.1
13020  56686.6  0.1
13040  56722.4  0.1
13060  56758.3  0.1
13080  56803.6  0.1
13100  56839.4  0.1
13120  118049  0.18
13140  118154  0.18
13160  118290  0.18
13180  118383  0.18
13200  118524  0.18
13220  118629  0.18
13240  119236  0.18
13260  119341  0.18
13280  119804  0.18
13300  119934  0.18
13320  120028  0.18
13340  120169  0.18
13360  120262  0.18
13380  120403  0.18
13400  120503  0.18
13420  120632  0.18
13440  120942  0.18
13460  121093  0.18
13480  121180  0.18
13500  121321  0.18
13520  121741  0.18
13540  121834  0.18
13560  121970  0.18
13580  122075  0.18
13600  122516  0.18
13620  122621  0.18
13640  122971  0.18
13660  123059  0.18
13680  123200  0.18
13700  123305  0.18
13720  123429  0.18
13740  123570  0.18
13760  123675  0.18
13780  123804  0.18
13800  124182  0.18
13820  124333  0.18
13840  124426  0.18
13860  124767  0.18
13880  124872  0.18
13900  125313  0.18
13920  125407  0.18
13940  97526.1  0.14
13960  97628.7  0.14
13980  97712.1  0.14
14000  97836.2  0.14
14020  97902.5  0.14
14040  98017.2  0.14
14060  98379  0.14
14080  98481.6  0.14
14100  98565  0.14
14120  98679.6  0.14
14140  98751  0.14
14160  98865.6  0.14
14180  98989.7  0.14
14200  99061.1  0.14
14220  99175.8  0.14
14240  99259.1  0.14
14260  99361.8  0.14
14280  99445.1  0.14
14300  99559.8  0.14
14320  99631.2  0.14
14340  100024  0.14
14360  100108  0.14
14380  86374.4  0.12
14400  86479.2  0.12
14420  86578.6  0.12
14440  86671.3  0.12
14460  86776.1  0.12
14480  80110.9  0.12
14500  80169.2  0.12
14520  80227.4  0.12
14540  80285.6  0.12
14560  80362.8  0.12
14580  80421  0.12
14600  80479.2  0.12
14620  80815.8  0.12
14640  80874  0.12
14660  80932.2  0.12
14680  80990.4  0.12
14700  81048.7  0.12
14720  81509.6  0.12
14740  81581.7  0.12
14760  81640  0.12
14780  81698.2  0.12
14800  81756.4  0.12
14820  81814.6  0.12
14840  81872.8  0.12
14860  81931  0.12
14880  81989.2  0.12
14900  82325.9  0.12
14920  67500.6  0.1
14940  67558.8  0.1
14960  67617  0.1
14980  67675.3  0.1
