100  4504.87  0.96
120  4960.53  0.9
140  5665.2  0.88
160  6841.56  0.86
180  7533.66  0.86
200  7929.73  0.82
220  9668.42  0.82
240  10079.3  0.8
260  10527.2  0.78
280  11066.7  0.78
300  11813.2  0.76
320  11795.9  0.72
340  11637.4  0.68
360  12215.9  0.68
380  12815.6  0.68
400  12722.2  0.64
420  12333.3  0.6
440  12215  0.56
460  12485.7  0.54
480  13046.2  0.54
500  14173.8  0.56
520  14553.9  0.56
540  14413  0.54
560  15548.8  0.56
580  16112.2  0.56
600  15869.7  0.54
620  18203.3  0.6
640  19165.9  0.6
660  18470  0.56
680  18926  0.56
700  19496.6  0.56
720  20988.9  0.58
740  21590.7  0.58
760  21605.4  0.56
780  21944.4  0.56
800  20750.8  0.52
820  21687.9  0.52
840  21326.8  0.5
860  20792.3  0.48
880  21201.9  0.48
900  20686.5  0.46
920  22006.1  0.48
940  23354.2  0.5
960  23816.8  0.5
980  24178.4  0.5
1000  22904.4  0.46
1020  21263.7  0.42
1040  18436.9  0.36
1060  17633  0.34
1080  18265.8  0.34
1100  18944.1  0.34
1120  19195.3  0.34
1140  19474.2  0.34
1160  20857.2  0.36
1180  22265.8  0.38
1200  22575.8  0.38
1220  23020.8  0.38
1240  19512.9  0.32
1260  19720.5  0.32
1280  20274  0.32
1300  20575.6  0.32
1320  20754.6  0.32
1340  23628.5  0.36
1360  22626.4  0.34
1380  23136.4  0.34
1400  23490.9  0.34
1420  23693.9  0.34
1440  23896.3  0.34
1460  24171.8  0.34
1480  21747.5  0.3
1500  21923.3  0.3
1520  19223.7  0.26
1540  19427.6  0.26
1560  21212  0.28
1580  19817.4  0.26
1600  18472.1  0.24
1620  18665  0.24
1640  20555.4  0.26
1660  20767.4  0.26
1680  16227.2  0.2
1700  16394.2  0.2
1720  16562.2  0.2
1740  16727.6  0.2
1760  16868.2  0.2
1780  17034.1  0.2
1800  17197.4  0.2
1820  20970  0.24
1840  21162  0.24
1860  17669.3  0.2
1880  19824.8  0.22
1900  19990.6  0.22
1920  20155.2  0.22
1940  18303.5  0.2
1960  18470.2  0.2
1980  18942.9  0.2
2000  16983.6  0.18
2020  17148.2  0.18
2040  21389.6  0.22
2060  21597.8  0.22
2080  21763.4  0.22
2100  26205.8  0.26
2120  26435.4  0.26
2140  26624.5  0.26
2160  24673.4  0.24
2180  25015.5  0.24
2200  20804.5  0.2
2220  20936.8  0.2
2240  21142.9  0.2
2260  21282.4  0.2
2280  21509.7  0.2
2300  21702.8  0.2
2320  21842.4  0.2
2340  21981.8  0.2
2360  22275.9  0.2
2380  22433.1  0.2
2400  22563.4  0.2
2420  22705.9  0.2
2440  22996.9  0.2
2460  23133.2  0.2
2480  23246.9  0.2
2500  17483.7  0.14
2520  17646.2  0.14
2540  17722.7  0.14
2560  17798.1  0.14
2580  17876.4  0.14
2600  17969.6  0.14
2620  27307  0.22
2640  27448.6  0.22
2660  27565.1  0.22
2680  27694.4  0.22
2700  28019.3  0.22
2720  25476  0.2
2740  25619.4  0.2
2760  25798.7  0.2
2780  28801.5  0.22
2800  28981.8  0.22
2820  26387.1  0.2
2840  26526.1  0.2
2860  26681.2  0.2
2880  24046.7  0.18
2900  21290.5  0.16
2920  21426.3  0.16
2940  21521.6  0.16
2960  21706  0.16
2980  21826.9  0.16
3000  21946.7  0.16
3020  22123.4  0.16
3040  22260.9  0.16
3060  22381.9  0.16
3080  22565.6  0.16
3100  22685.5  0.16
3120  22799.2  0.16
3140  22981.8  0.16
3160  23102.8  0.16
3180  23221.9  0.16
3200  23400.2  0.16
3220  23537.9  0.16
3240  23655.9  0.16
3260  23776.9  0.16
3280  23964.3  0.16
3300  24056.5  0.16
3320  24194.2  0.16
3340  24376.8  0.16
3360  24517.4  0.16
3380  24638.3  0.16
3400  24795.2  0.16
3420  24932.9  0.16
3440  25052.6  0.16
3460  25238.2  0.16
3480  25332.4  0.16
3500  25451.5  0.16
3520  25608.8  0.16
3540  22236.5  0.14
3560  22357.5  0.14
3580  22453.4  0.14
3600  22572.5  0.14
3620  19092.5  0.12
3640  19194.5  0.12
3660  19271.8  0.12
3680  19373.8  0.12
3700  19475.1  0.12
3720  19595  0.12
3740  19698.8  0.12
3760  16013.3  0.1
3780  16098.6  0.1
3800  16183.1  0.1
3820  16270.2  0.1
3840  16330.9  0.1
3860  16415.5  0.1
3880  16500.8  0.1
3900  16589  0.1
3920  16672.4  0.1
3940  16733.2  0.1
3960  16817.7  0.1
3980  16904.8  0.1
4000  16991.2  0.1
4020  17048.9  0.1
4040  13100  0.08
4060  13160.6  0.08
4080  13220.2  0.08
4100  13280.9  0.08
4120  13340.4  0.08
4140  13401.2  0.08
4160  13458.9  0.08
4180  13519.6  0.08
4200  13582.1  0.08
4220  13639.8  0.08
4240  13700.6  0.08
4260  13760.2  0.08
4280  13820.8  0.08
4300  13881.5  0.08
4320  15338.9  0.08
4340  15378.9  0.08
4360  15419.6  0.08
4380  15459.6  0.08
4400  15499.6  0.08
4420  15538.4  0.08
4440  15580.2  0.08
4460  16043.4  0.08
4480  16083.4  0.08
4500  16122.3  0.08
4520  16164.1  0.08
4540  16204.1  0.08
4560  16243  0.08
4580  16284.7  0.08
4600  11655.9  0.06
4620  11696  0.06
4640  11736  0.06
4660  11776.6  0.06
4680  11816.6  0.06
4700  43527.5  0.2
4720  38970.1  0.18
4740  39052.2  0.18
4760  26294.6  0.12
4780  26377.5  0.12
4800  26464.2  0.12
4820  26552.7  0.12
4840  26609.9  0.12
4860  26696.6  0.12
4880  26783.3  0.12
4900  26133.5  0.12
4920  26194.5  0.12
4940  26277.5  0.12
4960  26364.2  0.12
4980  26452.6  0.12
5000  26535.6  0.12
5020  26899.7  0.12
5040  26982.7  0.12
5060  27071.1  0.12
5080  27157.8  0.12
5100  27215.1  0.12
5120  27303.5  0.12
5140  27390.2  0.12
5160  27473.2  0.12
5180  27559.9  0.12
5200  27618.9  0.12
5220  36427.5  0.14
5240  36514.2  0.14
5260  36682.4  0.14
5280  36889.4  0.14
5300  31637  0.12
5320  26569.9  0.1
5340  26741.9  0.1
5360  26826.6  0.1
5380  26887.6  0.1
5400  26970.6  0.1
5420  27142.6  0.1
5440  27231  0.1
5460  27288.3  0.1
5480  27375  0.1
5500  27461.7  0.1
5520  27631.7  0.1
5540  12753.6  0.06
5560  12792.9  0.06
5580  12834.9  0.06
5600  12874.2  0.06
5620  12913.5  0.06
5640  12952.8  0.06
5660  12994.8  0.06
5680  22700.5  0.08
5700  34225.7  0.12
5720  34328.1  0.12
5740  34408.5  0.12
5760  34598.2  0.12
5780  34706.7  0.12
5800  34811  0.12
5820  34889.5  0.12
5840  34999.9  0.12
5860  35189.6  0.12
5880  35292  0.12
5900  35398.1  0.12
5920  35480.9  0.12
5940  35670.6  0.12
5960  35774.9  0.12
5980  35879.1  0.12
6000  35963.8  0.12
6020  36151.5  0.12
6040  36255.8  0.12
6060  36361.9  0.12
6080  36470.5  0.12
6100  36549.1  0.12
6120  36740.5  0.12
6140  36849  0.12
6160  36953.3  0.12
6180  37030.1  0.12
6200  30993.3  0.1
6220  31103.7  0.1
6240  31206.1  0.1
6260  31310.4  0.1
6280  31388.9  0.1
6300  31499.3  0.1
6320  31603.7  0.1
6340  31706.1  0.1
6360  25430.4  0.08
6380  25514.7  0.08
6400  25600.1  0.08
6420  25684.4  0.08
6440  25771.7  0.08
6460  25830.3  0.08
6480  25917.6  0.08
6500  26003.1  0.08
6520  26068.4  0.08
6540  26109.3  0.08
6560  26171  0.08
6580  26237.5  0.08
6600  26299.2  0.08
6620  26363.9  0.08
6640  26401.8  0.08
6660  26468.3  0.08
6680  26530  0.08
6700  17611.5  0.06
6720  17650.2  0.06
6740  17690.7  0.06
6760  17731.5  0.06
6780  17770.1  0.06
6800  17811  0.06
6820  17851.4  0.06
6840  17890.1  0.06
6860  17930.9  0.06
6880  17969.6  0.06
6900  18012.1  0.06
6920  18050.8  0.06
6940  18091.6  0.06
6960  18130.3  0.06
6980  18170.8  0.06
7000  18211.6  0.06
7020  18250.2  0.06
7040  18291  0.06
7060  18331.5  0.06
7080  18370.2  0.06
7100  18411  0.06
7120  18451.4  0.06
7140  18492.2  0.06
7160  18530.9  0.06
7180  18569.6  0.06
7200  25810.2  0.08
7220  25848.8  0.08
7240  28174  0.08
7260  28213.4  0.08
7280  28278.4  0.08
7300  28341.6  0.08
7320  28404.8  0.08
7340  28468  0.08
7360  28509.2  0.08
7380  28572.4  0.08
7400  28635.6  0.08
7420  28698.8  0.08
7440  28740  0.08
7460  28803.2  0.08
7480  28866.4  0.08
7500  28929.6  0.08
7520  28994.6  0.08
7540  29034  0.08
7560  29103.8  0.08
7580  29167  0.08
7600  29232  0.08
7620  31550.7  0.1
7640  31619.2  0.1
7660  31689.5  0.1
7680  31727.4  0.1
7700  31795.9  0.1
7720  31864.4  0.1
7740  31906.1  0.1
7760  31974.6  0.1
7780  32041  0.1
7800  32081  0.1
7820  32349  0.1
7840  32417.5  0.1
7860  32486  0.1
7880  32523.9  0.1
7900  32594.2  0.1
7920  32662.6  0.1
7940  32702.6  0.1
7960  32769  0.1
7980  32839.3  0.1
8000  32879.2  0.1
8020  34658.3  0.1
8040  34726.8  0.1
8060  34795  0.1
8080  26968.9  0.08
8100  27037.4  0.08
8120  17221.6  0.06
8140  17261.6  0.06
8160  17299.5  0.06
8180  17339.4  0.06
8200  17381.2  0.06
8220  17421.1  0.06
8240  17461.1  0.06
8260  17499  0.06
8280  17540.7  0.06
8300  17580.7  0.06
8320  27486.3  0.08
8340  27574.9  0.08
8360  23238.6  0.06
8380  23282.7  0.06
8400  23320.5  0.06
8420  23358.4  0.06
8440  23398.1  0.06
8460  23442.1  0.06
8480  23480  0.06
8500  23517.9  0.06
8520  23563.7  0.06
8540  23601.6  0.06
8560  23639.5  0.06
8580  23677.4  0.06
8600  23723.2  0.06
8620  23761.1  0.06
8640  16183.6  0.04
8660  16204.9  0.04
8680  16224.5  0.04
8700  16244  0.04
8720  16263.5  0.04
8740  16284.9  0.04
8760  16304.4  0.04
8780  16323.9  0.04
8800  16343.5  0.04
8820  16364.8  0.04
8840  41665.9  0.1
8860  41729.9  0.1
8880  41897.8  0.1
8900  41963.5  0.1
8920  42027.4  0.1
8940  42091.3  0.1
8960  42155.3  0.1
8980  33253.9  0.08
9000  33317.8  0.08
9020  33381.8  0.08
9040  33445.7  0.08
9060  33487.6  0.08
9080  33541.2  0.08
9100  38656.7  0.1
9120  38720.9  0.1
9140  39214.6  0.1
9160  39267  0.1
9180  39327.2  0.1
9200  39381.4  0.1
9220  33792.7  0.08
9240  33825.4  0.08
9260  33881.8  0.08
9280  24857.6  0.06
9300  24900.9  0.06
9320  24944.3  0.06
9340  24963.8  0.06
9360  25009  0.06
9380  25052.3  0.06
9400  25095.7  0.06
9420  25115.2  0.06
9440  25160.3  0.06
9460  25203.7  0.06
9480  25247.1  0.06
9500  25290.4  0.06
9520  25311.7  0.06
9540  25355.1  0.06
9560  25398.4  0.06
9580  25441.8  0.06
9600  25463.1  0.06
9620  25506.5  0.06
9640  25549.8  0.06
9660  25595  0.06
9680  25638.3  0.06
9700  25657.9  0.06
9720  25701.2  0.06
9740  25746.4  0.06
9760  25789.7  0.06
9780  25809.2  0.06
9800  25852.6  0.06
9820  25897.7  0.06
9840  25941.1  0.06
9860  25984.5  0.06
9880  26004  0.06
9900  26049.1  0.06
9920  26092.5  0.06
9940  26135.8  0.06
9960  26155.4  0.06
9980  26200.5  0.06
10000  26243.9  0.06
10020  26287.2  0.06
10040  26330.6  0.06
10060  26351.9  0.06
10080  26395.3  0.06
10100  26438.6  0.06
10120  26483.7  0.06
10140  26527.1  0.06
10160  26546.6  0.06
10180  26590  0.06
10200  26635.1  0.06
10220  26678.5  0.06
10240  26698  0.06
10260  26741.4  0.06
10280  26786.5  0.06
10300  26829.9  0.06
10320  26873.2  0.06
10340  26892.8  0.06
10360  26937.9  0.06
10380  26981.3  0.06
10400  27024.6  0.06
10420  27044.2  0.06
10440  27089.3  0.06
10460  27132.6  0.06
10480  27176  0.06
10500  27219.4  0.06
10520  27240.7  0.06
10540  27284  0.06
10560  27327.4  0.06
10580  27370.7  0.06
10600  27392.1  0.06
10620  27435.4  0.06
10640  27478.8  0.06
10660  27523.9  0.06
10680  27567.3  0.06
10700  27586.8  0.06
10720  27630.2  0.06
10740  27675.3  0.06
10760  27718.7  0.06
10780  27738.2  0.06
10800  27781.5  0.06
10820  27826.7  0.06
10840  27870  0.06
10860  27913.4  0.06
10880  27932.9  0.06
10900  27978.1  0.06
10920  28021.4  0.06
10940  28064.8  0.06
10960  28084.3  0.06
10980  28129.5  0.06
11000  28172.8  0.06
11020  28216.2  0.06
11040  28259.5  0.06
11060  17580.8  0.04
11080  17600.4  0.04
11100  17619.9  0.04
11120  17639.5  0.04
11140  17660.8  0.04
11160  17680.3  0.04
11180  17699.8  0.04
11200  17721.2  0.04
11220  17740.7  0.04
11240  17760.2  0.04
11260  17779.8  0.04
11280  17801.1  0.04
11300  17820.6  0.04
11320  17840.2  0.04
11340  17859.7  0.04
11360  17881  0.04
11380  17900.6  0.04
11400  17920.1  0.04
11420  17939.6  0.04
11440  17960.9  0.04
11460  17980.5  0.04
11480  25392.7  0.06
11500  25412.2  0.06
11520  25433.6  0.06
11540  25453.1  0.06
11560  25472.6  0.06
11580  25492.2  0.06
11600  25513.5  0.06
11620  25533  0.06
11640  25552.6  0.06
11660  25573.9  0.06
11680  26017.7  0.06
11700  26037.3  0.06
11720  26056.8  0.06
11740  26078.1  0.06
11760  26097.7  0.06
11780  26117.2  0.06
11800  26136.8  0.06
11820  26158.1  0.06
11840  26177.6  0.06
11860  26197.1  0.06
11880  26216.7  0.06
11900  26238  0.06
11920  14376.2  0.04
11940  14395.8  0.04
11960  14415.3  0.04
11980  14436.6  0.04
12000  14456.1  0.04
12020  14475.7  0.04
12040  14495.2  0.04
12060  120425  0.2
12080  120905  0.2
12100  109182  0.18
12120  109346  0.18
12140  109408  0.18
12160  109553  0.18
12180  109664  0.18
12200  109941  0.18
12220  110001  0.18
12240  110112  0.18
12260  110322  0.18
12280  110435  0.18
12300  110483  0.18
12320  98357  0.16
12340  98697.5  0.16
12360  99061.1  0.16
12380  99225.6  0.16
12400  99285.4  0.16
12420  99430.5  0.16
12440  99543.4  0.16
12460  99667.8  0.16
12480  99911.8  0.16
12500  100057  0.16
12520  100201  0.16
12540  100312  0.16
12560  100361  0.16
12580  100485  0.16
12600  100683  0.16
12620  100887  0.16
12640  101063  0.16
12660  101397  0.16
12680  101560  0.16
12700  101672  0.16
12720  76397.8  0.12
12740  76448.2  0.12
12760  16971.2  0.04
12780  16990.8  0.04
12800  17010.3  0.04
12820  17031.6  0.04
12840  17051.2  0.04
12860  17070.7  0.04
12880  17090.2  0.04
12900  17111.6  0.04
12920  17131.1  0.04
12940  17150.6  0.04
12960  17170.2  0.04
12980  17191.5  0.04
13000  17211  0.04
13020  17230.6  0.04
13040  17250.1  0.04
13060  17271.4  0.04
13080  17291  0.04
13100  17310.5  0.04
13120  17330  0.04
13140  17351.3  0.04
13160  17370.9  0.04
13180  17390.4  0.04
13200  17411.7  0.04
13220  17431.3  0.04
13240  17450.8  0.04
13260  30919.1  0.06
13280  30940.4  0.06
13300  17606.1  0.04
13320  17625.6  0.04
13340  17645.2  0.04
13360  17666.5  0.04
13380  17686  0.04
13400  66988  0.1
13420  67089.9  0.1
13440  67243.9  0.1
13460  67310.8  0.1
13480  67412.8  0.1
13500  67497.6  0.1
13520  67566.2  0.1
13540  67688.9  0.1
13560  54260.2  0.08
13580  54297.6  0.08
13600  54336.7  0.08
13620  54524  0.08
13640  54561.4  0.08
13660  54618.3  0.08
13680  54720.3  0.08
13700  54843  0.08
13720  54880.3  0.08
13740  54984.1  0.08
13760  55021.5  0.08
13780  55144.2  0.08
13800  55246.1  0.08
13820  55285.3  0.08
13840  55340.5  0.08
13860  55377.8  0.08
13880  55565.1  0.08
13900  55604.3  0.08
13920  55641.6  0.08
13940  55743.6  0.08
13960  55866.3  0.08
13980  55905.4  0.08
14000  56025.3  0.08
14020  56062.6  0.08
14040  56185.3  0.08
14060  56289.1  0.08
14080  56326.4  0.08
14100  56363.8  0.08
14120  56401.1  0.08
14140  56590.2  0.08
14160  56645.4  0.08
14180  56682.8  0.08
14200  56786.5  0.08
14220  56909.2  0.08
14240  56946.6  0.08
14260  57048.6  0.08
14280  57087.7  0.08
14300  57210.4  0.08
14320  57330.2  0.08
14340  57367.6  0.08
14360  57406.7  0.08
14380  57529.4  0.08
14400  57631.4  0.08
14420  57668.7  0.08
14440  57707.9  0.08
14460  57809.8  0.08
14480  57950.3  0.08
14500  57987.7  0.08
14520  58091.5  0.08
14540  58128.8  0.08
14560  58251.5  0.08
14580  58353.5  0.08
14600  58392.6  0.08
14620  58430  0.08
14640  58617.3  0.08
14660  58674.3  0.08
14680  58711.6  0.08
14700  58749  0.08
14720  58936.3  0.08
14740  58975.4  0.08
14760  59012.8  0.08
14780  59114.8  0.08
14800  59152.1  0.08
14820  74070  0.1
14840  74158.6  0.1
14860  74196  0.1
14880  74233.3  0.1
14900  15881.1  0.04
14920  15900.6  0.04
14940  15920.2  0.04
14960  15939.7  0.04
14980  15961  0.04
