100  4277.71  0.98
120  5030.94  0.98
140  6098.01  0.98
160  6935.11  0.94
180  8373.09  0.9
200  9902.48  0.9
220  10777.9  0.9
240  11256.2  0.88
260  11706.8  0.86
280  12183  0.84
300  12224.2  0.8
320  11868.4  0.74
340  12642.1  0.76
360  12622.6  0.7
380  13122.8  0.7
400  12837.1  0.66
420  14663  0.72
440  14432.5  0.68
460  14355.9  0.64
480  13789  0.6
500  14014.4  0.58
520  13778.6  0.54
540  14520.9  0.54
560  15481.3  0.56
580  15865.5  0.56
600  16085.3  0.54
620  17836.6  0.56
640  17218.4  0.54
660  20283.9  0.62
680  20865.8  0.62
700  21254.4  0.62
720  21742.8  0.62
740  22189.9  0.62
760  22932.1  0.62
780  23610.4  0.62
800  24110.4  0.62
820  24633.4  0.62
840  23482.8  0.58
860  21104.4  0.5
880  22241.8  0.5
900  22705.1  0.5
920  23082.8  0.5
940  24093.9  0.52
960  24606.8  0.52
980  23145.7  0.48
1000  24002.4  0.48
1020  24330.5  0.48
1040  24246.5  0.48
1060  24832.6  0.48
1080  22622.3  0.42
1100  22920.7  0.42
1120  23674.9  0.44
1140  23736.5  0.42
1160  20615.6  0.36
1180  20813.3  0.36
1200  21171.5  0.36
1220  21754.7  0.36
1240  26616.5  0.44
1260  24923.8  0.4
1280  25136.8  0.4
1300  24190.7  0.38
1320  20644.4  0.32
1340  16957  0.26
1360  17107.7  0.26
1380  17338.5  0.26
1400  17895.8  0.26
1420  22187.1  0.32
1440  22554.7  0.32
1460  22752.3  0.32
1480  22968.1  0.32
1500  23156.4  0.32
1520  23424.7  0.32
1540  23723.3  0.32
1560  29802.7  0.4
1580  30378  0.4
1600  31019.6  0.4
1620  29582.5  0.38
1640  29992.8  0.38
1660  30243.7  0.38
1680  30557.7  0.38
1700  26365.8  0.32
1720  26543.2  0.32
1740  26920.6  0.32
1760  25367.9  0.3
1780  26041  0.3
1800  26235.3  0.3
1820  22813.7  0.26
1840  23055.2  0.26
1860  23278.9  0.26
1880  23513.1  0.26
1900  29010.4  0.32
1920  29291.8  0.32
1940  29867.3  0.32
1960  28131.9  0.3
1980  24408.6  0.26
2000  28588  0.3
2020  28835.1  0.3
2040  29006.1  0.3
2060  29211.5  0.3
2080  29456.1  0.3
2100  27593.1  0.28
2120  27836.8  0.28
2140  23800.4  0.24
2160  23963.7  0.24
2180  24521.9  0.24
2200  24687.3  0.24
2220  20763.6  0.2
2240  20910.4  0.2
2260  18903.3  0.18
2280  19065.4  0.18
2300  19188.7  0.18
2320  19312  0.18
2340  20188.7  0.18
2360  20316.1  0.18
2380  20439.4  0.18
2400  20626.6  0.18
2420  20742.5  0.18
2440  20870  0.18
2460  21055.6  0.18
2480  22633.3  0.2
2500  22756.6  0.2
2520  22862.2  0.2
2540  23042  0.2
2560  23163.7  0.2
2580  23684  0.2
2600  23865.9  0.2
2620  21529.5  0.18
2640  21652.9  0.18
2660  21687.4  0.18
2680  21805.5  0.18
2700  21928.9  0.18
2720  22116  0.18
2740  19488  0.16
2760  19590.1  0.16
2780  19713.5  0.16
2800  19829.4  0.16
2820  19954.6  0.16
2840  20080.1  0.16
2860  17342.9  0.14
2880  17438.9  0.14
2900  17540.4  0.14
2920  17644.1  0.14
2940  17738.2  0.14
2960  17841.6  0.14
2980  18336.5  0.14
3000  18432.8  0.14
3020  20840.1  0.14
3040  20923.6  0.14
3060  20997.7  0.14
3080  21079.8  0.14
3100  21161.2  0.14
3120  21244.7  0.14
3140  21318.8  0.14
3160  18960.2  0.12
3180  19063.9  0.12
3200  19158.2  0.12
3220  19260  0.12
3240  19343.5  0.12
3260  19419.8  0.12
3280  19501.6  0.12
3300  19583.3  0.12
3320  19667.2  0.12
3340  19740.6  0.12
3360  20217.3  0.12
3380  20299  0.12
3400  20375.5  0.12
3420  20459.2  0.12
3440  20538  0.12
3460  20612.4  0.12
3480  20698.2  0.12
3500  20780  0.12
3520  20861.7  0.12
3540  20936  0.12
3560  21019  0.12
3580  21099.7  0.12
3600  21174.2  0.12
3620  21256.1  0.12
3640  21342.1  0.12
3660  21416.5  0.12
3680  21495  0.12
3700  29906.2  0.18
3720  30000.7  0.18
3740  30130.5  0.18
3760  30647  0.18
3780  30769.7  0.18
3800  27241.5  0.16
3820  27340.4  0.16
3840  20039.8  0.12
3860  20115.1  0.12
3880  20198.9  0.12
3900  20279.7  0.12
3920  21051.5  0.12
3940  21135.1  0.12
3960  26963.1  0.14
3980  27078.7  0.14
4000  23159.4  0.12
4020  23252.7  0.12
4040  23317.4  0.12
4060  23418.5  0.12
4080  23475.1  0.12
4100  23576.3  0.12
4120  23633.1  0.12
4140  23734.2  0.12
4160  24224.5  0.12
4180  24286.9  0.12
4200  24382.4  0.12
4220  24444.9  0.12
4240  24548  0.12
4260  24602.6  0.12
4280  20410.6  0.1
4300  20467.2  0.1
4320  20529.7  0.1
4340  20584.3  0.1
4360  20648.9  0.1
4380  20705.5  0.1
4400  20768  0.1
4420  20822.6  0.1
4440  20887.2  0.1
4460  20951.7  0.1
4480  36683.9  0.18
4500  36890.6  0.18
4520  36973  0.18
4540  37055.1  0.18
4560  37659.3  0.18
4580  37728.7  0.18
4600  37861.5  0.18
4620  37941.7  0.18
4640  38099.9  0.18
4660  33564.1  0.16
4680  33648.4  0.16
4700  33971.2  0.16
4720  34118.5  0.16
4740  34198.7  0.16
4760  18107.1  0.08
4780  18146  0.08
4800  18185  0.08
4820  18223.9  0.08
4840  18267  0.08
4860  18305.9  0.08
4880  18344.8  0.08
4900  18385.7  0.08
4920  22725.7  0.1
4940  23180.5  0.1
4960  23240.4  0.1
4980  18317.4  0.08
5000  18358.5  0.08
5020  18397.4  0.08
5040  18436.3  0.08
5060  18477.2  0.08
5080  18518.3  0.08
5100  18557.3  0.08
5120  18598.1  0.08
5140  18637.1  0.08
5160  18678.2  0.08
5180  18717.1  0.08
5200  23944.5  0.1
5220  24010.7  0.1
5240  24076.6  0.1
5260  24140.4  0.1
5280  24206.6  0.1
5300  24245.3  0.1
5320  24311.2  0.1
5340  24769.9  0.1
5360  24836.1  0.1
5380  24899.9  0.1
5400  24940.7  0.1
5420  25006.9  0.1
5440  25070.7  0.1
5460  44756.4  0.18
5480  44844.5  0.18
5500  44983.4  0.18
5520  45168.6  0.18
5540  45243.8  0.18
5560  45331.9  0.18
5580  45495.9  0.18
5600  45556.8  0.18
5620  45742  0.18
5640  45830.1  0.18
5660  40471.2  0.16
5680  40546.4  0.16
5700  40607.3  0.16
5720  40796.4  0.16
5740  41355.2  0.16
5760  41441.2  0.16
5780  41527.2  0.16
5800  41590.3  0.16
5820  41842.6  0.16
5840  41928.6  0.16
5860  42014.6  0.16
5880  20908.4  0.08
5900  20947.1  0.08
5920  20988.3  0.08
5940  21027  0.08
5960  21067.8  0.08
5980  21106.5  0.08
6000  21147.7  0.08
6020  21186.4  0.08
6040  21227.2  0.08
6060  21268.3  0.08
6080  21307  0.08
6100  21345.8  0.08
6120  21389  0.08
6140  21822.7  0.08
6160  62176.3  0.22
6180  39037.1  0.14
6200  39173  0.14
6220  39328.8  0.14
6240  39385.4  0.14
6260  39459.3  0.14
6280  33285.7  0.12
6300  33342.3  0.12
6320  33498.2  0.12
6340  33554.8  0.12
6360  27259.9  0.1
6380  27299.2  0.1
6400  26417.8  0.1
6420  26556.3  0.1
6440  26597.8  0.1
6460  26637.2  0.1
6480  26676.5  0.1
6500  26715.9  0.1
6520  27251.6  0.1
6540  27290.9  0.1
6560  27331.9  0.1
6580  27371.2  0.1
6600  27512  0.1
6620  27551.3  0.1
6640  27590.7  0.1
6660  27630  0.1
6680  27671.5  0.1
6700  27810.1  0.1
6720  27849.4  0.1
6740  27888.8  0.1
6760  27930.3  0.1
6780  27969.6  0.1
6800  28108.2  0.1
6820  28147.5  0.1
6840  28190.7  0.1
6860  28230  0.1
6880  28269.4  0.1
6900  28408  0.1
6920  28844.4  0.1
6940  28883.8  0.1
6960  28923.1  0.1
6980  28962.4  0.1
7000  29103.2  0.1
7020  29142.5  0.1
7040  29181.9  0.1
7060  29221.2  0.1
7080  29262.7  0.1
7100  29401.3  0.1
7120  29442.3  0.1
7140  29481.6  0.1
7160  22377.5  0.08
7180  22416.9  0.08
7200  22456.2  0.08
7220  22495.6  0.08
7240  22537.1  0.08
7260  22576.4  0.08
7280  22615.7  0.08
7300  22655.1  0.08
7320  23091.6  0.08
7340  23130.9  0.08
7360  23170.2  0.08
7380  23211.2  0.08
7400  23252.7  0.08
7420  23292.1  0.08
7440  23331.4  0.08
7460  23370.7  0.08
7480  23412.2  0.08
7500  23451.6  0.08
7520  23490.9  0.08
7540  23530.3  0.08
7560  38318.8  0.12
7580  38422.4  0.12
7600  38462.2  0.12
7620  38502  0.12
7640  38607.7  0.12
7660  38645.9  0.12
7680  38685.7  0.12
7700  38789.3  0.12
7720  31495.7  0.1
7740  31535.4  0.1
7760  31637.5  0.1
7780  31524.2  0.1
7800  31566.2  0.1
7820  31605.9  0.1
7840  31709.5  0.1
7860  31747.7  0.1
7880  31789.7  0.1
7900  31893.3  0.1
7920  31933  0.1
7940  31972.8  0.1
7960  32077  0.1
7980  32116.8  0.1
8000  32156.5  0.1
8020  32260.1  0.1
8040  32302.1  0.1
8060  32340.3  0.1
8080  32443.9  0.1
8100  32878.6  0.1
8120  32920.5  0.1
8140  32960.3  0.1
8160  33063.9  0.1
8180  33102.1  0.1
8200  33144  0.1
8220  33247.6  0.1
8240  25049.8  0.08
8260  25089.5  0.08
8280  25129.9  0.08
8300  25169.7  0.08
8320  25209.4  0.08
8340  25249.2  0.08
8360  25291.1  0.08
8380  25329.3  0.08
8400  25369.1  0.08
8420  25408.8  0.08
8440  25450.7  0.08
8460  25490.5  0.08
8480  25528.7  0.08
8500  25963.4  0.08
8520  26005.3  0.08
8540  25769.6  0.06
8560  25809.3  0.06
8580  25847.5  0.06
8600  25889.5  0.06
8620  25929.2  0.06
8640  25969  0.06
8660  26008.7  0.06
8680  26050.7  0.06
8700  36218.3  0.1
8720  36276.3  0.1
8740  36736.8  0.1
8760  36779  0.1
8780  36896.2  0.1
8800  36936.2  0.1
8820  36976.2  0.1
8840  37015.4  0.1
8860  37132.6  0.1
8880  37172.6  0.1
8900  37607.5  0.1
8920  28793.5  0.08
8940  28830.6  0.08
8960  28870.6  0.08
8980  28910.6  0.08
9000  28952.8  0.08
9020  28992.8  0.08
9040  29032.9  0.08
9060  29069.9  0.08
9080  29112.1  0.08
9100  29152.1  0.08
9120  29192.1  0.08
9140  29232.1  0.08
9160  28350.6  0.08
9180  64574.7  0.16
9200  64658.3  0.16
9220  64720  0.16
9240  64872.9  0.16
9260  64953  0.16
9280  65036.6  0.16
9300  23645.7  0.06
9320  23667.3  0.06
9340  23686.8  0.06
9360  23706.3  0.06
9380  23725.7  0.06
9400  23747.3  0.06
9420  23766.8  0.06
9440  23786.3  0.06
9460  23805.7  0.06
9480  23827.3  0.06
9500  23846.8  0.06
9520  23866.2  0.06
9540  23885.7  0.06
9560  23907.3  0.06
9580  39661.9  0.1
9600  39701  0.1
9620  39781.3  0.1
9640  39822.6  0.1
9660  39900.4  0.1
9680  40334.5  0.1
9700  49253.2  0.12
9720  49294.5  0.12
9740  49372.3  0.12
9760  49411.4  0.12
9780  33289.5  0.08
9800  33311.1  0.08
9820  33369.2  0.08
9840  33388.7  0.08
9860  33446.8  0.08
9880  33468.5  0.08
9900  33526.6  0.08
9920  33546.1  0.08
9940  42067.3  0.1
9960  42112.4  0.1
9980  42147.6  0.1
10000  42190.6  0.1
10020  42225.7  0.1
10040  42270.9  0.1
10060  42313.8  0.1
10080  43138.9  0.1
10100  43181.9  0.1
10120  43219.2  0.1
10140  43262.2  0.1
10160  33806.5  0.08
10180  33874.6  0.08
10200  33896.2  0.08
10220  33915.6  0.08
10240  33983.7  0.08
10260  34003.1  0.08
10280  34073.4  0.08
10300  34092.8  0.08
10320  34112.3  0.08
10340  34180.3  0.08
10360  31264  0.08
10380  31305.6  0.08
10400  31344.7  0.08
10420  31383.9  0.08
10440  31425.2  0.08
10460  31464.3  0.08
10480  24989.7  0.06
10500  25009.1  0.06
10520  25030.7  0.06
10540  25050.2  0.06
10560  25069.6  0.06
10580  25089.1  0.06
10600  25110.7  0.06
10620  25130.2  0.06
10640  25149.6  0.06
10660  35188.6  0.08
10680  35229.4  0.08
10700  35268  0.08
10720  24606.5  0.06
10740  24625.9  0.06
10760  24647.5  0.06
10780  24667  0.06
10800  24686.5  0.06
10820  24705.9  0.06
10840  24727.5  0.06
10860  24747  0.06
10880  25161.4  0.06
10900  25180.9  0.06
10920  25202.5  0.06
10940  25221.9  0.06
10960  25241.4  0.06
10980  25260.9  0.06
11000  25282.5  0.06
11020  25301.9  0.06
11040  25321.4  0.06
11060  25340.9  0.06
11080  25362.5  0.06
11100  25381.9  0.06
11120  25401.4  0.06
11140  25420.9  0.06
11160  25442.5  0.06
11180  25461.9  0.06
11200  25481.4  0.06
11220  25500.9  0.06
11240  25522.5  0.06
11260  25936.9  0.06
11280  25956.4  0.06
11300  25975.8  0.06
11320  25997.4  0.06
11340  26016.9  0.06
11360  26036.4  0.06
11380  26055.8  0.06
11400  26077.4  0.06
11420  26096.9  0.06
11440  26116.4  0.06
11460  26135.8  0.06
11480  26157.4  0.06
11500  26176.9  0.06
11520  26196.3  0.06
11540  26215.8  0.06
11560  26237.4  0.06
11580  26256.9  0.06
11600  26276.3  0.06
11620  26295.8  0.06
11640  26317.4  0.06
11660  26731.8  0.06
11680  26751.3  0.06
11700  26770.8  0.06
11720  26792.4  0.06
11740  26811.8  0.06
11760  26831.3  0.06
11780  26850.8  0.06
11800  26872.4  0.06
11820  26891.8  0.06
11840  26911.3  0.06
11860  26930.8  0.06
11880  26952.4  0.06
11900  26971.8  0.06
11920  26991.3  0.06
11940  27010.8  0.06
11960  27032.4  0.06
11980  27051.8  0.06
12000  27071.3  0.06
12020  27090.8  0.06
12040  27112.4  0.06
12060  27526.8  0.06
12080  27546.3  0.06
12100  27565.7  0.06
12120  27587.3  0.06
12140  27606.8  0.06
12160  27626.2  0.06
12180  27645.7  0.06
12200  27667.3  0.06
12220  27686.8  0.06
12240  27706.2  0.06
12260  27725.7  0.06
12280  27747.3  0.06
12300  27766.8  0.06
12320  27786.2  0.06
12340  27805.7  0.06
12360  27827.3  0.06
12380  27846.8  0.06
12400  27866.2  0.06
12420  27885.7  0.06
12440  27907.3  0.06
12460  28321.7  0.06
12480  28341.2  0.06
12500  28360.7  0.06
12520  28382.3  0.06
12540  28401.7  0.06
12560  28421.2  0.06
12580  28440.7  0.06
12600  28462.3  0.06
12620  28481.7  0.06
12640  28501.2  0.06
12660  28520.7  0.06
12680  28542.3  0.06
12700  28561.7  0.06
12720  28581.2  0.06
12740  28600.6  0.06
12760  28622.3  0.06
12780  28641.7  0.06
12800  28661.2  0.06
12820  28680.6  0.06
12840  29097.2  0.06
12860  41369.4  0.08
12880  41388.8  0.08
12900  41408.3  0.08
12920  41429.9  0.08
12940  41449.4  0.08
12960  41468.8  0.08
12980  41488.3  0.08
13000  41509.9  0.08
13020  41529.4  0.08
13040  41548.8  0.08
13060  41568.3  0.08
13080  41589.9  0.08
13100  41609.4  0.08
13120  41628.8  0.08
13140  41648.3  0.08
13160  41669.9  0.08
13180  41689.4  0.08
13200  41708.8  0.08
13220  41728.3  0.08
13240  42539.8  0.08
13260  42559.3  0.08
13280  42578.7  0.08
13300  42598.2  0.08
13320  42619.8  0.08
13340  42639.3  0.08
13360  42658.7  0.08
13380  42678.2  0.08
13400  29271.1  0.06
13420  29290.6  0.06
13440  29310  0.06
13460  29329.5  0.06
13480  29351.1  0.06
13500  29370.5  0.06
13520  29390  0.06
13540  29409.5  0.06
13560  29431.1  0.06
13580  29450.5  0.06
13600  29470  0.06
13620  29489.5  0.06
13640  29906  0.06
13660  29925.5  0.06
13680  29945  0.06
13700  29964.4  0.06
13720  29986  0.06
13740  30005.5  0.06
13760  30025  0.06
13780  30044.4  0.06
13800  30066  0.06
13820  30085.5  0.06
13840  30105  0.06
13860  30124.4  0.06
13880  30146  0.06
13900  30165.5  0.06
13920  30185  0.06
13940  33616.2  0.06
13960  33637.8  0.06
13980  33657.2  0.06
14000  33676.7  0.06
14020  33696.2  0.06
14040  34112.7  0.06
14060  34132.2  0.06
14080  34151.7  0.06
14100  45643.4  0.08
14120  45665.1  0.08
14140  31508.1  0.06
14160  31527.5  0.06
14180  31547  0.06
14200  31568.6  0.06
14220  31588.1  0.06
14240  31607.5  0.06
14260  31629.1  0.06
14280  31648.6  0.06
14300  31668  0.06
14320  31687.5  0.06
14340  31709.1  0.06
14360  31728.6  0.06
14380  31748  0.06
14400  31767.5  0.06
14420  67923.3  0.1
14440  67964.4  0.1
14460  68005.4  0.1
14480  68046.4  0.1
14500  68089.6  0.1
14520  68130.7  0.1
14540  68411.8  0.1
14560  68442.1  0.1
14580  59147.3  0.1
14600  59188.4  0.1
14620  59229.4  0.1
14640  59270.5  0.1
14660  59313.7  0.1
14680  59354.7  0.1
14700  59384.9  0.1
14720  59426  0.1
14740  59469.2  0.1
14760  59510.2  0.1
14780  59791.4  0.1
14800  59832.4  0.1
14820  60270.6  0.1
14840  60300.8  0.1
14860  60341.9  0.1
14880  60382.9  0.1
14900  60426.1  0.1
14920  60467.2  0.1
14940  45620.4  0.08
14960  45650.7  0.08
14980  45693.9  0.08
