100  4521.46  0.96
120  5405.87  0.96
140  6246.41  0.94
160  7002.59  0.94
180  8387.96  0.94
200  9251.97  0.94
220  10366.6  0.94
240  11195.3  0.94
260  12815.3  0.94
280  13748.6  0.94
300  14159.5  0.92
320  14808  0.92
340  15655.7  0.92
360  16308.3  0.92
380  17213.3  0.92
400  17239.7  0.88
420  18171.2  0.88
440  18512.5  0.86
460  18915.7  0.84
480  19119.4  0.82
500  19832.9  0.82
520  20721.1  0.82
540  21862.7  0.82
560  22506  0.82
580  23392  0.82
600  23502.3  0.8
620  21752.9  0.72
640  22013.4  0.7
660  20816.7  0.64
680  21402  0.64
700  22746.1  0.66
720  23298.3  0.66
740  23990.5  0.66
760  24489.3  0.66
780  21160.5  0.56
800  21670.1  0.56
820  22120.2  0.56
840  22694.4  0.56
860  23461.3  0.56
880  23168.7  0.54
900  23661.9  0.54
920  24067.6  0.54
940  23555.7  0.52
960  22140.1  0.48
980  22701.2  0.48
1000  26112  0.54
1020  26554.4  0.54
1040  26963.6  0.54
1060  27891.6  0.54
1080  28252.2  0.54
1100  28753.4  0.54
1120  25870.9  0.48
1140  26442.3  0.48
1160  26579.2  0.46
1180  27122  0.46
1200  27789.2  0.46
1220  28218.2  0.46
1240  28538.1  0.46
1260  27781.8  0.44
1280  28256.8  0.44
1300  28654  0.44
1320  29037.6  0.44
1340  28245.8  0.44
1360  28607.1  0.44
1380  26320.8  0.4
1400  26697.4  0.4
1420  28503.7  0.42
1440  24358  0.34
1460  23169  0.32
1480  23470.9  0.32
1500  23742.9  0.32
1520  24055.4  0.32
1540  22732.4  0.3
1560  23058.7  0.3
1580  23418.4  0.3
1600  22101.6  0.28
1620  20661.6  0.26
1640  20953.2  0.26
1660  21119.9  0.26
1680  21364.4  0.26
1700  21608.2  0.26
1720  21929.2  0.26
1740  22129  0.26
1760  22324.9  0.26
1780  22609.9  0.26
1800  22790.5  0.26
1820  22998  0.26
1840  23197.5  0.26
1860  23446  0.26
1880  23799.6  0.26
1900  24003.1  0.26
1920  24207.6  0.26
1940  24464.4  0.26
1960  24661.3  0.26
1980  24872.1  0.26
2000  25144.3  0.26
2020  32637  0.34
2040  32862.7  0.34
2060  33089.6  0.34
2080  31414  0.32
2100  31625.8  0.32
2120  31896.9  0.32
2140  32195  0.32
2160  32535.3  0.32
2180  32699.7  0.32
2200  28739.7  0.28
2220  29001.4  0.28
2240  29354.2  0.28
2260  29509.4  0.28
2280  24336.7  0.22
2300  24554.9  0.22
2320  24787.2  0.22
2340  32856.4  0.3
2360  40710.1  0.36
2380  38626.7  0.34
2400  38869.7  0.34
2420  48701.9  0.42
2440  49076.2  0.42
2460  43398.1  0.36
2480  43794.8  0.36
2500  44011.4  0.36
2520  44268.9  0.36
2540  44590  0.36
2560  53705.5  0.44
2580  54060.1  0.44
2600  39073.8  0.32
2620  33060.3  0.26
2640  33264.5  0.26
2660  33454.1  0.26
2680  43013.1  0.34
2700  43234.2  0.34
2720  43831.7  0.34
2740  43998.5  0.34
2760  44381.2  0.34
2780  44712.8  0.34
2800  45093.5  0.34
2820  45275.5  0.34
2840  54381.6  0.4
2860  54606.4  0.4
2880  54962.6  0.4
2900  55173.8  0.4
2920  55692.2  0.4
2940  55992.1  0.4
2960  56308.9  0.4
2980  56574.8  0.4
3000  38852.4  0.28
3020  39066.9  0.28
3040  39277.8  0.28
3060  39695.1  0.26
3080  36927.7  0.24
3100  37199.4  0.24
3120  37363.6  0.24
3140  59329.4  0.4
3160  60179.9  0.4
3180  60871.9  0.4
3200  61248.2  0.4
3220  61796.2  0.4
3240  62338.3  0.4
3260  62531.9  0.4
3280  62682.3  0.4
3300  39759.5  0.24
3320  39905  0.24
3340  40072.6  0.24
3360  35715.4  0.22
3380  35874.6  0.22
3400  35997.9  0.22
3420  36507.1  0.22
3440  33208  0.2
3460  33370.7  0.2
3480  33481.1  0.2
3500  45461.2  0.26
3520  45667.6  0.26
3540  45847.2  0.26
3560  53450.9  0.3
3580  53855.2  0.3
3600  54080.3  0.3
3620  54305.7  0.3
3640  53872  0.3
3660  64833.6  0.36
3680  64907.9  0.36
3700  64763.5  0.36
3720  64694.4  0.36
3740  64634  0.36
3760  64724.9  0.36
3780  64602.7  0.36
3800  64666.3  0.36
3820  65103.4  0.34
3840  65233  0.34
3860  65490.5  0.34
3880  65651.6  0.34
3900  66305.9  0.34
3920  66461.6  0.34
3940  66886.8  0.34
3960  67128  0.34
3980  62202.3  0.32
4000  62331.9  0.32
4020  62574.5  0.32
4040  62832.3  0.32
4060  63072.8  0.32
4080  63215.6  0.32
4100  63463.3  0.32
4120  63888.4  0.32
4140  64415  0.32
4160  64591.4  0.32
4180  64824.3  0.32
4200  65094.2  0.32
4220  65293.1  0.32
4240  65830.6  0.32
4260  66027.4  0.32
4280  66315.6  0.32
4300  66873.9  0.32
4320  67217.7  0.32
4340  69820.7  0.34
4360  70029  0.34
4380  70242.3  0.34
4400  70501.9  0.34
4420  66363.1  0.32
4440  66565  0.32
4460  58162.2  0.28
4480  58307.5  0.28
4500  58629  0.28
4520  58794.5  0.28
4540  59053.8  0.28
4560  59223.7  0.28
4580  69041.3  0.32
4600  69269.9  0.32
4620  69656.9  0.32
4640  69919.3  0.32
4660  65488.2  0.3
4680  65719.5  0.3
4700  65904.8  0.3
4720  66413.3  0.3
4740  66569.6  0.3
4760  66769.4  0.3
4780  66936.2  0.3
4800  67364  0.3
4820  67531.5  0.3
4840  67731.4  0.3
4860  68253.4  0.3
4880  68512.8  0.3
4900  68677.3  0.3
4920  54406.4  0.24
4940  54573.5  0.24
4960  54918  0.24
4980  55082.8  0.24
5000  55286.8  0.24
5020  55458.1  0.24
5040  55637.6  0.24
5060  55798  0.24
5080  55995.7  0.24
5100  56181.9  0.24
5120  51407.8  0.22
5140  51541.3  0.22
5160  51723  0.22
5180  51865.4  0.22
5200  52042.6  0.22
5220  52184.8  0.22
5240  78495.7  0.32
5260  79147.3  0.32
5280  79518.3  0.32
5300  79744.2  0.32
5320  80187.8  0.32
5340  80433.2  0.32
5360  80621  0.32
5380  90169.9  0.34
5400  90481.6  0.34
5420  90686.9  0.34
5440  91075.7  0.34
5460  91459.7  0.34
5480  91757.6  0.34
5500  91909.7  0.34
5520  92170.6  0.34
5540  92375.8  0.34
5560  92716.5  0.34
5580  92868.6  0.34
5600  93646.9  0.34
5620  90180.9  0.34
5640  90441.5  0.34
5660  91014.8  0.34
5680  91276.3  0.34
5700  91552.6  0.34
5720  91832.5  0.34
5740  91984.3  0.34
5760  92565.6  0.34
5780  92819.8  0.34
5800  93087.2  0.34
5820  93250.9  0.34
5840  87648.5  0.32
5860  87945  0.32
5880  88167.6  0.32
5900  78825.3  0.28
5920  79234.8  0.28
5940  79743.7  0.28
5960  79939  0.28
5980  80102.8  0.28
6000  80369.6  0.28
6020  80565.8  0.28
6040  74876  0.26
6060  75188.4  0.26
6080  75439.9  0.26
6100  75673.8  0.26
6120  75821.9  0.26
6140  76030.8  0.26
6160  76253.4  0.26
6180  76431.6  0.26
6200  76622  0.26
6220  76924.6  0.26
6240  77187.2  0.26
6260  77387.2  0.26
6280  77910.8  0.26
6300  78146.4  0.26
6320  86064.6  0.28
6340  86271.3  0.28
6360  86626.3  0.28
6380  86875.3  0.28
6400  87093.1  0.28
6420  75447.9  0.24
6440  75620.3  0.24
6460  75840.4  0.24
6480  76002.4  0.24
6500  76154.8  0.24
6520  76436.3  0.24
6540  76702  0.24
6560  76825.7  0.24
6580  77039.7  0.24
6600  77577.2  0.24
6620  77760.2  0.24
6640  77879.4  0.24
6660  78234.5  0.24
6680  78442  0.24
6700  78626  0.24
6720  78758  0.24
6740  78969.9  0.24
6760  79164.8  0.24
6780  79341.3  0.24
6800  79464.9  0.24
6820  79828.5  0.24
6840  80032.7  0.24
6860  80175.3  0.24
6880  80349.8  0.24
6900  80588.4  0.24
6920  80739.6  0.24
6940  81222.8  0.24
6960  81544.7  0.24
6980  81796.7  0.24
7000  81962.9  0.24
7020  82099.3  0.24
7040  91550.7  0.26
7060  91815.9  0.26
7080  92028.9  0.26
7100  92213.2  0.26
7120  92576.7  0.26
7140  92854.8  0.26
7160  93070.3  0.26
7180  93253.6  0.26
7200  93404.9  0.26
7220  93726.6  0.26
7240  93870.3  0.26
7260  94279.5  0.26
7280  94855.5  0.26
7300  95105.3  0.26
7320  95245.5  0.26
7340  95487.2  0.26
7360  95728.3  0.26
7380  95958.5  0.26
7400  96093  0.26
7420  96472.8  0.26
7440  96692.8  0.26
7460  96918.3  0.26
7480  97030.6  0.26
7500  97264.4  0.26
7520  97480.8  0.26
7540  97672.2  0.26
7560  97990.4  0.26
7580  98255.1  0.26
7600  98481.6  0.26
7620  98957.6  0.26
7640  99156.3  0.26
7660  99376.3  0.26
7680  99608.1  0.26
7700  99918.9  0.26
7720  100122  0.26
7740  100334  0.26
7760  100557  0.26
7780  100707  0.26
7800  100914  0.26
7820  101130  0.26
7840  93523.9  0.24
7860  93803.7  0.24
7880  94012.8  0.24
7900  94185.7  0.24
7920  94351.9  0.24
7940  94516.4  0.24
7960  95066  0.24
7980  95246.1  0.24
8000  95557.1  0.24
8020  95738.9  0.24
8040  95944.5  0.24
8060  96112.9  0.24
8080  96276.1  0.24
8100  96436.1  0.24
8120  96664.2  0.24
8140  96824.1  0.24
8160  97156.4  0.24
8180  97316.4  0.24
8200  97528.3  0.24
8220  97658.9  0.24
8240  97858.4  0.24
8260  98059.7  0.24
8280  98241.7  0.24
8300  98870.8  0.24
8320  99083.4  0.24
8340  99276.3  0.24
8360  99449  0.24
8380  99574.9  0.24
8400  99780.6  0.24
8420  100013  0.24
8440  100186  0.24
8460  91992.4  0.22
8480  83493.8  0.2
8500  83758.6  0.2
8520  84210  0.2
8540  84283.5  0.2
8560  84417.4  0.2
8580  84490.9  0.2
8600  84606.9  0.2
8620  84693.7  0.2
8640  85148.1  0.2
8660  85221.5  0.2
8680  85690.9  0.2
8700  85942.3  0.2
8720  86063.1  0.2
8740  77374  0.18
8760  77490  0.18
8780  77563.5  0.18
8800  77685  0.18
8820  77766.3  0.18
8840  78050.6  0.18
8860  78318.4  0.18
8880  78431.3  0.18
8900  78507.8  0.18
8920  78634.1  0.18
8940  78710.6  0.18
8960  78823.5  0.18
8980  79247.1  0.18
9000  79531.4  0.18
9020  79612.7  0.18
9040  79734.2  0.18
9060  88850.1  0.2
9080  89043.7  0.2
9100  89296.7  0.2
9120  89463.4  0.2
9140  89623.6  0.2
9160  89766.9  0.2
9180  90020  0.2
9200  90158.1  0.2
9220  90320.1  0.2
9240  99842.6  0.22
9260  100022  0.22
9280  100178  0.22
9300  100336  0.22
9320  100558  0.22
9340  100738  0.22
9360  100884  0.22
9380  101046  0.22
9400  101262  0.22
9420  101457  0.22
9440  101593  0.22
9460  101762  0.22
9480  101978  0.22
9500  102163  0.22
9520  80942.1  0.18
9540  81174.3  0.18
9560  81303  0.18
9580  81451.1  0.18
9600  81570.4  0.18
9620  81802.6  0.18
9640  81928.3  0.18
9660  82087.1  0.18
9680  82206.5  0.18
9700  82448  0.18
9720  82556.6  0.18
9740  82721.7  0.18
9760  82841.1  0.18
9780  73271.1  0.16
9800  73390.5  0.16
9820  73549.3  0.16
9840  73683.8  0.16
9860  73830.3  0.16
9880  73949.7  0.16
9900  74108.5  0.16
9920  74252.6  0.16
9940  74390.9  0.16
9960  74510.3  0.16
9980  74669.1  0.16
10000  74811.8  0.16
10020  74943.9  0.16
10040  75069.5  0.16
10060  75228.4  0.16
10080  77931  0.16
10100  78066.1  0.16
10120  78188.4  0.16
10140  78355  0.16
10160  78489.1  0.16
10180  78624.2  0.16
10200  78746.5  0.16
10220  73072.8  0.16
10240  73220.5  0.16
10260  73353.9  0.16
10280  73473.2  0.16
10300  73633.4  0.16
10320  96404.4  0.2
10340  96582.7  0.2
10360  96709.7  0.2
10380  86484.7  0.18
10400  86634.6  0.18
10420  86766.6  0.18
10440  86905.3  0.18
10460  87314.8  0.18
10480  87448.8  0.18
10500  87582.3  0.18
10520  87716.3  0.18
10540  87870.4  0.18
10560  87999.9  0.18
10580  88142.7  0.18
10600  88236.6  0.18
10620  88426  0.18
10640  88564.2  0.18
10660  88704.5  0.18
10680  88837.9  0.18
10700  88977  0.18
10720  89373.7  0.18
10740  89512.5  0.18
10760  89652.2  0.18
10780  89802.1  0.18
10800  89935.5  0.18
10820  90029.5  0.18
10840  90197  0.18
10860  90322.4  0.18
10880  89208.6  0.18
10900  89302.6  0.18
10920  89480.1  0.18
10940  89594.7  0.18
10960  89778.5  0.18
10980  90119.6  0.18
11000  90322.4  0.18
11020  90416.3  0.18
11040  90554.5  0.18
11060  90692.6  0.18
11080  90848.2  0.18
11100  90986.2  0.18
11120  91108.9  0.18
11140  91261  0.18
11160  91410.4  0.18
11180  91554.7  0.18
11200  91688.1  0.18
11220  91826.2  0.18
11240  92238.2  0.18
11260  92321.4  0.18
11280  92514.5  0.18
11300  92608.5  0.18
11320  92801.9  0.18
11340  92900.6  0.18
11360  93078.1  0.18
11380  93178.3  0.18
11400  93361  0.18
11420  93454.9  0.18
11440  93646.6  0.18
11460  93740.5  0.18
11480  94154.1  0.18
11500  94292.1  0.18
11520  94425.5  0.18
11540  94573.5  0.18
11560  94706.9  0.18
11580  94860.5  0.18
11600  94994  0.18
11620  95147.9  0.18
11640  95286.1  0.18
11660  95424.2  0.18
11680  95553.1  0.18
11700  95662.9  0.18
11720  95849.8  0.18
11740  96206.5  0.18
11760  96384  0.18
11780  96493.8  0.18
11800  96677.6  0.18
11820  96760.8  0.18
11840  96943.1  0.18
11860  97062.3  0.18
11880  97239.8  0.18
11900  97340  0.18
11920  97473.5  0.18
11940  97632.2  0.18
11960  97754.8  0.18
11980  97892.9  0.18
12000  86307.6  0.16
12020  86429.7  0.16
12040  86552.1  0.16
12060  86674.2  0.16
12080  86791.8  0.16
12100  86865.3  0.16
12120  87027  0.16
12140  87149.3  0.16
12160  75157.9  0.14
12180  75275.4  0.14
12200  75403.9  0.14
12220  75521.4  0.14
12240  75637.6  0.14
12260  75755.1  0.14
12280  75877.3  0.14
12300  76010.4  0.14
12320  76088.5  0.14
12340  65849.4  0.12
12360  65927.5  0.12
12380  66034.3  0.12
12400  66118.6  0.12
12420  66236.2  0.12
12440  66328.4  0.12
12460  66445.9  0.12
12480  66524  0.12
12500  66641.5  0.12
12520  66715.1  0.12
12540  66837.4  0.12
12560  66915.5  0.12
12580  67042.4  0.12
12600  67120.5  0.12
12620  67244.3  0.12
12640  67316.4  0.12
12660  67433.9  0.12
12680  67512  0.12
12700  67629.6  0.12
12720  67723.3  0.12
12740  67845.6  0.12
12760  67923.7  0.12
12780  67722.9  0.12
12800  67801  0.12
12820  67924.8  0.12
12840  68007.7  0.12
12860  68134.6  0.12
12880  68212.7  0.12
12900  68330.2  0.12
12920  68403.8  0.12
12940  68521.3  0.12
12960  68604.2  0.12
12980  68721.7  0.12
13000  68799.8  0.12
13020  68933  0.12
13040  69011.1  0.12
13060  69122.6  0.12
13080  69200.7  0.12
13100  69318.2  0.12
13120  69402.6  0.12
13140  69520.1  0.12
13160  69612.3  0.12
13180  69729.9  0.12
13200  69797.2  0.12
13220  69914.7  0.12
13240  69999.1  0.12
13260  70121.4  0.12
13280  70199.5  0.12
13300  70326.4  0.12
13320  70404.5  0.12
13340  70517.5  0.12
13360  70600.4  0.12
13380  70717.9  0.12
13400  70796  0.12
13420  70913.6  0.12
13440  71007.2  0.12
13460  71129.6  0.12
13480  71196.9  0.12
13500  71314.4  0.12
13520  71392.5  0.12
13540  69886.8  0.12
13560  69969.6  0.12
13580  70096.5  0.12
13600  70174.6  0.12
13620  70281.4  0.12
13640  70365.7  0.12
13660  70488  0.12
13680  70605.6  0.12
13700  70683.7  0.12
13720  70801.2  0.12
13740  70894.9  0.12
13760  71006.5  0.12
13780  71084.6  0.12
13800  71202.1  0.12
13820  71280.2  0.12
13840  71404  0.12
13860  71486.8  0.12
13880  71613.8  0.12
13900  71681.1  0.12
13920  71798.6  0.12
13940  71876.7  0.12
13960  72005.3  0.12
13980  72083.4  0.12
14000  72200.9  0.12
14020  72288.3  0.12
14040  72395.1  0.12
14060  72484.2  0.12
14080  72601.8  0.12
14100  72679.9  0.12
14120  72797.4  0.12
14140  72875.5  0.12
14160  73013.4  0.12
14180  73080.7  0.12
14200  73198.3  0.12
14220  73276.4  0.12
14240  73393.9  0.12
14260  73483  0.12
14280  73600.6  0.12
14300  73688  0.12
14320  73794.8  0.12
14340  86206.8  0.14
14360  86335.4  0.14
14380  86413.4  0.14
14400  86603.5  0.14
14420  86681.6  0.14
14440  86799.1  0.14
14460  86886.8  0.14
14480  87076.8  0.14
14500  87154.9  0.14
14520  87272.5  0.14
14540  72853.4  0.12
14560  72975.8  0.12
14580  73060.1  0.12
14600  73176.2  0.12
14620  73254.3  0.12
14640  73371.9  0.12
14660  73454.7  0.12
14680  73578.5  0.12
14700  73656.6  0.12
14720  73774.2  0.12
14740  73850.8  0.12
14760  73973.1  0.12
14780  74057.5  0.12
14800  74175  0.12
14820  74253.1  0.12
14840  74370.7  0.12
14860  74453.5  0.12
14880  74575.9  0.12
14900  74654  0.12
14920  74771.5  0.12
14940  74849.6  0.12
14960  74971.9  0.12
14980  75056.3  0.12
