100  4768.88  1
120  5829.01  0.98
140  7055.19  0.98
160  8218.48  0.98
180  8980.46  0.96
200  8688.79  0.86
220  9339.35  0.84
240  10303.9  0.84
260  10708.1  0.82
280  11085.5  0.8
300  11156.3  0.76
320  11100.3  0.72
340  11251.8  0.68
360  11600.4  0.64
380  12431.9  0.64
400  11297.7  0.56
420  11673  0.56
440  12168.1  0.56
460  13336.7  0.58
480  13363.2  0.56
500  13386.5  0.54
520  15485.3  0.6
540  15897.9  0.6
560  15381.8  0.56
580  14715.1  0.52
600  15375  0.52
620  15418  0.5
640  14688.5  0.46
660  13782  0.42
680  15564.3  0.46
700  15851.9  0.46
720  15558.4  0.44
740  15101.2  0.42
760  14895  0.4
780  15174.2  0.4
800  14670.5  0.38
820  13572.4  0.34
840  14063.5  0.34
860  14263.1  0.34
880  14585.6  0.34
900  14845.1  0.34
920  16503.7  0.36
940  15884.8  0.34
960  15164.3  0.32
980  15710.5  0.32
1000  15081.7  0.3
1020  15362.6  0.3
1040  14483.9  0.28
1060  14684.6  0.28
1080  15180.5  0.28
1100  15321.6  0.28
1120  15727.5  0.28
1140  16062.7  0.28
1160  14804.5  0.26
1180  15039.8  0.26
1200  19687.7  0.34
1220  19873.6  0.34
1240  20174.5  0.34
1260  20488.9  0.34
1280  19190.5  0.3
1300  19696.8  0.3
1320  19854.1  0.3
1340  20122.4  0.3
1360  17607.8  0.26
1380  17747.5  0.26
1400  24058.2  0.36
1420  24744.1  0.36
1440  24998.8  0.36
1460  19431.8  0.28
1480  19659.2  0.28
1500  19869.1  0.28
1520  18578.6  0.26
1540  18933.4  0.26
1560  17660.2  0.24
1580  17890.9  0.24
1600  18074.6  0.24
1620  16561  0.22
1640  16899  0.22
1660  17082.7  0.22
1680  17202.5  0.22
1700  20848.9  0.26
1720  25876.8  0.3
1740  25996.1  0.3
1760  26164.1  0.3
1780  26583.6  0.3
1800  26961  0.3
1820  27083.7  0.3
1840  27465.4  0.3
1860  27865.2  0.3
1880  24219.7  0.26
1900  24344.5  0.26
1920  24462.7  0.26
1940  24838.9  0.26
1960  23078.1  0.24
1980  25245.9  0.26
2000  23738.2  0.24
2020  19802.7  0.2
2040  19903.1  0.2
2060  20049.3  0.2
2080  18395.5  0.18
2100  16358  0.16
2120  16454.9  0.16
2140  16622.8  0.16
2160  10274.8  0.1
2180  10352.2  0.1
2200  12639.7  0.12
2220  12718.4  0.12
2240  12849.6  0.12
2260  12932.6  0.12
2280  13010.8  0.12
2300  13148.3  0.12
2320  13225.5  0.12
2340  16228.9  0.14
2360  16306.3  0.14
2380  16389.8  0.14
2400  16528  0.14
2420  16605.5  0.14
2440  16742.8  0.14
2460  16822.4  0.14
2480  16904.7  0.14
2500  26602.8  0.22
2520  26898.6  0.22
2540  26994.2  0.22
2560  27165.8  0.22
2580  27321.3  0.22
2600  19879.6  0.16
2620  20078.3  0.16
2640  20160.6  0.16
2660  20237.1  0.16
2680  20377  0.16
2700  20518.2  0.16
2720  20600.6  0.16
2740  20734.7  0.16
2760  21030.1  0.16
2780  18350.5  0.14
2800  29660.8  0.22
2820  29821.9  0.22
2840  30098.4  0.22
2860  30194.6  0.22
2880  27490.5  0.2
2900  27855.7  0.2
2920  27953.3  0.2
2940  28055.5  0.2
2960  28331.2  0.2
2980  28434.6  0.2
3000  18419.9  0.14
3020  15495.4  0.12
3040  17265.3  0.12
3060  17453.3  0.12
3080  17616.3  0.12
3100  17655.9  0.12
3120  17695.6  0.12
3140  17858.5  0.12
3160  17898.2  0.12
3180  17937.8  0.12
3200  18183  0.12
3220  18287.3  0.12
3240  18327  0.12
3260  18425.3  0.12
3280  15231.9  0.1
3300  15328.9  0.1
3320  15369.8  0.1
3340  15557.9  0.1
3360  15654.9  0.1
3380  15695.8  0.1
3400  15735.4  0.1
3420  15832.5  0.1
3440  15873.4  0.1
3460  15913  0.1
3480  16010.1  0.1
3500  16199.3  0.1
3520  16239  0.1
3540  16334.6  0.1
3560  16375.5  0.1
3580  16415.1  0.1
3600  16512.2  0.1
3620  16553  0.1
3640  16741.1  0.1
3660  13129.1  0.08
3680  13170  0.08
3700  13267  0.08
3720  13306.7  0.08
3740  13347.6  0.08
3760  13444.6  0.08
3780  13484.3  0.08
3800  13525.2  0.08
3820  7522.34  0.04
3840  7541.92  0.04
3860  7562.72  0.04
3880  7582.31  0.04
3900  7601.89  0.04
3920  7622.7  0.04
3940  35816.3  0.2
3960  35946.6  0.2
3980  36177.5  0.2
4000  36602.6  0.2
4020  36662.8  0.2
4040  36856  0.2
4060  36982.8  0.2
4080  37128.7  0.2
4100  37430.8  0.2
4120  37488.8  0.2
4140  29364.3  0.16
4160  29460.2  0.16
4180  33786.1  0.18
4200  33987.3  0.18
4220  34294.6  0.18
4240  30189.9  0.16
4260  30340.6  0.16
4280  30399.6  0.16
4300  30458.6  0.16
4320  26413  0.14
4340  26472  0.14
4360  26535.8  0.14
4380  22341  0.12
4400  22400  0.12
4420  22567.9  0.12
4440  22627.1  0.12
4460  22756.2  0.12
4480  18335.9  0.1
4500  13930.2  0.08
4520  13989.2  0.08
4540  14048.2  0.08
4560  14108.4  0.08
4580  14171.1  0.08
4600  14230.1  0.08
4620  10872.8  0.06
4640  10911.9  0.06
4660  10952.3  0.06
4680  10992.5  0.06
4700  11031.6  0.06
4720  11071.9  0.06
4740  11112.2  0.06
4760  11152.6  0.06
4780  11191.6  0.06
4800  11233.2  0.06
4820  11272.3  0.06
4840  11312.5  0.06
4860  11352.9  0.06
4880  11392  0.06
4900  11433.5  0.06
4920  11472.6  0.06
4940  11511.6  0.06
4960  11553.2  0.06
4980  11592.3  0.06
5000  17129.8  0.08
5020  17226.9  0.08
5040  17265.4  0.08
5060  17307.7  0.08
5080  17404.8  0.08
5100  17443.3  0.08
5120  17481.8  0.08
5140  17582.6  0.08
5160  17621.1  0.08
5180  17659.6  0.08
5200  17760.5  0.08
5220  17799  0.08
5240  17837.5  0.08
5260  26249.5  0.1
5280  26288.4  0.1
5300  26398.4  0.1
5320  26439.5  0.1
5340  26783.5  0.1
5360  27036.3  0.1
5380  27077.5  0.1
5400  27117.4  0.1
5420  27149.8  0.1
5440  27240.7  0.1
5460  27260.2  0.1
5480  27279.8  0.1
5500  27370.7  0.1
5520  22041  0.08
5540  22060.6  0.08
5560  22081.4  0.08
5580  22171.1  0.08
5600  16617.9  0.06
5620  16638.7  0.06
5640  16658.3  0.06
5660  16747.9  0.06
5680  16768.7  0.06
5700  16788.3  0.06
5720  16879.2  0.06
5740  16898.7  0.06
5760  11173.1  0.04
5780  11193.9  0.04
5800  11213.5  0.04
5820  11233.1  0.04
5840  11253.9  0.04
5860  11273.5  0.04
5880  11293.1  0.04
5900  11313.9  0.04
5920  11333.5  0.04
5940  11353  0.04
5960  11362.8  0.04
5980  11382.4  0.04
6000  11402  0.04
6020  11422.8  0.04
6040  11442.4  0.04
6060  11462  0.04
6080  11699.9  0.04
6100  11719.5  0.04
6120  11739  0.04
6140  11759.8  0.04
6160  11779.4  0.04
6180  11799  0.04
6200  20741.7  0.08
6220  20761.2  0.08
6240  20897.9  0.08
6260  20918.7  0.08
6280  14192.4  0.06
6300  14231.3  0.06
6320  14273.6  0.06
6340  14312.5  0.06
6360  10050.9  0.04
6380  10071.7  0.04
6400  14962.8  0.06
6420  14982.4  0.06
6440  15003.2  0.06
6460  15080.1  0.06
6480  15099.7  0.06
6500  15120.5  0.06
6520  15197.4  0.06
6540  15217  0.06
6560  15237.8  0.06
6580  15314.8  0.06
6600  15335.6  0.06
6620  15355.2  0.06
6640  15432.1  0.06
6660  15452.9  0.06
6680  15472.5  0.06
6700  15549.4  0.06
6720  15570.2  0.06
6740  15647.2  0.06
6760  15666.8  0.06
6780  15687.6  0.06
6800  15764.5  0.06
6820  15784.1  0.06
6840  15804.9  0.06
6860  15881.8  0.06
6880  15901.4  0.06
6900  15922.2  0.06
6920  15999.2  0.06
6940  16018.8  0.06
6960  16039.6  0.06
6980  16116.5  0.06
7000  16136.1  0.06
7020  16156.9  0.06
7040  16233.8  0.06
7060  16253.4  0.06
7080  16274.2  0.06
7100  16351.2  0.06
7120  16370.7  0.06
7140  16391.6  0.06
7160  16468.5  0.06
7180  16488.1  0.06
7200  16566.2  0.06
7220  16585.8  0.06
7240  16605.4  0.06
7260  16683.6  0.06
7280  16703.2  0.06
7300  16722.7  0.06
7320  16800.9  0.06
7340  16820.5  0.06
7360  16840.1  0.06
7380  16918.2  0.06
7400  16937.8  0.06
7420  16957.4  0.06
7440  17035.6  0.06
7460  17055.1  0.06
7480  17075.9  0.06
7500  17152.9  0.06
7520  17172.5  0.06
7540  17193.3  0.06
7560  17270.2  0.06
7580  17289.8  0.06
7600  17368  0.06
7620  9758.92  0.04
7640  9778.5  0.04
7660  9799.31  0.04
7680  9818.89  0.04
7700  9838.47  0.04
7720  9859.28  0.04
7740  9878.86  0.04
7760  9898.45  0.04
7780  9919.25  0.04
7800  9938.84  0.04
7820  9958.42  0.04
7840  9979.22  0.04
7860  9998.81  0.04
7880  10018.4  0.04
7900  10039.2  0.04
7920  17470.5  0.06
7940  17510.2  0.06
7960  17551.1  0.06
7980  17590.9  0.06
8000  17630.6  0.06
8020  17671.5  0.06
8040  17711.2  0.06
8060  17751  0.06
8080  17791.9  0.06
8100  17831.6  0.06
8120  17871.3  0.06
8140  17912.3  0.06
8160  17952  0.06
8180  17310.7  0.06
8200  17351.6  0.06
8220  24599.9  0.06
8240  24795  0.06
8260  24834.7  0.06
8280  24873.1  0.06
8300  24900.8  0.06
8320  16639.4  0.04
8340  33860.2  0.1
8360  33899.6  0.1
8380  33942.5  0.1
8400  33980.6  0.1
8420  34020  0.1
8440  34289.6  0.1
8460  34327.8  0.1
8480  34367.2  0.1
8500  25925.7  0.08
8520  25963.9  0.08
8540  26003.3  0.08
8560  26155  0.08
8580  26193.2  0.08
8600  26232.6  0.08
8620  26270.8  0.08
8640  26313.6  0.08
8660  26461.9  0.08
8680  26500.1  0.08
8700  26542.9  0.08
8720  26582.3  0.08
8740  26620.5  0.08
8760  17951.3  0.06
8780  17990.7  0.06
8800  28034  0.08
8820  28098.8  0.08
8840  28119.7  0.08
8860  28239.6  0.08
8880  28259.2  0.08
8900  28325.3  0.08
8920  28400  0.08
8940  28419.6  0.08
8960  28540.8  0.08
8980  28560.4  0.08
9000  28625.2  0.08
9020  28701.1  0.08
9040  28766  0.08
9060  28785.6  0.08
9080  28906.8  0.08
9100  28926.3  0.08
9120  28945.9  0.08
9140  18709.3  0.06
9160  18752  0.06
9180  37146.2  0.1
9200  37225.7  0.1
9220  37340.4  0.1
9240  20107.7  0.06
9260  20172.5  0.06
9280  20192.1  0.06
9300  20212.9  0.06
9320  20277.8  0.06
9340  10972.1  0.04
9360  10992.9  0.04
9380  11012.5  0.04
9400  11032.1  0.04
9420  11052.9  0.04
9440  11072.5  0.04
9460  11092  0.04
9480  11112.8  0.04
9500  11132.4  0.04
9520  11152  0.04
9540  11172.8  0.04
9560  11192.4  0.04
9580  11212  0.04
9600  11232.8  0.04
9620  11252.4  0.04
9640  11272  0.04
9660  11292.8  0.04
9680  11312.3  0.04
9700  11331.9  0.04
9720  11352.7  0.04
9740  11372.3  0.04
9760  11391.9  0.04
9780  11412.7  0.04
9800  11432.3  0.04
9820  11451.9  0.04
9840  11472.7  0.04
9860  11492.3  0.04
9880  11511.8  0.04
9900  11532.7  0.04
9920  11552.2  0.04
9940  11571.8  0.04
9960  11592.6  0.04
9980  11612.2  0.04
10000  11631.8  0.04
10020  11652.6  0.04
10040  11672.2  0.04
10060  11691.8  0.04
10080  11712.6  0.04
10100  11732.2  0.04
10120  11753  0.04
10140  11772.5  0.04
10160  11792.1  0.04
10180  11812.9  0.04
10200  11832.5  0.04
10220  11171.1  0.04
10240  11191.9  0.04
10260  20950.8  0.06
10280  21002.5  0.06
10300  21023.3  0.06
10320  21074.9  0.06
10340  21094.5  0.06
10360  21147.4  0.06
10380  21199.1  0.06
10400  21218.6  0.06
10420  21271.5  0.06
10440  21323.2  0.06
10460  21342.7  0.06
10480  21395.6  0.06
10500  21415.2  0.06
10520  21466.8  0.06
10540  21519.7  0.06
10560  21539.3  0.06
10580  21590.9  0.06
10600  21643.8  0.06
10620  21663.4  0.06
10640  21715.1  0.06
10660  21735.9  0.06
10680  21787.5  0.06
10700  21839.2  0.06
10720  21860  0.06
10740  21911.6  0.06
10760  21963.3  0.06
10780  32785.8  0.08
10800  32805.4  0.08
10820  32825  0.08
10840  33040.3  0.08
10860  33059.9  0.08
10880  33079.5  0.08
10900  22219.8  0.06
10920  22239.4  0.06
10940  22259  0.06
10960  22388.7  0.06
10980  22408.3  0.06
11000  22429.1  0.06
11020  22448.7  0.06
11040  22468.3  0.06
11060  22598  0.06
11080  22617.5  0.06
11100  11529.3  0.04
11120  11550.2  0.04
11140  11569.7  0.04
11160  11589.3  0.04
11180  11610.1  0.04
11200  11629.7  0.04
11220  11649.3  0.04
11240  11670.1  0.04
11260  11689.7  0.04
11280  11709.3  0.04
11300  33895.5  0.06
11320  33915.1  0.06
11340  34067.1  0.06
11360  22747.5  0.04
11380  22767  0.04
11400  22786.6  0.04
11420  22807.4  0.04
11440  22827  0.04
11460  22979  0.04
11480  22999.8  0.04
11500  23019.4  0.04
11520  23039  0.04
11540  23059.8  0.04
11560  23079.4  0.04
11580  23098.9  0.04
11600  23252.2  0.04
11620  23271.7  0.04
11640  23291.3  0.04
11660  23312.1  0.04
11680  23331.7  0.04
11700  23351.3  0.04
11720  23504.5  0.04
11740  23524.1  0.04
11760  23543.7  0.04
11780  23564.5  0.04
11800  23584.1  0.04
11820  23603.7  0.04
11840  23624.5  0.04
11860  23776.4  0.04
11880  23797.3  0.04
11900  23816.8  0.04
11920  23836.4  0.04
11940  11940.6  0.02
11960  11960.2  0.02
11980  11979.7  0.02
12000  12000.5  0.02
12020  12020.1  0.02
12040  12039.7  0.02
12060  12060.5  0.02
12080  12080.1  0.02
12100  12099.7  0.02
12120  12120.5  0.02
12140  12140.1  0.02
12160  12143.7  0.02
12180  12143.7  0.02
12200  12143.7  0.02
12220  12143.7  0.02
12240  12143.7  0.02
12260  12143.7  0.02
12280  12143.7  0.02
12300  12143.7  0.02
12320  12143.7  0.02
12340  12143.7  0.02
12360  12143.7  0.02
12380  12143.7  0.02
12400  12143.7  0.02
12420  12143.7  0.02
12440  12143.7  0.02
12460  12143.7  0.02
12480  12143.7  0.02
12500  12143.7  0.02
12520  12143.7  0.02
12540  12143.7  0.02
12560  12143.7  0.02
12580  12143.7  0.02
12600  12143.7  0.02
12620  12143.7  0.02
12640  12143.7  0.02
12660  12143.7  0.02
12680  12143.7  0.02
12700  12143.7  0.02
12720  12143.7  0.02
12740  12143.7  0.02
12760  12143.7  0.02
12780  12143.7  0.02
12800  12143.7  0.02
12820  12143.7  0.02
12840  12143.7  0.02
12860  12143.7  0.02
12880  12143.7  0.02
12900  12143.7  0.02
12920  12143.7  0.02
12940  12143.7  0.02
12960  12143.7  0.02
12980  12143.7  0.02
13000  12143.7  0.02
13020  12143.7  0.02
13040  12143.7  0.02
13060  12143.7  0.02
13080  12143.7  0.02
13100  12143.7  0.02
13120  12143.7  0.02
13140  12143.7  0.02
13160  12143.7  0.02
13180  12143.7  0.02
13200  12143.7  0.02
13220  12143.7  0.02
13240  12143.7  0.02
13260  12143.7  0.02
13280  12143.7  0.02
13300  12143.7  0.02
13320  12143.7  0.02
13340  12143.7  0.02
13360  12143.7  0.02
13380  12143.7  0.02
13400  12143.7  0.02
13420  12143.7  0.02
13440  12143.7  0.02
13460  12143.7  0.02
13480  12143.7  0.02
13500  12143.7  0.02
13520  12143.7  0.02
13540  12143.7  0.02
13560  12143.7  0.02
13580  12143.7  0.02
13600  12143.7  0.02
13620  12143.7  0.02
13640  12143.7  0.02
13660  12143.7  0.02
13680  12143.7  0.02
13700  12143.7  0.02
13720  12143.7  0.02
13740  12143.7  0.02
13760  12143.7  0.02
13780  12143.7  0.02
13800  12143.7  0.02
13820  12143.7  0.02
13840  12143.7  0.02
13860  12143.7  0.02
13880  12143.7  0.02
13900  12143.7  0.02
13920  12143.7  0.02
13940  12143.7  0.02
13960  12143.7  0.02
13980  12143.7  0.02
14000  12143.7  0.02
14020  12143.7  0.02
14040  12143.7  0.02
14060  12143.7  0.02
14080  12143.7  0.02
14100  12143.7  0.02
14120  12143.7  0.02
14140  12143.7  0.02
14160  12143.7  0.02
14180  12143.7  0.02
14200  12143.7  0.02
14220  12143.7  0.02
14240  12143.7  0.02
14260  12143.7  0.02
14280  12143.7  0.02
14300  12143.7  0.02
14320  12143.7  0.02
14340  12143.7  0.02
14360  12143.7  0.02
14380  12143.7  0.02
14400  12143.7  0.02
14420  12143.7  0.02
14440  12143.7  0.02
14460  12143.7  0.02
14480  12143.7  0.02
14500  12143.7  0.02
14520  12143.7  0.02
14540  12143.7  0.02
14560  12143.7  0.02
14580  12143.7  0.02
14600  12143.7  0.02
14620  12143.7  0.02
14640  12143.7  0.02
14660  12143.7  0.02
14680  12143.7  0.02
14700  12143.7  0.02
14720  12143.7  0.02
14740  12143.7  0.02
14760  12143.7  0.02
14780  12143.7  0.02
14800  12143.7  0.02
14820  12143.7  0.02
14840  12143.7  0.02
14860  12143.7  0.02
14880  12143.7  0.02
14900  12143.7  0.02
14920  12143.7  0.02
14940  12143.7  0.02
14960  12143.7  0.02
14980  12143.7  0.02
