100  4371.42  1
120  5892.57  1
140  6570.21  0.98
160  7381.33  0.96
180  8548.53  0.96
200  9665.5  0.96
220  10062.2  0.94
240  10864.1  0.94
260  12208.8  0.9
280  13071.2  0.9
300  14373.5  0.94
320  14905.3  0.92
340  15734.1  0.92
360  16627.5  0.9
380  16968.5  0.88
400  17243.2  0.86
420  17166.4  0.82
440  17966.6  0.82
460  19004.4  0.82
480  19555.8  0.82
500  19414.1  0.78
520  18042  0.7
540  18324.4  0.68
560  17321.6  0.62
580  18915  0.66
600  19195.4  0.64
620  17996.5  0.58
640  17815  0.56
660  18915.1  0.58
680  19298.8  0.58
700  18295.7  0.54
720  18825.1  0.54
740  20555.6  0.54
760  17894.2  0.46
780  18210.9  0.46
800  17083.6  0.42
820  16538.7  0.4
840  18726.2  0.44
860  19081.1  0.44
880  19808  0.44
900  20121.9  0.44
920  20409.8  0.44
940  22731.4  0.48
960  23046.3  0.48
980  23465.3  0.48
1000  23827.9  0.48
1020  23203.3  0.46
1040  23820.4  0.46
1060  24173.2  0.46
1080  25941.9  0.48
1100  20693.8  0.38
1120  19830.2  0.36
1140  20126.3  0.36
1160  19476.2  0.34
1180  18558.7  0.32
1200  17595  0.3
1220  16975.2  0.28
1240  18922.9  0.3
1260  19166.6  0.3
1280  20585.8  0.32
1300  20828.3  0.32
1320  21308.3  0.32
1340  20500.8  0.3
1360  19364.1  0.28
1380  18185.4  0.26
1400  18363.1  0.26
1420  18547.3  0.26
1440  18722.3  0.26
1460  18899.2  0.26
1480  19082.8  0.26
1500  19266.9  0.26
1520  19444.7  0.26
1540  19623.9  0.26
1560  18484.8  0.24
1580  18992.1  0.24
1600  20775.7  0.26
1620  20935.7  0.26
1640  21391.2  0.26
1660  21552.5  0.26
1680  21790.3  0.26
1700  21947.1  0.26
1720  22108.6  0.26
1740  29694.8  0.34
1760  30052.9  0.34
1780  30487.3  0.34
1800  30756.5  0.34
1820  30986.1  0.34
1840  29202.9  0.32
1860  29418.8  0.32
1880  29668.3  0.32
1900  29925.3  0.32
1920  30817.5  0.32
1940  31034.1  0.32
1960  31252.5  0.32
1980  31548.5  0.32
2000  29766.4  0.3
2020  30189.3  0.3
2040  30395.2  0.3
2060  28623.9  0.28
2080  28799.3  0.28
2100  29011.7  0.28
2120  27119.2  0.26
2140  27326.3  0.26
2160  27582.8  0.26
2180  27800.6  0.26
2200  27967.7  0.26
2220  28228.8  0.26
2240  28413.8  0.26
2260  28675.5  0.26
2280  26952.5  0.24
2300  27108.9  0.24
2320  27352.6  0.24
2340  27539.4  0.24
2360  25403.3  0.22
2380  25554.5  0.22
2400  25729.9  0.22
2420  26678.6  0.22
2440  26844.1  0.22
2460  27052.7  0.22
2480  27218.2  0.22
2500  27378  0.22
2520  20017.2  0.16
2540  20135.5  0.16
2560  20256  0.16
2580  20369.2  0.16
2600  25737.1  0.2
2620  26197.8  0.2
2640  26321.6  0.2
2660  26519.5  0.2
2680  26641.2  0.2
2700  26886.3  0.2
2720  27566.8  0.2
2740  18532.5  0.14
2760  18593.3  0.14
2780  18704.8  0.14
2800  18840  0.14
2820  16113.5  0.12
2840  16297.8  0.12
2860  16358.6  0.12
2880  16491.9  0.12
2900  16552.7  0.12
2920  13726.2  0.1
2940  26278.3  0.18
2960  26818.2  0.18
2980  26939.3  0.18
3000  27064.2  0.18
3020  27250.7  0.18
3040  24318.8  0.16
3060  24441.2  0.16
3080  24566.1  0.16
3100  24685.3  0.16
3120  21647.2  0.14
3140  21815  0.14
3160  18757.4  0.12
3180  18836.5  0.12
3200  19409.4  0.12
3220  32389.4  0.2
3240  30537  0.2
3260  29179.3  0.18
3280  29350.1  0.18
3300  29523.8  0.18
3320  29973.9  0.18
3340  30132.3  0.18
3360  30234.3  0.18
3380  30414.7  0.18
3400  30517.7  0.18
3420  30687.3  0.18
3440  30783.2  0.18
3460  30962.6  0.18
3480  24137.8  0.14
3500  24238.6  0.14
3520  24341.6  0.14
3540  35030.1  0.2
3560  35247.1  0.2
3580  35370.9  0.2
3600  35560.2  0.2
3620  35715.4  0.2
3640  35873.3  0.2
3660  36365.3  0.2
3680  25496.7  0.14
3700  21846.2  0.12
3720  20413.1  0.12
3740  20488.6  0.12
3760  20569.1  0.12
3780  20651.8  0.12
3800  20734.4  0.12
3820  20816.1  0.12
3840  20890.5  0.12
3860  20972.1  0.12
3880  21054.8  0.12
3900  21136.5  0.12
3920  21212.8  0.12
3940  21287.4  0.12
3960  21370  0.12
3980  29439.5  0.16
4000  29535.3  0.16
4020  30020.7  0.16
4040  30116.5  0.16
4060  30269.1  0.16
4080  30364.9  0.16
4100  26360.4  0.14
4120  26482.9  0.14
4140  26562.8  0.14
4160  26685.3  0.14
4180  22601.4  0.12
4200  22682.8  0.12
4220  22761.8  0.12
4240  22843.2  0.12
4260  22922.2  0.12
4280  23003.6  0.12
4300  23077.4  0.12
4320  23158.8  0.12
4340  23237.7  0.12
4360  23667.2  0.12
4380  23747.2  0.12
4400  28221.6  0.14
4420  28328.8  0.14
4440  28443  0.14
4460  24076.3  0.12
4480  24147  0.12
4500  24226.7  0.12
4520  24292.7  0.12
4540  24367.6  0.12
4560  31744.9  0.14
4580  27265.5  0.12
4600  27353.7  0.12
4620  27433.1  0.12
4640  27512  0.12
4660  27591.3  0.12
4680  28156.6  0.12
4700  28584.1  0.12
4720  28663  0.12
4740  28752.2  0.12
4760  28830.7  0.12
4780  24130  0.1
4800  24190.6  0.1
4820  24250.4  0.1
4840  34010  0.14
4860  34087  0.14
4880  34171.3  0.14
4900  34299.7  0.14
4920  29468.3  0.12
4940  29546.1  0.12
4960  29627.2  0.12
4980  29706.8  0.12
5000  29789.9  0.12
5020  29872.1  0.12
5040  29952.9  0.12
5060  30378  0.12
5080  25380.3  0.1
5100  25435.5  0.1
5120  25499.7  0.1
5140  25554.9  0.1
5160  25619.1  0.1
5180  26166.8  0.1
5200  26230  0.1
5220  26286.2  0.1
5240  26349.4  0.1
5260  26405.6  0.1
5280  26468.8  0.1
5300  26525  0.1
5320  26588.2  0.1
5340  26644.4  0.1
5360  26707.6  0.1
5380  26771.7  0.1
5400  27176.1  0.1
5420  27239.2  0.1
5440  27295.4  0.1
5460  27358.6  0.1
5480  27414.8  0.1
5500  27478  0.1
5520  27534.2  0.1
5540  27597.4  0.1
5560  27653.6  0.1
5580  27720  0.1
5600  27775.2  0.1
5620  27839.4  0.1
5640  27894.6  0.1
5660  28453.5  0.1
5680  28510.6  0.1
5700  28568.6  0.1
5720  28625.7  0.1
5740  20305.2  0.08
5760  20692.7  0.08
5780  20733.1  0.08
5800  20773.4  0.08
5820  20812.8  0.08
5840  20853.2  0.08
5860  20892.6  0.08
5880  20932.9  0.08
5900  20972.3  0.08
5920  21012.7  0.08
5940  15134.2  0.06
5960  15174.6  0.06
5980  15215  0.06
6000  15254.3  0.06
6020  15294.7  0.06
6040  15334.1  0.06
6060  29996.6  0.1
6080  30055.5  0.1
6100  30463.5  0.1
6120  30522.4  0.1
6140  30582.2  0.1
6160  31135.9  0.1
6180  31195.8  0.1
6200  31255.7  0.1
6220  31311.4  0.1
6240  31375.1  0.1
6260  31440.9  0.1
6280  31496.6  0.1
6300  11508.1  0.04
6320  11528.5  0.04
6340  11548  0.04
6360  11568.4  0.04
6380  11588.9  0.04
6400  11608.3  0.04
6420  11628.8  0.04
6440  11648.2  0.04
6460  11668.7  0.04
6480  11688.1  0.04
6500  11708.6  0.04
6520  11728  0.04
6540  9853.68  0.04
6560  9873.15  0.04
6580  9893.58  0.04
6600  9914.02  0.04
6620  17294.8  0.06
6640  10675.1  0.04
6660  10694.6  0.04
6680  10715  0.04
6700  10734.5  0.04
6720  10754.9  0.04
6740  10774.4  0.04
6760  40518.3  0.12
6780  40653.5  0.12
6800  41066.2  0.12
6820  41116.8  0.12
6840  41181.4  0.12
6860  41316.6  0.12
6880  41381.2  0.12
6900  41438.9  0.12
6920  41496.4  0.12
6940  41631.6  0.12
6960  41696.2  0.12
6980  41753.9  0.12
7000  34848.3  0.1
7020  34897.9  0.1
7040  34963.5  0.1
7060  35020.2  0.1
7080  35085.9  0.1
7100  35142.6  0.1
7120  35201.1  0.1
7140  36105.3  0.1
7160  36163  0.1
7180  36228.7  0.1
7200  36285.4  0.1
7220  36343.9  0.1
7240  36400.6  0.1
7260  29032.4  0.08
7280  29103  0.08
7300  9362.99  0.04
7320  9382.45  0.04
7340  9402.89  0.04
7360  22078.8  0.06
7380  22135.1  0.06
7400  22206.8  0.06
7420  14839.7  0.04
7440  14880.7  0.04
7460  14920.7  0.04
7480  14961.7  0.04
7500  15001.7  0.04
7520  15042.7  0.04
7540  15077.5  0.04
7560  15118.5  0.04
7580  15159.5  0.04
7600  15199.5  0.04
7620  15240.5  0.04
7640  15280.5  0.04
7660  15321.4  0.04
7680  15361.4  0.04
7700  15402.4  0.04
7720  15437.3  0.04
7740  15478.3  0.04
7760  15518.3  0.04
7780  15559.2  0.04
7800  15600.2  0.04
7820  15640.2  0.04
7840  15681.2  0.04
7860  15721.2  0.04
7880  15762.2  0.04
7900  15802.2  0.04
7920  15838  0.04
7940  15878  0.04
7960  15919  0.04
7980  15960  0.04
8000  16000  0.04
8020  16041  0.04
8040  16081  0.04
8060  16122  0.04
8080  16162  0.04
8100  16197.8  0.04
8120  15832.3  0.04
8140  15852.8  0.04
8160  16319.2  0.04
8180  16362.4  0.04
8200  16398.7  0.04
8220  16442  0.04
8240  16478.3  0.04
8260  16521.5  0.04
8280  16557.8  0.04
8300  16601.1  0.04
8320  16637.4  0.04
8340  16680.6  0.04
8360  16716.9  0.04
8380  16761.1  0.04
8400  16796.5  0.04
8420  16840.7  0.04
8440  16876  0.04
8460  16920.2  0.04
8480  16963.5  0.04
8500  16999.8  0.04
8520  17043  0.04
8540  17076.4  0.04
8560  17123.3  0.04
8580  20537.6  0.06
8600  20558  0.06
8620  20577.5  0.06
8640  20597.9  0.06
8660  20617.4  0.06
8680  11935.1  0.04
8700  11954.6  0.04
8720  11975  0.04
8740  11994.5  0.04
8760  12014.9  0.04
8780  12035.4  0.04
8800  12054.8  0.04
8820  10524  0.04
8840  10543.4  0.04
8860  10563.9  0.04
8880  10583.3  0.04
8900  10603.8  0.04
8920  10623.2  0.04
8940  10643.7  0.04
8960  10664.1  0.04
8980  15068.2  0.04
9000  15088.7  0.04
9020  15108.1  0.04
9040  17887.9  0.04
9060  17907.3  0.04
9080  17927.8  0.04
9100  18438.8  0.04
9120  18459.2  0.04
9140  18478.7  0.04
9160  18499.1  0.04
9180  18519.5  0.04
9200  18539  0.04
9220  18559.4  0.04
9240  18578.9  0.04
9260  18599.3  0.04
9280  18618.8  0.04
9300  18639.2  0.04
9320  18658.7  0.04
9340  18679.1  0.04
9360  18699.6  0.04
9380  18719.1  0.04
9400  18739.5  0.04
9420  18759  0.04
9440  18779.4  0.04
9460  18798.9  0.04
9480  18819.3  0.04
9500  9499.64  0.02
9520  9520.08  0.02
9540  9539.54  0.02
9560  9559.98  0.02
9580  9580.42  0.02
9600  9599.88  0.02
9620  9620.32  0.02
9640  9639.78  0.02
9660  9656.33  0.02
9680  9656.33  0.02
9700  9656.33  0.02
9720  9656.33  0.02
9740  9656.33  0.02
9760  9656.33  0.02
9780  9656.33  0.02
9800  9656.33  0.02
9820  9656.33  0.02
9840  9656.33  0.02
9860  9656.33  0.02
9880  9656.33  0.02
9900  9656.33  0.02
9920  9656.33  0.02
9940  9656.33  0.02
9960  9656.33  0.02
9980  9656.33  0.02
10000  9656.33  0.02
10020  9656.33  0.02
10040  9656.33  0.02
10060  9656.33  0.02
10080  9656.33  0.02
10100  9656.33  0.02
10120  9656.33  0.02
10140  9656.33  0.02
10160  9656.33  0.02
10180  9656.33  0.02
10200  9656.33  0.02
10220  9656.33  0.02
10240  9656.33  0.02
10260  9656.33  0.02
10280  9656.33  0.02
10300  9656.33  0.02
10320  9656.33  0.02
10340  9656.33  0.02
10360  9656.33  0.02
10380  9656.33  0.02
10400  9656.33  0.02
10420  9656.33  0.02
10440  9656.33  0.02
10460  9656.33  0.02
10480  9656.33  0.02
10500  9656.33  0.02
10520  9656.33  0.02
10540  9656.33  0.02
10560  9656.33  0.02
10580  9656.33  0.02
10600  9656.33  0.02
10620  9656.33  0.02
10640  9656.33  0.02
10660  9656.33  0.02
10680  9656.33  0.02
10700  9656.33  0.02
10720  9656.33  0.02
10740  9656.33  0.02
10760  9656.33  0.02
10780  9656.33  0.02
10800  9656.33  0.02
10820  9656.33  0.02
10840  9656.33  0.02
10860  9656.33  0.02
10880  9656.33  0.02
10900  9656.33  0.02
10920  9656.33  0.02
10940  9656.33  0.02
10960  9656.33  0.02
10980  9656.33  0.02
11000  9656.33  0.02
11020  9656.33  0.02
11040  9656.33  0.02
11060  9656.33  0.02
11080  9656.33  0.02
11100  9656.33  0.02
11120  9656.33  0.02
11140  9656.33  0.02
11160  9656.33  0.02
11180  9656.33  0.02
11200  9656.33  0.02
11220  9656.33  0.02
11240  9656.33  0.02
11260  9656.33  0.02
11280  9656.33  0.02
11300  9656.33  0.02
11320  9656.33  0.02
11340  9656.33  0.02
11360  9656.33  0.02
11380  9656.33  0.02
11400  9656.33  0.02
11420  9656.33  0.02
11440  9656.33  0.02
11460  9656.33  0.02
11480  9656.33  0.02
11500  9656.33  0.02
11520  9656.33  0.02
11540  9656.33  0.02
11560  9656.33  0.02
11580  9656.33  0.02
11600  9656.33  0.02
11620  9656.33  0.02
11640  9656.33  0.02
11660  9656.33  0.02
11680  9656.33  0.02
11700  9656.33  0.02
11720  9656.33  0.02
11740  9656.33  0.02
11760  9656.33  0.02
11780  9656.33  0.02
11800  9656.33  0.02
11820  9656.33  0.02
11840  9656.33  0.02
11860  9656.33  0.02
11880  9656.33  0.02
11900  9656.33  0.02
11920  9656.33  0.02
11940  9656.33  0.02
11960  9656.33  0.02
11980  9656.33  0.02
12000  9656.33  0.02
12020  9656.33  0.02
12040  9656.33  0.02
12060  9656.33  0.02
12080  9656.33  0.02
12100  9656.33  0.02
12120  9656.33  0.02
12140  9656.33  0.02
12160  9656.33  0.02
12180  9656.33  0.02
12200  9656.33  0.02
12220  9656.33  0.02
12240  9656.33  0.02
12260  9656.33  0.02
12280  9656.33  0.02
12300  9656.33  0.02
12320  9656.33  0.02
12340  9656.33  0.02
12360  9656.33  0.02
12380  9656.33  0.02
12400  9656.33  0.02
12420  9656.33  0.02
12440  9656.33  0.02
12460  9656.33  0.02
12480  9656.33  0.02
12500  9656.33  0.02
12520  9656.33  0.02
12540  9656.33  0.02
12560  9656.33  0.02
12580  9656.33  0.02
12600  9656.33  0.02
12620  9656.33  0.02
12640  9656.33  0.02
12660  9656.33  0.02
12680  9656.33  0.02
12700  9656.33  0.02
12720  9656.33  0.02
12740  9656.33  0.02
12760  9656.33  0.02
12780  9656.33  0.02
12800  9656.33  0.02
12820  9656.33  0.02
12840  9656.33  0.02
12860  9656.33  0.02
12880  9656.33  0.02
12900  9656.33  0.02
12920  9656.33  0.02
12940  9656.33  0.02
12960  9656.33  0.02
12980  9656.33  0.02
13000  9656.33  0.02
13020  9656.33  0.02
13040  9656.33  0.02
13060  9656.33  0.02
13080  9656.33  0.02
13100  9656.33  0.02
13120  9656.33  0.02
13140  9656.33  0.02
13160  9656.33  0.02
13180  9656.33  0.02
13200  9656.33  0.02
13220  9656.33  0.02
13240  9656.33  0.02
13260  9656.33  0.02
13280  9656.33  0.02
13300  9656.33  0.02
13320  9656.33  0.02
13340  9656.33  0.02
13360  9656.33  0.02
13380  9656.33  0.02
13400  9656.33  0.02
13420  9656.33  0.02
13440  9656.33  0.02
13460  9656.33  0.02
13480  9656.33  0.02
13500  9656.33  0.02
13520  9656.33  0.02
13540  9656.33  0.02
13560  9656.33  0.02
13580  9656.33  0.02
13600  9656.33  0.02
13620  9656.33  0.02
13640  9656.33  0.02
13660  9656.33  0.02
13680  9656.33  0.02
13700  9656.33  0.02
13720  9656.33  0.02
13740  9656.33  0.02
13760  9656.33  0.02
13780  9656.33  0.02
13800  9656.33  0.02
13820  9656.33  0.02
13840  9656.33  0.02
13860  9656.33  0.02
13880  9656.33  0.02
13900  9656.33  0.02
13920  9656.33  0.02
13940  9656.33  0.02
13960  9656.33  0.02
13980  9656.33  0.02
14000  9656.33  0.02
14020  9656.33  0.02
14040  9656.33  0.02
14060  9656.33  0.02
14080  9656.33  0.02
14100  9656.33  0.02
14120  9656.33  0.02
14140  9656.33  0.02
14160  9656.33  0.02
14180  9656.33  0.02
14200  9656.33  0.02
14220  9656.33  0.02
14240  9656.33  0.02
14260  9656.33  0.02
14280  9656.33  0.02
14300  9656.33  0.02
14320  9656.33  0.02
14340  9656.33  0.02
14360  9656.33  0.02
14380  9656.33  0.02
14400  9656.33  0.02
14420  9656.33  0.02
14440  9656.33  0.02
14460  9656.33  0.02
14480  9656.33  0.02
14500  9656.33  0.02
14520  9656.33  0.02
14540  9656.33  0.02
14560  9656.33  0.02
14580  9656.33  0.02
14600  9656.33  0.02
14620  9656.33  0.02
14640  9656.33  0.02
14660  9656.33  0.02
14680  9656.33  0.02
14700  9656.33  0.02
14720  9656.33  0.02
14740  9656.33  0.02
14760  9656.33  0.02
14780  9656.33  0.02
14800  9656.33  0.02
14820  9656.33  0.02
14840  9656.33  0.02
14860  9656.33  0.02
14880  9656.33  0.02
14900  9656.33  0.02
14920  9656.33  0.02
14940  9656.33  0.02
14960  9656.33  0.02
14980  9656.33  0.02
