100  4414.61  0.94
120  4738.28  0.88
140  5402.07  0.88
160  7135.09  0.88
180  7789.34  0.88
200  9304.47  0.88
220  10125.2  0.88
240  10804.6  0.86
260  11206.9  0.82
280  11465.5  0.8
300  11379.3  0.76
320  11305.2  0.72
340  11783.4  0.7
360  12340.7  0.7
380  12582.3  0.68
400  12688.6  0.66
420  13189.8  0.66
440  13641.2  0.66
460  15126.8  0.66
480  15835.7  0.66
500  15292.6  0.62
520  15803.8  0.62
540  15283.7  0.58
560  16037.5  0.58
580  16773.4  0.58
600  17409.2  0.58
620  16961  0.54
640  17344.9  0.54
660  17768.6  0.54
680  18258.3  0.54
700  18667.4  0.54
720  17830.9  0.5
740  17731.5  0.48
760  16735.8  0.44
780  21876.9  0.58
800  20919.9  0.52
820  22983.4  0.56
840  22558.5  0.54
860  22371.3  0.52
880  22786.2  0.52
900  22174.1  0.5
920  22904  0.5
940  23348.8  0.5
960  24264.9  0.5
980  23642.2  0.48
1000  24006.6  0.48
1020  24359.5  0.48
1040  24762.5  0.48
1060  25761  0.48
1080  28119.5  0.52
1100  28620.2  0.52
1120  29489.4  0.52
1140  28871.5  0.5
1160  29104.8  0.5
1180  29497.5  0.5
1200  25081.8  0.42
1220  25292.5  0.42
1240  25703.4  0.42
1260  24894.8  0.4
1280  25532.5  0.4
1300  26133.6  0.42
1320  26373.9  0.42
1340  26859.5  0.42
1360  27698.8  0.42
1380  28106.5  0.42
1400  28345.4  0.42
1420  28724.4  0.42
1440  27945.9  0.4
1460  28107.6  0.4
1480  28427.7  0.4
1500  28691.9  0.4
1520  29135.4  0.4
1540  29395.1  0.4
1560  29712.9  0.4
1580  30019.6  0.4
1600  30205.3  0.4
1620  30495.3  0.4
1640  31271.1  0.4
1660  32267.2  0.4
1680  32461.2  0.4
1700  36151.2  0.44
1720  36358.3  0.44
1740  35084  0.42
1760  35693  0.42
1780  36046.5  0.42
1800  34542.1  0.4
1820  34840.1  0.4
1840  35254.7  0.4
1860  35434  0.4
1880  35643  0.4
1900  36134.5  0.4
1920  36358.3  0.4
1940  34783.8  0.38
1960  35582.4  0.38
1980  35916.8  0.38
2000  36104.9  0.38
2020  36728.9  0.38
2040  37150.6  0.38
2060  37392.3  0.38
2080  38000.3  0.38
2100  40318.2  0.4
2120  40667  0.4
2140  40948.6  0.4
2160  41296.3  0.4
2180  39400.3  0.38
2200  39598.3  0.38
2220  37864.3  0.36
2240  38000.1  0.36
2260  34869.1  0.32
2280  34992.3  0.32
2300  35361.4  0.32
2320  35766.3  0.32
2340  38587.7  0.34
2360  38836.5  0.34
2380  39414.7  0.34
2400  37259.2  0.32
2420  37609.1  0.32
2440  37768.3  0.32
2460  38062.7  0.32
2480  38211.8  0.32
2500  35890.1  0.3
2520  33746.4  0.28
2540  34041.1  0.28
2560  34629.5  0.28
2580  34793.6  0.28
2600  35000.3  0.28
2620  35335.2  0.28
2640  35550.3  0.28
2660  35710  0.28
2680  36054.3  0.28
2700  37582.4  0.28
2720  37798.2  0.28
2740  44243  0.34
2760  44412.8  0.34
2780  44711.9  0.34
2800  50445.8  0.38
2820  50910.7  0.38
2840  34743.2  0.26
2860  26114.5  0.2
2880  26381.5  0.2
2900  26492.8  0.2
2920  23462.3  0.16
2940  26701.2  0.2
2960  26850.4  0.2
2980  24054.9  0.18
3000  41868.6  0.28
3020  42121.7  0.28
3040  42328.3  0.28
3060  42512.7  0.28
3080  42790  0.28
3100  43350  0.28
3120  43652  0.28
3140  43839.5  0.28
3160  44589.9  0.28
3180  44742.7  0.28
3200  44973.7  0.28
3220  45355.8  0.28
3240  45557.8  0.28
3260  45698.8  0.28
3280  45948.7  0.28
3300  46096.2  0.28
3320  46329.6  0.28
3340  46656.5  0.28
3360  46863  0.28
3380  47047.4  0.28
3400  47299.7  0.28
3420  47196  0.28
3440  45296.3  0.28
3460  45196.9  0.26
3480  45506.1  0.26
3500  45735.7  0.26
3520  45955.2  0.26
3540  42542.2  0.24
3560  39185.9  0.22
3580  39278.3  0.22
3600  35914.1  0.2
3620  36064.9  0.2
3640  36158.3  0.2
3660  36309.1  0.2
3680  36411.2  0.2
3700  36660.5  0.2
3720  36753.8  0.2
3740  18383.8  0.1
3760  18471.8  0.1
3780  18550.3  0.1
3800  18630.5  0.1
3820  18709.1  0.1
3840  18796.3  0.1
3860  18874.9  0.1
3880  18953.4  0.1
3900  19040.6  0.1
3920  19112.2  0.1
3940  19200.1  0.1
3960  19277.9  0.1
3980  19365.9  0.1
4000  19443.7  0.1
4020  19485.2  0.1
4040  19603.2  0.1
4060  19643.9  0.1
4080  15676.6  0.08
4100  15718  0.08
4120  15795.8  0.08
4140  15874.4  0.08
4160  15908.1  0.08
4180  20171.8  0.1
4200  20213.5  0.1
4220  20338  0.1
4240  16147.1  0.08
4260  16225.9  0.08
4280  16259.8  0.08
4300  16337.8  0.08
4320  16379.5  0.08
4340  16457.6  0.08
4360  16498.5  0.08
4380  16576.6  0.08
4400  16648.4  0.08
4420  12272.3  0.06
4440  12313.3  0.06
4460  12355  0.06
4480  12395.9  0.06
4500  12436.8  0.06
4520  12471.5  0.06
4540  12512.4  0.06
4560  12553.4  0.06
4580  32152.3  0.16
4600  32379.1  0.16
4620  32459.9  0.16
4640  32580.1  0.16
4660  32684  0.16
4680  32911.7  0.16
4700  32990.4  0.16
4720  33448.9  0.16
4740  33577.2  0.16
4760  33656.8  0.16
4780  33876.5  0.16
4800  33960.1  0.16
4820  34088.3  0.16
4840  34171  0.16
4860  34296.2  0.16
4880  34476.5  0.16
4900  34548.1  0.16
4920  34433.4  0.14
4940  34512.1  0.14
4960  34640.4  0.14
4980  34820.6  0.14
5000  34946.7  0.14
5020  35026.3  0.14
5040  35105  0.14
5060  35233.3  0.14
5080  35399.2  0.14
5100  35881.4  0.14
5120  35943.4  0.14
5140  36041.8  0.14
5160  36103.7  0.14
5180  36264.2  0.14
5200  50342.3  0.2
5220  50463  0.2
5240  50641.5  0.2
5260  50749.8  0.2
5280  51024.9  0.2
5300  51142.6  0.2
5320  51226.3  0.2
5340  51431.6  0.2
5360  51515.2  0.2
5380  51820.4  0.2
5400  51895.6  0.2
5420  52109.3  0.2
5440  52227  0.2
5460  52305.3  0.2
5480  52996.2  0.2
5500  47555.6  0.18
5520  47764  0.18
5540  47844.6  0.18
5560  48058.3  0.18
5580  48138.9  0.18
5600  48254.2  0.18
5620  48423.8  0.18
5640  48541.5  0.18
5660  48712.7  0.18
5680  48830.5  0.18
5700  49049.1  0.18
5720  49127.3  0.18
5740  49238  0.18
5760  49414.6  0.18
5780  49526.9  0.18
5800  49703.5  0.18
5820  49824.3  0.18
5840  49997.9  0.18
5860  44453.8  0.16
5880  38674.8  0.14
5900  38842.1  0.14
5920  38925.2  0.14
5940  39089.4  0.14
5960  39210.1  0.14
5980  39324.7  0.14
6000  39445.5  0.14
6020  39526.1  0.14
6040  39687.9  0.14
6060  39771.5  0.14
6080  39935.8  0.14
6100  40012.3  0.14
6120  40171.1  0.14
6140  40259.6  0.14
6160  34215.6  0.12
6180  34322.9  0.12
6200  34421.5  0.12
6220  34558.9  0.12
6240  34620.3  0.12
6260  34765.4  0.12
6280  34826.2  0.12
6300  28646.6  0.1
6320  28707.4  0.1
6340  28799  0.1
6360  28860.4  0.1
6380  28958.3  0.1
6400  29019.8  0.1
6420  29117.7  0.1
6440  29216.3  0.1
6460  29270.7  0.1
6480  29368.6  0.1
6500  29430  0.1
6520  29527.9  0.1
6540  29589.4  0.1
6560  29684.9  0.1
6580  29741.7  0.1
6600  29840.3  0.1
6620  29901.1  0.1
6640  29999.6  0.1
6660  30058.1  0.1
6680  30159  0.1
6700  30250.5  0.1
6720  30311.3  0.1
6740  30409.9  0.1
6760  30468.3  0.1
6780  30569.3  0.1
6800  30630.7  0.1
6820  30721.6  0.1
6840  30783  0.1
6860  30878.6  0.1
6880  24075.7  0.08
6900  24137.1  0.08
6920  24197.9  0.08
6940  24252.3  0.08
6960  24310.7  0.08
6980  24374.6  0.08
7000  24436  0.08
7020  24496.8  0.08
7040  24558.3  0.08
7060  24609.6  0.08
7080  24673.4  0.08
7100  24734.9  0.08
7120  24795.7  0.08
7140  24857.2  0.08
7160  24915.6  0.08
7180  24972.3  0.08
7200  25030.8  0.08
7220  25094.6  0.08
7240  25156  0.08
7260  25214.5  0.08
7280  39855.3  0.12
7300  39945.3  0.12
7320  40004.1  0.12
7340  40150.7  0.12
7360  40210.7  0.12
7380  40357.3  0.12
7400  40417.2  0.12
7420  40556.7  0.12
7440  40619.7  0.12
7460  40712.7  0.12
7480  40859.3  0.12
7500  40919.2  0.12
7520  41065.8  0.12
7540  41121.7  0.12
7560  41265.3  0.12
7580  41328.2  0.12
7600  41425.3  0.12
7620  41530.7  0.12
7640  41630.8  0.12
7660  41730.2  0.12
7680  41830.2  0.12
7700  41936.7  0.12
7720  42036.8  0.12
7740  42133.8  0.12
7760  42239.2  0.12
7780  42332.2  0.12
7800  42438.7  0.12
7820  42538.8  0.12
7840  42645.2  0.12
7860  42899  0.12
7880  42985.7  0.12
7900  43050.3  0.12
7920  43134.9  0.12
7940  43218.5  0.12
7960  43293.3  0.12
7980  43379.9  0.12
8000  43461.5  0.12
8020  43529.2  0.12
8040  35610  0.1
8060  35696.7  0.1
8080  35769.4  0.1
8100  35853  0.1
8120  33330  0.1
8140  33404.5  0.1
8160  33479.2  0.1
8180  33565.9  0.1
8200  33649.5  0.1
8220  33722.2  0.1
8240  33805.8  0.1
8260  33885.4  0.1
8280  33957.1  0.1
8300  41769.4  0.12
8320  41852.5  0.12
8340  45128.4  0.12
8360  45238.1  0.12
8380  45331.2  0.12
8400  45437.3  0.12
8420  45537.6  0.12
8440  45600.7  0.12
8460  45743.9  0.12
8480  45802.9  0.12
8500  45939  0.12
8520  46039.3  0.12
8540  46148.9  0.12
8560  46245.6  0.12
8580  46308.7  0.12
8600  46451.9  0.12
8620  46503.8  0.12
8640  46650.6  0.12
8660  46710.2  0.12
8680  46856.9  0.12
8700  46916.5  0.12
8720  47063.2  0.12
8740  68373.1  0.16
8760  68413.8  0.16
8780  68501  0.16
8800  68541.8  0.16
8820  68813  0.16
8840  68853.7  0.16
8860  65119  0.16
8880  65159.7  0.16
8900  65200.4  0.16
8920  65466.7  0.16
8940  65507.5  0.16
8960  65594.7  0.16
8980  65628.4  0.16
9000  65796.2  0.16
9020  65935.4  0.16
9040  66298  0.16
9060  66385.2  0.16
9080  66506.5  0.16
9100  66586.7  0.16
9120  66725.9  0.16
9140  66813.2  0.16
9160  67234.3  0.16
9180  67275.1  0.16
9200  95435.1  0.22
9220  95697.9  0.22
9240  95949.3  0.22
9260  95995  0.22
9280  96164.8  0.22
9300  96241.5  0.22
9320  87184.4  0.2
9340  87347.2  0.2
9360  87704.8  0.2
9380  87874.6  0.2
9400  87995.9  0.2
9420  88264.2  0.2
9440  88304.9  0.2
9460  88681.6  0.2
9480  88893.7  0.2
9500  88970.5  0.2
9520  89202.8  0.2
9540  89279.6  0.2
9560  89529.9  0.2
9580  89570.6  0.2
9600  89640.3  0.2
9620  89872.6  0.2
9640  90029.9  0.2
9660  90163.7  0.2
9680  90557.4  0.2
9700  90696  0.2
9720  90944.8  0.2
9740  90985.5  0.2
9760  91455.2  0.2
9780  91496  0.2
9800  91746.3  0.2
9820  91921.6  0.2
9840  92048.3  0.2
9860  92125.1  0.2
9880  92246.3  0.2
9900  92416.1  0.2
9920  92555.4  0.2
9940  92730.1  0.2
9960  92844.3  0.2
9980  93014.1  0.2
10000  93470.2  0.2
10020  93547  0.2
10040  93761.3  0.2
10060  94138  0.2
10080  94300.7  0.2
10100  94440  0.2
10120  94690.3  0.2
10140  94731  0.2
10160  94812.7  0.2
10180  94946.4  0.2
10200  95195.2  0.2
10220  95329  0.2
10240  95405.8  0.2
10260  95539.5  0.2
10280  95696.8  0.2
10300  95836.1  0.2
10320  96315.7  0.2
10340  96392.5  0.2
10360  96906.7  0.2
10380  96988.4  0.2
10400  97220.6  0.2
10420  97297.4  0.2
10440  97411.6  0.2
10460  97581.4  0.2
10480  97622.2  0.2
10500  97890.5  0.2
10520  98011.7  0.2
10540  98181.5  0.2
10560  98251.3  0.2
10580  98385  0.2
10600  98645.7  0.2
10620  99003.4  0.2
10640  99173.2  0.2
10660  99513.8  0.2
10680  99757.1  0.2
10700  99896.3  0.2
10720  100066  0.2
10740  100107  0.2
10760  100264  0.2
10780  100398  0.2
10800  100566  0.2
10820  100741  0.2
10840  100862  0.2
10860  101032  0.2
10880  101073  0.2
10900  101248  0.2
10920  101455  0.2
10940  101849  0.2
10960  102283  0.2
10980  102359  0.2
11000  102672  0.2
11020  102749  0.2
11040  102787  0.2
11060  102957  0.2
11080  103115  0.2
11100  103347  0.2
11120  103424  0.2
11140  103557  0.2
11160  103708  0.2
11180  103748  0.2
11200  92924  0.18
11220  92964.7  0.18
11240  93215.1  0.18
11260  93560.6  0.18
11280  93723.3  0.18
11300  93862.6  0.18
11320  94019.9  0.18
11340  94188.6  0.18
11360  94229.3  0.18
11380  94496.6  0.18
11400  94610.8  0.18
11420  94779.5  0.18
11440  94820.3  0.18
11460  94897  0.18
11480  95208.8  0.18
11500  95290.4  0.18
11520  95416.1  0.18
11540  95492.8  0.18
11560  96005.9  0.18
11580  96181.2  0.18
11600  96258  0.18
11620  96390.7  0.18
11640  96541  0.18
11660  96673.6  0.18
11680  96848.9  0.18
11700  96981.6  0.18
11720  97143.8  0.18
11740  97184.6  0.18
11760  97346.2  0.18
11780  97485.5  0.18
11800  142151  0.26
11820  142316  0.26
11840  142997  0.26
11860  143418  0.26
11880  143603  0.26
11900  143898  0.26
11920  143956  0.26
11940  144176  0.26
11960  144399  0.26
11980  144792  0.26
12000  144844  0.26
12020  144974  0.26
12040  145151  0.26
12060  145353  0.26
12080  145603  0.26
12100  145863  0.26
12120  130488  0.22
12140  130609  0.22
12160  131087  0.22
12180  131319  0.22
12200  131563  0.22
12220  131777  0.22
12240  131848  0.22
12260  132076  0.22
12280  132252  0.22
12300  132374  0.22
12320  132544  0.22
12340  132585  0.22
12360  133009  0.22
12380  133271  0.22
12400  133405  0.22
12420  133483  0.22
12440  133616  0.22
12460  134169  0.22
12480  134302  0.22
12500  134472  0.22
12520  134679  0.22
12540  135025  0.22
12560  135066  0.22
12580  135335  0.22
12600  135374  0.22
12620  135532  0.22
12640  135798  0.22
12660  135937  0.22
12680  136273  0.22
12700  136395  0.22
12720  136558  0.22
12740  136694  0.22
12760  137170  0.22
12780  137384  0.22
12800  137462  0.22
12820  137601  0.22
12840  137766  0.22
12860  138245  0.22
12880  138323  0.22
12900  138400  0.22
12920  138629  0.22
12940  138787  0.22
12960  139012  0.22
12980  139090  0.22
13000  139224  0.22
13020  139643  0.22
13040  139684  0.22
13060  140258  0.22
13080  140291  0.22
13100  140543  0.22
13120  140678  0.22
13140  140849  0.22
13160  141025  0.22
13180  141312  0.22
13200  141571  0.22
13220  141612  0.22
13240  141782  0.22
13260  142002  0.22
13280  142178  0.22
13300  142313  0.22
13320  142384  0.22
13340  142598  0.22
13360  143240  0.22
13380  143374  0.22
13400  143547  0.22
13420  143798  0.22
13440  143832  0.22
13460  144008  0.22
13480  144142  0.22
13500  144400  0.22
13520  144699  0.22
13540  144777  0.22
13560  145002  0.22
13580  145255  0.22
13600  145296  0.22
13620  145467  0.22
13640  145508  0.22
13660  146157  0.22
13680  132816  0.2
13700  132903  0.2
13720  132986  0.2
13740  133107  0.2
13760  133330  0.2
13780  133466  0.2
13800  133583  0.2
13820  133704  0.2
13840  133994  0.2
13860  134134  0.2
13880  134306  0.2
13900  134474  0.2
13920  134545  0.2
13940  134674  0.2
13960  135208  0.2
13980  135413  0.2
14000  135453  0.2
14020  135697  0.2
14040  135876  0.2
14060  136129  0.2
14080  136216  0.2
14100  136294  0.2
14120  136381  0.2
14140  136638  0.2
14160  136778  0.2
14180  137061  0.2
14200  137139  0.2
14220  137307  0.2
14240  137483  0.2
14260  137965  0.2
14280  138043  0.2
14300  138157  0.2
14320  138281  0.2
14340  138681  0.2
14360  138805  0.2
14380  138927  0.2
14400  139056  0.2
14420  139089  0.2
14440  139407  0.2
14460  139565  0.2
14480  139606  0.2
14500  139730  0.2
14520  139937  0.2
14540  140328  0.2
14560  140669  0.2
14580  140793  0.2
14600  140834  0.2
14620  141091  0.2
14640  141277  0.2
14660  141348  0.2
14680  141638  0.2
14700  141759  0.2
14720  91731.4  0.14
14740  91870.6  0.14
14760  91911.4  0.14
14780  91991.5  0.14
14800  92112.8  0.14
14820  92200  0.14
14840  92344.2  0.14
14860  92731.3  0.14
14880  92852.6  0.14
14900  92886.3  0.14
14920  78072.3  0.12
14940  78211.6  0.12
14960  78298.8  0.12
14980  78339.5  0.12
