100  3595.44  0.86
120  5518.9  0.86
140  6491.98  0.84
160  6924.29  0.8
180  7644.63  0.8
200  7998.5  0.78
220  8999.01  0.8
240  8903.08  0.74
260  8959.01  0.7
280  9167  0.68
300  9793.54  0.68
320  9738.31  0.64
340  9845.94  0.6
360  10746.9  0.58
380  11201.6  0.58
400  11154.6  0.54
420  12995.7  0.6
440  13497.7  0.6
460  13402  0.58
480  12363.9  0.52
500  11888  0.48
520  11772.9  0.46
540  12592.6  0.48
560  12848.6  0.46
580  12573.3  0.44
600  13279.4  0.44
620  11809.1  0.38
640  15861.7  0.5
660  16412.9  0.5
680  16953.2  0.5
700  15218.8  0.44
720  15585.8  0.44
740  15403  0.42
760  16129  0.42
780  14898  0.38
800  15140.3  0.38
820  14590.4  0.36
840  15310  0.36
860  15547.6  0.36
880  15738.8  0.36
900  15134  0.34
920  14658.7  0.32
940  14817.7  0.32
960  15347.5  0.32
980  13991.9  0.28
1000  16855.1  0.34
1020  17033.7  0.34
1040  17296  0.34
1060  16457.1  0.32
1080  16874.8  0.32
1100  17050.6  0.32
1120  16163.4  0.3
1140  16288  0.3
1160  16409.7  0.3
1180  17047.2  0.3
1200  17603.8  0.3
1220  17725.8  0.3
1240  15520.1  0.26
1260  18217.1  0.3
1280  18385.6  0.3
1300  18852.5  0.3
1320  19187.2  0.3
1340  19354.3  0.3
1360  19584.7  0.3
1380  18361.4  0.28
1400  15736.8  0.24
1420  14722.2  0.22
1440  15110.3  0.22
1460  12342.7  0.18
1480  12527.8  0.18
1500  11133.1  0.16
1520  9742.87  0.14
1540  9843.49  0.14
1560  14594.5  0.2
1580  14695.9  0.2
1600  14998.6  0.2
1620  13512.5  0.18
1640  13612.1  0.18
1660  13779.7  0.18
1680  13879.9  0.18
1700  14239.5  0.18
1720  14406.6  0.18
1740  11890.8  0.14
1760  12000.6  0.14
1780  12111.6  0.14
1800  12189.6  0.14
1820  12301.1  0.14
1840  10582.6  0.12
1860  10664.6  0.12
1880  10720.5  0.12
1900  15669.4  0.18
1920  15847.3  0.18
1940  14041.8  0.16
1960  14362.2  0.16
1980  12485.4  0.14
2000  12750  0.14
2020  12809.6  0.14
2040  12871.1  0.14
2060  10911.5  0.12
2080  10971.1  0.12
2100  11030.7  0.12
2120  11090.8  0.12
2140  11356.8  0.12
2160  11416.4  0.12
2180  11476  0.12
2200  11603.5  0.12
2220  11664.5  0.12
2240  11724.1  0.12
2260  11851.6  0.12
2280  12048.9  0.12
2300  12108.5  0.12
2320  12169.5  0.12
2340  14641.5  0.14
2360  14701.4  0.14
2380  14811.6  0.14
2400  12543.2  0.12
2420  12742.2  0.12
2440  12802.1  0.12
2460  12928.7  0.12
2480  12988.7  0.12
2500  18261.6  0.16
2520  18325  0.16
2540  18376.7  0.16
2560  18460  0.16
2580  23156.6  0.18
2600  23501.5  0.18
2620  21963.1  0.18
2640  22070.6  0.18
2660  22122.2  0.18
2680  22286.6  0.18
2700  19648.2  0.16
2720  19928.5  0.16
2740  20298.4  0.16
2760  20361.8  0.16
2780  20425.7  0.16
2800  25245.9  0.18
2820  22508.2  0.16
2840  22571.6  0.16
2860  22953.4  0.16
2880  23016.8  0.16
2900  23137.6  0.16
2920  23201  0.16
2940  23469.5  0.16
2960  23826.3  0.16
2980  23889.7  0.16
3000  24202.6  0.16
3020  24323.4  0.16
3040  24386.8  0.16
3060  21371.3  0.14
3080  21492.6  0.14
3100  21556  0.14
3120  21619.4  0.14
3140  22213.6  0.14
3160  18990  0.12
3180  19033.6  0.12
3200  19122.8  0.12
3220  19166.3  0.12
3240  19209.8  0.12
3260  19310.7  0.12
3280  19603.3  0.12
3300  19645.7  0.12
3320  19746.6  0.12
3340  19778.4  0.12
3360  20095.7  0.12
3380  20139.3  0.12
3400  20171.1  0.12
3420  20272  0.12
3440  20315.5  0.12
3460  20359  0.12
3480  20448.2  0.12
3500  20491.8  0.12
3520  17072.9  0.1
3540  17422.9  0.1
3560  17466.4  0.1
3580  17509.9  0.1
3600  17599.1  0.1
3620  17642.7  0.1
3640  17686.2  0.1
3660  17787.1  0.1
3680  14142.1  0.08
3700  14162.1  0.08
3720  14239.6  0.08
3740  14259.6  0.08
3760  14279.6  0.08
3780  10568  0.06
3800  10848.9  0.06
3820  10868.9  0.06
3840  10888.9  0.06
3860  10909  0.06
3880  10929  0.06
3900  10949  0.06
3920  10969.1  0.06
3940  10989.1  0.06
3960  11009.1  0.06
3980  11029.2  0.06
4000  11049.2  0.06
4020  11068  0.06
4040  11088.1  0.06
4060  11368.9  0.06
4080  11389  0.06
4100  11409  0.06
4120  11429  0.06
4140  11449.1  0.06
4160  11469.1  0.06
4180  11489.1  0.06
4200  11509.2  0.06
4220  7355.96  0.04
4240  7375.99  0.04
4260  7396.03  0.04
4280  7416.06  0.04
4300  7436.09  0.04
4320  7456.12  0.04
4340  7476.16  0.04
4360  7496.19  0.04
4380  7516.22  0.04
4400  7536.25  0.04
4420  7556.28  0.04
4440  8372.59  0.04
4460  8392.62  0.04
4480  8412.66  0.04
4500  8432.69  0.04
4520  8452.72  0.04
4540  8472.75  0.04
4560  8492.79  0.04
4580  8512.82  0.04
4600  8532.85  0.04
4620  8552.88  0.04
4640  8572.91  0.04
4660  8592.95  0.04
4680  8612.98  0.04
4700  8633.01  0.04
4720  8653.04  0.04
4740  8673.08  0.04
4760  8691.93  0.04
4780  8711.96  0.04
4800  8731.99  0.04
4820  8878.65  0.04
4840  8898.69  0.04
4860  8918.72  0.04
4880  8938.75  0.04
4900  8958.78  0.04
4920  8978.82  0.04
4940  8998.85  0.04
4960  9018.88  0.04
4980  9038.91  0.04
5000  9058.94  0.04
5020  9078.98  0.04
5040  9099.01  0.04
5060  10120  0.04
5080  10160.1  0.04
5100  10200.3  0.04
5120  10240.4  0.04
5140  10279.6  0.04
5160  10319.7  0.04
5180  10359.9  0.04
5200  10382.8  0.04
5220  10402.8  0.04
5240  10422.9  0.04
5260  10442.9  0.04
5280  10462.9  0.04
5300  10482.9  0.04
5320  11561.9  0.06
5340  11601.6  0.06
5360  11641.3  0.06
5380  13669.8  0.06
5400  13708.9  0.06
5420  13752.8  0.06
5440  13792  0.06
5460  13831.1  0.06
5480  13869.1  0.06
5500  13908.2  0.06
5520  13952.1  0.06
5540  13985.4  0.06
5560  14033.1  0.06
5580  14066.9  0.06
5600  14114.5  0.06
5620  14148.4  0.06
5640  14196  0.06
5660  14229.9  0.06
5680  14263.7  0.06
5700  14311.3  0.06
5720  14345.2  0.06
5740  25738.6  0.1
5760  25822.9  0.1
5780  26162.7  0.1
5800  26223  0.1
5820  26267  0.1
5840  26351.3  0.1
5860  8081.28  0.04
5880  8101.31  0.04
5900  8121.34  0.04
5920  8141.37  0.04
5940  8161.41  0.04
5960  8611.12  0.04
5980  8631.15  0.04
6000  8651.19  0.04
6020  8671.22  0.04
6040  20916.9  0.08
6060  20937  0.08
6080  21293.2  0.08
6100  21313.2  0.08
6120  15243.7  0.06
6140  15263.7  0.06
6160  9071  0.04
6180  9091.03  0.04
6200  9111.07  0.04
6220  9129.92  0.04
6240  9149.95  0.04
6260  9169.98  0.04
6280  9190.02  0.04
6300  9210.05  0.04
6320  9230.08  0.04
6340  9250.11  0.04
6360  9270.14  0.04
6380  9290.18  0.04
6400  9310.21  0.04
6420  9330.24  0.04
6440  9350.27  0.04
6460  9370.31  0.04
6480  9390.34  0.04
6500  9410.37  0.04
6520  9430.4  0.04
6540  9450.44  0.04
6560  9470.47  0.04
6580  9490.5  0.04
6600  9510.53  0.04
6620  9530.56  0.04
6640  9550.6  0.04
6660  9570.63  0.04
6680  9590.66  0.04
6700  9610.69  0.04
6720  9630.73  0.04
6740  9650.76  0.04
6760  9670.79  0.04
6780  9690.82  0.04
6800  9710.85  0.04
6820  9730.89  0.04
6840  9750.92  0.04
6860  9770.95  0.04
6880  9790.98  0.04
6900  9811.02  0.04
6920  9831.05  0.04
6940  9849.9  0.04
6960  9869.93  0.04
6980  9889.97  0.04
7000  9910  0.04
7020  9930.03  0.04
7040  9950.06  0.04
7060  9970.1  0.04
7080  9990.13  0.04
7100  10010.2  0.04
7120  10030.2  0.04
7140  10050.2  0.04
7160  10070.3  0.04
7180  10090.3  0.04
7200  10110.3  0.04
7220  10130.4  0.04
7240  10150.4  0.04
7260  10170.4  0.04
7280  10190.5  0.04
7300  10210.5  0.04
7320  10230.5  0.04
7340  37228.6  0.12
7360  37296.8  0.12
7380  37570.1  0.12
7400  37616  0.12
7420  37684.2  0.12
7440  37752.4  0.12
7460  37865.7  0.12
7480  37933.9  0.12
7500  38002.1  0.12
7520  38253.1  0.12
7540  38321.3  0.12
7560  38389.5  0.12
7580  38494.1  0.12
7600  38571  0.12
7620  27576.7  0.08
7640  27622.5  0.08
7660  27781.6  0.08
7680  27826.2  0.08
7700  27846.2  0.08
7720  27891.9  0.08
7740  27937.7  0.08
7760  27983.4  0.08
7780  28142.6  0.08
7800  28162.6  0.08
7820  28208.3  0.08
7840  28254.1  0.08
7860  28299.8  0.08
7880  28319.9  0.08
7900  28479  0.08
7920  10758.1  0.04
7940  10778.1  0.04
7960  10798.1  0.04
7980  10818.2  0.04
8000  10838.2  0.04
8020  15502.5  0.04
8040  20838.6  0.06
8060  20858.7  0.06
8080  20878.7  0.06
8100  20898.7  0.06
8120  21032.1  0.06
8140  21052.2  0.06
8160  21072.2  0.06
8180  12927.8  0.04
8200  12947.9  0.04
8220  12967.9  0.04
8240  12987.9  0.04
8260  13008  0.04
8280  13028  0.04
8300  13048  0.04
8320  13068.1  0.04
8340  13088.1  0.04
8360  13108.1  0.04
8380  13128.2  0.04
8400  13147  0.04
8420  13167  0.04
8440  13187.1  0.04
8460  34395.8  0.1
8480  34553.5  0.1
8500  34604.5  0.1
8520  34655.4  0.1
8540  34742.8  0.1
8560  34793.8  0.1
8580  34844.7  0.1
8600  34932.1  0.1
8620  35120.8  0.1
8640  35140.8  0.1
8660  35259.1  0.1
8680  35310.1  0.1
8700  35330.1  0.1
8720  35381  0.1
8740  35499.3  0.1
8760  35657.1  0.1
8780  35708  0.1
8800  10187.7  0.04
8820  10207.8  0.04
8840  44673.2  0.12
8860  44811.6  0.12
8880  44831.6  0.12
8900  36240.8  0.1
8920  36260.8  0.1
8940  36348.2  0.1
8960  36419.2  0.1
8980  36439.3  0.1
9000  27555.5  0.08
9020  27713.2  0.08
9040  27733.2  0.08
9060  27753.3  0.08
9080  27840.7  0.08
9100  27860.7  0.08
9120  27880.7  0.08
9140  27966.9  0.08
9160  28124.7  0.08
9180  28144.7  0.08
9200  28232.1  0.08
9220  28252.1  0.08
9240  28272.2  0.08
9260  28292.2  0.08
9280  28379.6  0.08
9300  28537.3  0.08
9320  28557.4  0.08
9340  28644.8  0.08
9360  28664.8  0.08
9380  28684.8  0.08
9400  28772.2  0.08
9420  28792.3  0.08
9440  28950  0.08
9460  28970  0.08
9480  29057.4  0.08
9500  29077.5  0.08
9520  29097.5  0.08
9540  29184.9  0.08
9560  29204.9  0.08
9580  29362.7  0.08
9600  29450.1  0.08
9620  29470.1  0.08
9640  29490.1  0.08
9660  29510.1  0.08
9680  29597.5  0.08
9700  29617.6  0.08
9720  29775.3  0.08
9740  29862.7  0.08
9760  29882.7  0.08
9780  29902.8  0.08
9800  29922.8  0.08
9820  30010.2  0.08
9840  20194.7  0.06
9860  20351.3  0.06
9880  10456.9  0.04
9900  10477  0.04
9920  10497  0.04
9940  10517  0.04
9960  10537.1  0.04
9980  10557.1  0.04
10000  10577.1  0.04
10020  10597.2  0.04
10040  10617.2  0.04
10060  10637.2  0.04
10080  10657.3  0.04
10100  10677.3  0.04
10120  10697.3  0.04
10140  10717.4  0.04
10160  10737.4  0.04
10180  10757.4  0.04
10200  10777.5  0.04
10220  10797.5  0.04
10240  10817.5  0.04
10260  10837.6  0.04
10280  10857.6  0.04
10300  10877.6  0.04
10320  10897.7  0.04
10340  10880.9  0.04
10360  10900.9  0.04
10380  13970.6  0.04
10400  13990.7  0.04
10420  14010.7  0.04
10440  14030.7  0.04
10460  14050.8  0.04
10480  14070.8  0.04
10500  31619.5  0.06
10520  31639.6  0.06
10540  31703.2  0.06
10560  31723.2  0.06
10580  31786.8  0.06
10600  31805.7  0.06
10620  31869.3  0.06
10640  31889.3  0.06
10660  31952.9  0.06
10680  11600.7  0.04
10700  11620.7  0.04
10720  11640.7  0.04
10740  11660.8  0.04
10760  11680.8  0.04
10780  11700.8  0.04
10800  11720.9  0.04
10820  11740.9  0.04
10840  11760.9  0.04
10860  11781  0.04
10880  14078.3  0.04
10900  14098.3  0.04
10920  14118.3  0.04
10940  21792.9  0.04
10960  21813  0.04
10980  22068.9  0.04
11000  22088.9  0.04
11020  22109  0.04
11040  22129  0.04
11060  22149  0.04
11080  22169.1  0.04
11100  22189.1  0.04
11120  22209.1  0.04
11140  22229.2  0.04
11160  22249.2  0.04
11180  22269.2  0.04
11200  22289.3  0.04
11220  22545.2  0.04
11240  22565.3  0.04
11260  22585.3  0.04
11280  22605.3  0.04
11300  22625.4  0.04
11320  22644.2  0.04
11340  22664.3  0.04
11360  22684.3  0.04
11380  22704.3  0.04
11400  22724.3  0.04
11420  22744.4  0.04
11440  22764.4  0.04
11460  23020.4  0.04
11480  23040.4  0.04
11500  11499.7  0.02
11520  11519.7  0.02
11540  11539.8  0.02
11560  11559.8  0.02
11580  11579.8  0.02
11600  11599.9  0.02
11620  11619.9  0.02
11640  11639.9  0.02
11660  11660  0.02
11680  11680  0.02
11700  11691.8  0.02
11720  11691.8  0.02
11740  11691.8  0.02
11760  11691.8  0.02
11780  11691.8  0.02
11800  11691.8  0.02
11820  11691.8  0.02
11840  11691.8  0.02
11860  11691.8  0.02
11880  11691.8  0.02
11900  11691.8  0.02
11920  11691.8  0.02
11940  11691.8  0.02
11960  11691.8  0.02
11980  11691.8  0.02
12000  11691.8  0.02
12020  11691.8  0.02
12040  11691.8  0.02
12060  11691.8  0.02
12080  11691.8  0.02
12100  11691.8  0.02
12120  11691.8  0.02
12140  11691.8  0.02
12160  11691.8  0.02
12180  11691.8  0.02
12200  11691.8  0.02
12220  11691.8  0.02
12240  11691.8  0.02
12260  11691.8  0.02
12280  11691.8  0.02
12300  11691.8  0.02
12320  11691.8  0.02
12340  11691.8  0.02
12360  11691.8  0.02
12380  11691.8  0.02
12400  11691.8  0.02
12420  11691.8  0.02
12440  11691.8  0.02
12460  11691.8  0.02
12480  11691.8  0.02
12500  11691.8  0.02
12520  11691.8  0.02
12540  11691.8  0.02
12560  11691.8  0.02
12580  11691.8  0.02
12600  11691.8  0.02
12620  11691.8  0.02
12640  11691.8  0.02
12660  11691.8  0.02
12680  11691.8  0.02
12700  11691.8  0.02
12720  11691.8  0.02
12740  11691.8  0.02
12760  11691.8  0.02
12780  11691.8  0.02
12800  11691.8  0.02
12820  11691.8  0.02
12840  11691.8  0.02
12860  11691.8  0.02
12880  11691.8  0.02
12900  11691.8  0.02
12920  11691.8  0.02
12940  11691.8  0.02
12960  11691.8  0.02
12980  11691.8  0.02
13000  11691.8  0.02
13020  11691.8  0.02
13040  11691.8  0.02
13060  11691.8  0.02
13080  11691.8  0.02
13100  11691.8  0.02
13120  11691.8  0.02
13140  11691.8  0.02
13160  11691.8  0.02
13180  11691.8  0.02
13200  11691.8  0.02
13220  11691.8  0.02
13240  11691.8  0.02
13260  11691.8  0.02
13280  11691.8  0.02
13300  11691.8  0.02
13320  11691.8  0.02
13340  11691.8  0.02
13360  11691.8  0.02
13380  11691.8  0.02
13400  11691.8  0.02
13420  11691.8  0.02
13440  11691.8  0.02
13460  11691.8  0.02
13480  11691.8  0.02
13500  11691.8  0.02
13520  11691.8  0.02
13540  11691.8  0.02
13560  11691.8  0.02
13580  11691.8  0.02
13600  11691.8  0.02
13620  11691.8  0.02
13640  11691.8  0.02
13660  11691.8  0.02
13680  11691.8  0.02
13700  11691.8  0.02
13720  11691.8  0.02
13740  11691.8  0.02
13760  11691.8  0.02
13780  11691.8  0.02
13800  11691.8  0.02
13820  11691.8  0.02
13840  11691.8  0.02
13860  11691.8  0.02
13880  11691.8  0.02
13900  11691.8  0.02
13920  11691.8  0.02
13940  11691.8  0.02
13960  11691.8  0.02
13980  11691.8  0.02
14000  11691.8  0.02
14020  11691.8  0.02
14040  11691.8  0.02
14060  11691.8  0.02
14080  11691.8  0.02
14100  11691.8  0.02
14120  11691.8  0.02
14140  11691.8  0.02
14160  11691.8  0.02
14180  11691.8  0.02
14200  11691.8  0.02
14220  11691.8  0.02
14240  11691.8  0.02
14260  11691.8  0.02
14280  11691.8  0.02
14300  11691.8  0.02
14320  11691.8  0.02
14340  11691.8  0.02
14360  11691.8  0.02
14380  11691.8  0.02
14400  11691.8  0.02
14420  11691.8  0.02
14440  11691.8  0.02
14460  11691.8  0.02
14480  11691.8  0.02
14500  11691.8  0.02
14520  11691.8  0.02
14540  11691.8  0.02
14560  11691.8  0.02
14580  11691.8  0.02
14600  11691.8  0.02
14620  11691.8  0.02
14640  11691.8  0.02
14660  11691.8  0.02
14680  11691.8  0.02
14700  11691.8  0.02
14720  11691.8  0.02
14740  11691.8  0.02
14760  11691.8  0.02
14780  11691.8  0.02
14800  11691.8  0.02
14820  11691.8  0.02
14840  11691.8  0.02
14860  11691.8  0.02
14880  11691.8  0.02
14900  11691.8  0.02
14920  11691.8  0.02
14940  11691.8  0.02
14960  11691.8  0.02
14980  11691.8  0.02
