100  4516.52  1
120  4952.22  0.9
140  5909.1  0.9
160  7098.61  0.9
180  7742.36  0.9
200  8077.66  0.86
220  9646.61  0.86
240  9853.73  0.82
260  10819  0.8
280  10883.4  0.76
300  11510.5  0.76
320  12081.2  0.76
340  12347.2  0.74
360  13186.1  0.74
380  13108.8  0.7
400  13402.6  0.68
420  15011.1  0.72
440  14957.2  0.68
460  15499.7  0.68
480  16091.7  0.68
500  16147.4  0.66
520  16644.2  0.66
540  16115  0.62
560  15695.8  0.58
580  16182.1  0.58
600  16027  0.56
620  16461.8  0.56
640  17937  0.58
660  17692.9  0.56
680  18237.9  0.56
700  19785.7  0.58
720  21306.7  0.6
740  21742.7  0.6
760  23790.8  0.64
780  23371.9  0.6
800  23728.4  0.6
820  24213.8  0.6
840  22133.7  0.54
860  22547.1  0.54
880  22172.1  0.52
900  21795.4  0.5
920  22161.6  0.5
940  22530.6  0.5
960  22874.9  0.5
980  23526  0.5
1000  21984  0.46
1020  23544.7  0.48
1040  25186.5  0.5
1060  25560.6  0.5
1080  26369.1  0.5
1100  25613.6  0.48
1120  25968.6  0.48
1140  26369.2  0.48
1160  26718.7  0.48
1180  27084.9  0.48
1200  27503.1  0.48
1220  29060.9  0.5
1240  29475.7  0.5
1260  27665.2  0.46
1280  27245.8  0.44
1300  26430.7  0.4
1320  26728.2  0.4
1340  27073.7  0.4
1360  27390.8  0.4
1380  27694.7  0.4
1400  28028.9  0.4
1420  28367.7  0.4
1440  28653.1  0.4
1460  27722.9  0.38
1480  28031.9  0.38
1500  28311  0.38
1520  28613  0.38
1540  29182.6  0.38
1560  29489.4  0.38
1580  30076.1  0.38
1600  30366.7  0.38
1620  30671.3  0.38
1640  29352.3  0.36
1660  29593  0.36
1680  29837.1  0.36
1700  30064.3  0.36
1720  30550.5  0.36
1740  29052.4  0.34
1760  29286.6  0.34
1780  29501.3  0.34
1800  30251.7  0.34
1820  30841.2  0.34
1840  31046.9  0.34
1860  31420.4  0.34
1880  31921.4  0.34
1900  32155.6  0.34
1920  32454.2  0.34
1940  32690.3  0.34
1960  32913.8  0.34
1980  33100  0.34
2000  33461.9  0.34
2020  33788.7  0.34
2040  34013  0.34
2060  38306.9  0.38
2080  38812.6  0.38
2100  39208.4  0.38
2120  39542.6  0.38
2140  39924  0.38
2160  40467.7  0.38
2180  40694.4  0.38
2200  40937.9  0.38
2220  36946.3  0.34
2240  37133.3  0.34
2260  35101.6  0.32
2280  35398.5  0.32
2300  36096.6  0.32
2320  36304.4  0.32
2340  36662.4  0.32
2360  37164.8  0.32
2380  37318.8  0.32
2400  32757.3  0.28
2420  32970.1  0.28
2440  28429.6  0.24
2460  27249.4  0.24
2480  27419.4  0.24
2500  27600.7  0.24
2520  25218.9  0.22
2540  32057.1  0.26
2560  32191.9  0.26
2580  32336.2  0.26
2600  32476.1  0.26
2620  32610.1  0.26
2640  27581.7  0.22
2660  27713.6  0.22
2680  27988.2  0.22
2700  41572.4  0.32
2720  41950.5  0.32
2740  39473.7  0.3
2760  39680.1  0.3
2780  39904  0.3
2800  37352  0.28
2820  37668.7  0.28
2840  37984.6  0.28
2860  38179.2  0.28
2880  38373.4  0.28
2900  33216.2  0.24
2920  33602  0.24
2940  33731.8  0.24
2960  33817.5  0.24
2980  33941.7  0.24
3000  34121.4  0.24
3020  34233.1  0.24
3040  44035.8  0.3
3060  41372.1  0.28
3080  41511.6  0.28
3100  41853.8  0.28
3120  38857.6  0.26
3140  41779.5  0.28
3160  41987.6  0.28
3180  42249.1  0.28
3200  39577.8  0.26
3220  39783.2  0.26
3240  40001.8  0.26
3260  30822.9  0.2
3280  27638.3  0.18
3300  27746.6  0.18
3320  28141.8  0.18
3340  28246.9  0.18
3360  28442.8  0.18
3380  28547.1  0.18
3400  28652.2  0.18
3420  28740.9  0.18
3440  28849.2  0.18
3460  29041.2  0.18
3480  25913.2  0.16
3500  26015.2  0.16
3520  26110.2  0.16
3540  26212.2  0.16
3560  26304  0.16
3580  26412.3  0.16
3600  26800.8  0.16
3620  26893.3  0.16
3640  26995.4  0.16
3660  27090.4  0.16
3680  27192.4  0.16
3700  27296.7  0.16
3720  27389.4  0.16
3740  23759.4  0.14
3760  23709.7  0.14
3780  23811.7  0.14
3800  23919.2  0.14
3820  24028  0.14
3840  24132.3  0.14
3860  24221.8  0.14
3880  24329.3  0.14
3900  24431.3  0.14
3920  32366  0.18
3940  24628.9  0.14
3960  24721.4  0.14
3980  24828.7  0.14
4000  24926.4  0.14
4020  25299.2  0.14
4040  25403.4  0.14
4060  25491.6  0.14
4080  25513  0.14
4100  33142.9  0.18
4120  33266.5  0.18
4140  33385.9  0.18
4160  33503.2  0.18
4180  33627.7  0.18
4200  33734.2  0.18
4220  33856.8  0.18
4240  33983.2  0.18
4260  34102.4  0.18
4280  34221.4  0.18
4300  31568.9  0.16
4320  31692.4  0.16
4340  31793.1  0.16
4360  31884.8  0.16
4380  31992.9  0.16
4400  32084.7  0.16
4420  27935.2  0.14
4440  28040.3  0.14
4460  26877.6  0.14
4480  26978.3  0.14
4500  27070.1  0.14
4520  27178.2  0.14
4540  27275.1  0.14
4560  27370.6  0.14
4580  27752.9  0.14
4600  27847.6  0.14
4620  27945.3  0.14
4640  28052.6  0.14
4660  28148.2  0.14
4680  28245.1  0.14
4700  28340.7  0.14
4720  28445.7  0.14
4740  28553  0.14
4760  28638.2  0.14
4780  28745.5  0.14
4800  28838  0.14
4820  28938.7  0.14
4840  28925.7  0.12
4860  29295.3  0.12
4880  29402.7  0.12
4900  29487.8  0.12
4920  29595.1  0.12
4940  29700.2  0.12
4960  29788.4  0.12
4980  29875.4  0.12
5000  29950.7  0.12
5020  30038.4  0.12
5040  30115.8  0.12
5060  30191  0.12
5080  30275.7  0.12
5100  30343.6  0.12
5120  30428.3  0.12
5140  30793.2  0.12
5160  30865.4  0.12
5180  30945.8  0.12
5200  31021.1  0.12
5220  31105.8  0.12
5240  31186.2  0.12
5260  31258.3  0.12
5280  31346.1  0.12
5300  31418.3  0.12
5320  31498.7  0.12
5340  31605.7  0.12
5360  31677.9  0.12
5380  31758.3  0.12
5400  31838  0.12
5420  32195.7  0.12
5440  32278.9  0.12
5460  32347  0.12
5480  32430.2  0.12
5500  32498.3  0.12
5520  32599  0.12
5540  32679.6  0.12
5560  32747.6  0.12
5580  56806.9  0.22
5600  56950  0.22
5620  57122.1  0.22
5640  57274.3  0.22
5660  57606.1  0.22
5680  57761.8  0.22
5700  58184.8  0.22
5720  58350.7  0.22
5740  58496.5  0.22
5760  58665.9  0.22
5780  58821.5  0.22
5800  58995.1  0.22
5820  59305.6  0.22
5840  59484.3  0.22
5860  59640  0.22
5880  58542.5  0.2
5900  58644.2  0.2
5920  58795.4  0.2
5940  58935.2  0.2
5960  59347.1  0.2
5980  59653.1  0.2
6000  59775.4  0.2
6020  53888.9  0.18
6040  54011.2  0.18
6060  54162.4  0.18
6080  54314.6  0.18
6100  54453.3  0.18
6120  68676.6  0.24
6140  68830  0.24
6160  68986.9  0.24
6180  69444.8  0.24
6200  69591.9  0.24
6220  69758.9  0.24
6240  70196.9  0.24
6260  70353.8  0.24
6280  70519.7  0.24
6300  64368.7  0.22
6320  64514.6  0.22
6340  64645.4  0.22
6360  64820.6  0.22
6380  64963.9  0.22
6400  65605.2  0.22
6420  65743.7  0.22
6440  65874.4  0.22
6460  66020.4  0.22
6480  66450.8  0.22
6500  66594.4  0.22
6520  67014.8  0.22
6540  67148.2  0.22
6560  67284  0.22
6580  67427.3  0.22
6600  67560.7  0.22
6620  67696.5  0.22
6640  67847.4  0.22
6660  67990.7  0.22
6680  68116.1  0.22
6700  68239.4  0.22
6720  68385.3  0.22
6740  50174.5  0.16
6760  50298.1  0.16
6780  50436.2  0.16
6800  50821.5  0.16
6820  50944.8  0.16
6840  51052.9  0.16
6860  51195.5  0.16
6880  51319.4  0.16
6900  51430.1  0.16
6920  51568.3  0.16
6940  51679.1  0.16
6960  51799.7  0.16
6980  51923  0.16
7000  52031.1  0.16
7020  52151.7  0.16
7040  52265.8  0.16
7060  52403.9  0.16
7080  65489.9  0.2
7100  65599.6  0.2
7120  65717.2  0.2
7140  65826.9  0.2
7160  65951.8  0.2
7180  42316.6  0.12
7200  42405.6  0.12
7220  42486.5  0.12
7240  42554.9  0.12
7260  42639  0.12
7280  42719.9  0.12
7300  42788.2  0.12
7320  42869.1  0.12
7340  42958.2  0.12
7360  43316.2  0.12
7380  43403.8  0.12
7400  43487.9  0.12
7420  43568.8  0.12
7440  43637.2  0.12
7460  43718.1  0.12
7480  43807.1  0.12
7500  43888  0.12
7520  43968.9  0.12
7540  44037.3  0.12
7560  44121.4  0.12
7580  44189.8  0.12
7600  22823.9  0.08
7620  22863  0.08
7640  53591.9  0.16
7660  53672.7  0.16
7680  54164.3  0.16
7700  54301.9  0.16
7720  54384.4  0.16
7740  54459.4  0.16
7760  54604.5  0.16
7780  54681.2  0.16
7800  54762  0.16
7820  47014.3  0.14
7840  47092.4  0.14
7860  47175  0.14
7880  47328.6  0.14
7900  47688.3  0.14
7920  47766.4  0.14
7940  47902.5  0.14
7960  47985  0.14
7980  48063.1  0.14
8000  48205.1  0.14
8020  48280  0.14
8040  48362.6  0.14
8060  48500.1  0.14
8080  48576.8  0.14
8100  48659.3  0.14
8120  48793.7  0.14
8140  24258.3  0.06
8160  24277.6  0.06
8180  24574  0.06
8200  24593.2  0.06
8220  24612.5  0.06
8240  24631.7  0.06
8260  24650.9  0.06
8280  24670.2  0.06
8300  24689.4  0.06
8320  24708.7  0.06
8340  24727.9  0.06
8360  24747.2  0.06
8380  24785.6  0.06
8400  24804.9  0.06
8420  24824.1  0.06
8440  24843.4  0.06
8460  25139.8  0.06
8480  25159  0.06
8500  25178.3  0.06
8520  25197.5  0.06
8540  25216.7  0.06
8560  25236  0.06
8580  25255.2  0.06
8600  25274.5  0.06
8620  25293.7  0.06
8640  25313  0.06
8660  25332.2  0.06
8680  25351.4  0.06
8700  25370.7  0.06
8720  25389.9  0.06
8740  25686.3  0.06
8760  25705.6  0.06
8780  25724.8  0.06
8800  25744.1  0.06
8820  25763.3  0.06
8840  25782.5  0.06
8860  25801.8  0.06
8880  25821  0.06
8900  25859.5  0.06
8920  25878.7  0.06
8940  25898  0.06
8960  25917.2  0.06
8980  25936.5  0.06
9000  25955.7  0.06
9020  26252.1  0.06
9040  26271.4  0.06
9060  26290.6  0.06
9080  26309.8  0.06
9100  26329.1  0.06
9120  26348.3  0.06
9140  26367.6  0.06
9160  26386.8  0.06
9180  26406.1  0.06
9200  26425.3  0.06
9220  26444.5  0.06
9240  26463.8  0.06
9260  26483  0.06
9280  26502.3  0.06
9300  26798.7  0.06
9320  26817.9  0.06
9340  26837.2  0.06
9360  26856.4  0.06
9380  26875.6  0.06
9400  26914.1  0.06
9420  26933.4  0.06
9440  26952.6  0.06
9460  26971.9  0.06
9480  26991.1  0.06
9500  27009.5  0.06
9520  27027.9  0.06
9540  27046.2  0.06
9560  27064.6  0.06
9580  27359.3  0.06
9600  27377.7  0.06
9620  27396.1  0.06
9640  27414.5  0.06
9660  27432.8  0.06
9680  27451.2  0.06
9700  27469.6  0.06
9720  27488  0.06
9740  27506.4  0.06
9760  27524.7  0.06
9780  27543.1  0.06
9800  27561.5  0.06
9820  27579.9  0.06
9840  27874.6  0.06
9860  27893  0.06
9880  27911.3  0.06
9900  27929.7  0.06
9920  27966.5  0.06
9940  27984.9  0.06
9960  28003.2  0.06
9980  28021.6  0.06
10000  28040  0.06
10020  28058.4  0.06
10040  28076.8  0.06
10060  28095.2  0.06
10080  28113.5  0.06
10100  28131.9  0.06
10120  28426.6  0.06
10140  28445  0.06
10160  68854.1  0.14
10180  69014.4  0.14
10200  69074.6  0.14
10220  69268.7  0.14
10240  69328.9  0.14
10260  69386  0.14
10280  69549.3  0.14
10300  69609.7  0.14
10320  82487  0.18
10340  82564.7  0.18
10360  82782.3  0.18
10380  82963.3  0.18
10400  83320.9  0.18
10420  73206.3  0.16
10440  73290.1  0.16
10460  73367.8  0.16
10480  73545.7  0.16
10500  73766.3  0.16
10520  73844  0.16
10540  73924.5  0.16
10560  59139.6  0.12
10580  59177.2  0.12
10600  59321  0.12
10620  59358.6  0.12
10640  59536.3  0.12
10660  59573.8  0.12
10680  59891.6  0.12
10700  60035.4  0.12
10720  60072.9  0.12
10740  60113.5  0.12
10760  60151.1  0.12
10780  60328.8  0.12
10800  60469.6  0.12
10820  60510.2  0.12
10840  60547.7  0.12
10860  60588.3  0.12
10880  60628.9  0.12
10900  60906.8  0.12
10920  60966.6  0.12
10940  61004.2  0.12
10960  61321.9  0.12
10980  61359.5  0.12
11000  61503.3  0.12
11020  61540.9  0.12
11040  61718.5  0.12
11060  61759.1  0.12
11080  61796.7  0.12
11100  61940.5  0.12
11120  61978.1  0.12
11140  62018.7  0.12
11160  62056.2  0.12
11180  62233.9  0.12
11200  62271.4  0.12
11220  62415.3  0.12
11240  87473.3  0.16
11260  87568.5  0.16
11280  87609.1  0.16
11300  87646.6  0.16
11320  87985.2  0.16
11340  88022.8  0.16
11360  44488  0.08
11380  44527.8  0.08
11400  44565.7  0.08
11420  44605.5  0.08
11440  44664.5  0.08
11460  44839.5  0.08
11480  44879.3  0.08
11500  44919.1  0.08
11520  44957  0.08
11540  44996.8  0.08
11560  45036.6  0.08
11580  40333.1  0.08
11600  40508.2  0.08
11620  40547.9  0.08
11640  40587.7  0.08
11660  40625.6  0.08
11680  40665.4  0.08
11700  40705.2  0.08
11720  40745  0.08
11740  40920  0.08
11760  40959.8  0.08
11780  40999.6  0.08
11800  41037.5  0.08
11820  41077.3  0.08
11840  41117.1  0.08
11860  41293.9  0.08
11880  41331.9  0.08
11900  41371.6  0.08
11920  41411.4  0.08
11940  41468.6  0.08
11960  41508.4  0.08
11980  41548.2  0.08
12000  41723.2  0.08
12020  41763  0.08
12040  44003.9  0.08
12060  44043.7  0.08
12080  44081.7  0.08
12100  44121.4  0.08
12120  44161.2  0.08
12140  44336.2  0.08
12160  44376  0.08
12180  44415.8  0.08
12200  44455.6  0.08
12220  44493.5  0.08
12240  44533.3  0.08
12260  44573.1  0.08
12280  44748.1  0.08
12300  44787.9  0.08
12320  44827.7  0.08
12340  44867.4  0.08
12360  44905.4  0.08
12380  44945.1  0.08
12400  44984.9  0.08
12420  45159.9  0.08
12440  45199.7  0.08
12460  45258.8  0.08
12480  32823  0.06
12500  32860.9  0.06
12520  32900.7  0.06
12540  32940.5  0.06
12560  32978.4  0.06
12580  33018.2  0.06
12600  33058  0.06
12620  33095.9  0.06
12640  33135.7  0.06
12660  33175.5  0.06
12680  38041.1  0.06
12700  38099.6  0.06
12720  38158.6  0.06
12740  38217.2  0.06
12760  38278.8  0.06
12780  38334.8  0.06
12800  38385.9  0.06
12820  38426.5  0.06
12840  38464  0.06
12860  38504.6  0.06
12880  38542.2  0.06
12900  36296.8  0.06
12920  36334.4  0.06
12940  36375  0.06
12960  36431.8  0.06
12980  36472.4  0.06
13000  36513  0.06
13020  36550.5  0.06
13040  36591.1  0.06
13060  36628.6  0.06
13080  73276.8  0.12
13100  73343.1  0.12
13120  73486.6  0.12
13140  73552.8  0.12
13160  73635.8  0.12
13180  73765.6  0.12
13200  73845.5  0.12
13220  73960.4  0.12
13240  74041.6  0.12
13260  74170.2  0.12
13280  74236.4  0.12
13300  74380  0.12
13320  61125.9  0.1
13340  61208.8  0.1
13360  61293.1  0.1
13380  61373  0.1
13400  48045.7  0.08
13420  48110.6  0.08
13440  48164.9  0.08
13460  48249.1  0.08
13480  48303.4  0.08
13500  48354.6  0.08
13520  48422.6  0.08
13540  48476.9  0.08
13560  48541.8  0.08
13580  48596  0.08
13600  48661  0.08
13620  48715.2  0.08
13640  48780.2  0.08
13660  48834.4  0.08
13680  48899.4  0.08
13700  48953.6  0.08
13720  49021.6  0.08
13740  49072.8  0.08
13760  49127.1  0.08
13780  49192  0.08
13800  49246.3  0.08
13820  49311.2  0.08
13840  49365.5  0.08
13860  49430.4  0.08
13880  49484.7  0.08
13900  49552.7  0.08
13920  49603.9  0.08
13940  49671.9  0.08
13960  49723.1  0.08
13980  49810.3  0.08
14000  49861.6  0.08
14020  49915.8  0.08
14040  49980.8  0.08
14060  50035  0.08
14080  50103  0.08
14100  50154.2  0.08
14120  50222.2  0.08
14140  50273.4  0.08
14160  50341.4  0.08
14180  50392.6  0.08
14200  50460.6  0.08
14220  50511.8  0.08
14240  50579.8  0.08
14260  50634.1  0.08
14280  50685.3  0.08
14300  50753.3  0.08
14320  50804.5  0.08
14340  50872.5  0.08
14360  50923.7  0.08
14380  50991.7  0.08
14400  51042.9  0.08
14420  51110.9  0.08
14440  51165.1  0.08
14460  51230.1  0.08
14480  51303.6  0.08
14500  51368.5  0.08
14520  51422.8  0.08
14540  51474  0.08
14560  51542  0.08
14580  51593.2  0.08
14600  51661.2  0.08
14620  51715.5  0.08
14640  51780.4  0.08
14660  51834.7  0.08
14680  51899.6  0.08
14700  51953.9  0.08
14720  52018.8  0.08
14740  52073.1  0.08
14760  52138  0.08
14780  52192.3  0.08
14800  52246.5  0.08
14820  52311.5  0.08
14840  52365.7  0.08
14860  52430.7  0.08
14880  52484.9  0.08
14900  52549.9  0.08
14920  52604.1  0.08
14940  52669.1  0.08
14960  52723.3  0.08
14980  52810.5  0.08
