100  4464.94  0.96
120  5242.11  0.96
140  6595.65  0.96
160  7396.67  0.96
180  8239  0.96
200  8955.71  0.92
220  10256.1  0.92
240  10741.4  0.9
260  11646.8  0.9
280  12313.2  0.86
300  12618.7  0.82
320  12952.4  0.8
340  13528.3  0.8
360  14192.4  0.8
380  15503.5  0.82
400  15753  0.78
420  16260.5  0.78
440  17027.9  0.78
460  15764.3  0.7
480  15992.2  0.68
500  15934.5  0.66
520  16593.6  0.66
540  17079.8  0.66
560  17012.1  0.64
580  15900.3  0.58
600  16258.6  0.56
620  17137.7  0.56
640  17851.6  0.56
660  18236.1  0.56
680  18709.9  0.56
700  17065.9  0.5
720  16681.2  0.48
740  16383.7  0.46
760  16168.4  0.44
780  16590.5  0.44
800  16134.4  0.42
820  16395.9  0.42
840  16714.8  0.42
860  17128.5  0.42
880  17769.6  0.42
900  17181.5  0.4
920  17486.2  0.4
940  16824.7  0.38
960  17119.2  0.38
980  17406.4  0.38
1000  18161.4  0.38
1020  18849.1  0.38
1040  19178.6  0.38
1060  17324.6  0.34
1080  17523.5  0.34
1100  17868  0.34
1120  19277.7  0.36
1140  19604.1  0.34
1160  19872.7  0.34
1180  20140.3  0.34
1200  20479.9  0.34
1220  20758.7  0.34
1240  21026.9  0.34
1260  23743.1  0.38
1280  24029.6  0.38
1300  24514.9  0.38
1320  26031.3  0.4
1340  26362.5  0.4
1360  26651.7  0.4
1380  27219  0.4
1400  32158.6  0.46
1420  32506.6  0.46
1440  33377.3  0.46
1460  30828.3  0.42
1480  28143.8  0.38
1500  28516.8  0.38
1520  27270.2  0.36
1540  27535.7  0.36
1560  27824.1  0.36
1580  28036  0.36
1600  28307.7  0.36
1620  28693.9  0.36
1640  25896.8  0.32
1660  26117.1  0.32
1680  26353.8  0.32
1700  26590.4  0.32
1720  26890.8  0.32
1740  27107.1  0.32
1760  27349  0.32
1780  28604.1  0.34
1800  27224.5  0.32
1820  27432.6  0.3
1840  27086.6  0.3
1860  27906.7  0.3
1880  28397.9  0.3
1900  36129.2  0.4
1920  36550.8  0.4
1940  37416.7  0.4
1960  37720.2  0.4
1980  38001.1  0.4
2000  36294.6  0.38
2020  34682.1  0.36
2040  34919.9  0.36
2060  35193.2  0.36
2080  35455.6  0.36
2100  35703  0.36
2120  35975  0.36
2140  34449.6  0.34
2160  34668.2  0.34
2180  35315.6  0.34
2200  35556.1  0.34
2220  35786.5  0.34
2240  36139.7  0.34
2260  36396  0.34
2280  36630.7  0.34
2300  34551.1  0.32
2320  34777.2  0.32
2340  32771.3  0.3
2360  32948  0.3
2380  33416  0.3
2400  33627.5  0.3
2420  33803  0.3
2440  31671.6  0.28
2460  31864.8  0.28
2480  32024.2  0.28
2500  32764.6  0.28
2520  32958.7  0.28
2540  30449.9  0.26
2560  31737.8  0.26
2580  32339.5  0.26
2600  32535.4  0.26
2620  36962.9  0.3
2640  37538  0.3
2660  37758.3  0.3
2680  37891.7  0.3
2700  38112.5  0.3
2720  35621.9  0.28
2740  35759.6  0.28
2760  33300.1  0.26
2780  33466.3  0.26
2800  44846.1  0.34
2820  45058.8  0.34
2840  45262.6  0.34
2860  45707  0.34
2880  46128.4  0.34
2900  46334.8  0.34
2920  39050.8  0.28
2940  39184.5  0.28
2960  39858.3  0.28
2980  40143.2  0.28
3000  40277.1  0.28
3020  40450.5  0.28
3040  37583.5  0.26
3060  38242.4  0.26
3080  38415.1  0.26
3100  35483.3  0.24
3120  35592.5  0.24
3140  35995.6  0.24
3160  36256  0.24
3180  36403.8  0.24
3200  36519.5  0.24
3220  33447.2  0.22
3240  33578.3  0.22
3260  33780.6  0.22
3280  37200  0.24
3300  37329.4  0.24
3320  37454.3  0.24
3340  35047.7  0.22
3360  35573.3  0.22
3380  36027.3  0.22
3400  36155.3  0.22
3420  37808.3  0.24
3440  37929.8  0.24
3460  38483.6  0.24
3480  38735.4  0.24
3500  36496.6  0.22
3520  36602.9  0.22
3540  36730.2  0.22
3560  36859.5  0.22
3580  37061.2  0.22
3600  37192.8  0.22
3620  37317.7  0.22
3640  37670.7  0.22
3660  37801.6  0.22
3680  40599  0.24
3700  45528.4  0.26
3720  45704.5  0.26
3740  45860.5  0.26
3760  42497.9  0.24
3780  43055.9  0.24
3800  43146.8  0.24
3820  43236.5  0.24
3840  43293.8  0.24
3860  43989.6  0.24
3880  44432  0.24
3900  51180.6  0.28
3920  51429.8  0.28
3940  51567.4  0.28
3960  51530.2  0.26
3980  51637.8  0.26
4000  40033.7  0.22
4020  40074.3  0.22
4040  40402.3  0.22
4060  40806.9  0.22
4080  36813  0.2
4100  36957.1  0.2
4120  36878.3  0.18
4140  46731.4  0.24
4160  47212.2  0.24
4180  47313.2  0.24
4200  47684.1  0.24
4220  43534.8  0.22
4240  39382.4  0.2
4260  39647.9  0.2
4280  39688.8  0.2
4300  40121.2  0.2
4320  40191.1  0.2
4340  40367.3  0.2
4360  40437.2  0.2
4380  41536.4  0.2
4400  41707.7  0.2
4420  41748.6  0.2
4440  41818.5  0.2
4460  42083  0.2
4480  44848.3  0.22
4500  45042  0.22
4520  45125.1  0.22
4540  45579.8  0.22
4560  45930.1  0.22
4580  46018.3  0.22
4600  46216.9  0.22
4620  46409.6  0.22
4640  46750.2  0.22
4660  47036.1  0.22
4680  47097.3  0.22
4700  47186.6  0.22
4720  47378.3  0.22
4740  47576.8  0.22
4760  47667.1  0.22
4780  47750.3  0.22
4800  47810.5  0.22
4820  48264.3  0.22
4840  48352.5  0.22
4860  48611.4  0.22
4880  48838.1  0.22
4900  49178.6  0.22
4920  49341.2  0.22
4940  49825.9  0.22
4960  49915.2  0.22
4980  49856.7  0.2
5000  49918  0.2
5020  50249  0.2
5040  50336.3  0.2
5060  50590.1  0.2
5080  50940.4  0.2
5100  51028.6  0.2
5120  51192.3  0.2
5140  51532.9  0.2
5160  51758.4  0.2
5180  51819.7  0.2
5200  46855.1  0.2
5220  46923.9  0.2
5240  47264.7  0.2
5260  47335.2  0.2
5280  47404  0.2
5300  47609.1  0.2
5320  47650.6  0.2
5340  48477.2  0.2
5360  48545.9  0.2
5380  48584.7  0.2
5400  48905.5  0.2
5420  48974.3  0.2
5440  50568.2  0.2
5460  50635.9  0.2
5480  50704.6  0.2
5500  50744.2  0.2
5520  50812.9  0.2
5540  50988.9  0.2
5560  40001.8  0.16
5580  40178.8  0.16
5600  40507.5  0.16
5620  40575.2  0.16
5640  40968.6  0.16
5660  41037.3  0.16
5680  42402.5  0.16
5700  42559.1  0.16
5720  42608.3  0.16
5740  42827.2  0.16
5760  44463.7  0.16
5780  44512.9  0.16
5800  44561.2  0.16
5820  44749.7  0.16
5840  44936.3  0.16
5860  45349  0.16
5880  45397.3  0.16
5900  39779.7  0.14
5920  39829  0.14
5940  39878.2  0.14
5960  40000.9  0.14
5980  40187.5  0.14
6000  40236.8  0.14
6020  40257  0.14
6040  40305.3  0.14
6060  40458  0.14
6080  40478.2  0.14
6100  40527.5  0.14
6120  41963.1  0.14
6140  42233.7  0.14
6160  42386.4  0.14
6180  42435.6  0.14
6200  42483.9  0.14
6220  42504.1  0.14
6240  42553.4  0.14
6260  42843.4  0.14
6280  42862.7  0.14
6300  42911.9  0.14
6320  42961.2  0.14
6340  42981.4  0.14
6360  43030.7  0.14
6380  43442.5  0.14
6400  52714.5  0.18
6420  49272.1  0.16
6440  49321.3  0.16
6460  49397.8  0.16
6480  43322.7  0.14
6500  43372  0.14
6520  43421.2  0.14
6540  43577.8  0.14
6560  40498  0.14
6580  40650.7  0.14
6600  40670.9  0.14
6620  40719.2  0.14
6640  41278.8  0.14
6660  41436.4  0.14
6680  41589.1  0.14
6700  41637.4  0.14
6720  41657.6  0.14
6740  41706.9  0.14
6760  41756.1  0.14
6780  41907.8  0.14
6800  42065.4  0.14
6820  42114.6  0.14
6840  42163.9  0.14
6860  42184.1  0.14
6880  42335.9  0.14
6900  42895.5  0.14
6920  42915.7  0.14
6940  43102.3  0.14
6960  43150.6  0.14
6980  43170.8  0.14
7000  43323.5  0.14
7020  43372.8  0.14
7040  43392  0.14
7060  43441.3  0.14
7080  43627.9  0.14
7100  43780.5  0.14
7120  43799.8  0.14
7140  44099.4  0.14
7160  44408.7  0.14
7180  44428.9  0.14
7200  44580.6  0.14
7220  44767.2  0.14
7240  45567.5  0.14
7260  45616.7  0.14
7280  42209.4  0.12
7300  42333.1  0.12
7320  42382.3  0.12
7340  42431.6  0.12
7360  42618.1  0.12
7380  42637.4  0.12
7400  43040.4  0.12
7420  43089.7  0.12
7440  43109.9  0.12
7460  43158.2  0.12
7480  43207.5  0.12
7500  43468.4  0.12
7520  43517.7  0.12
7540  43566  0.12
7560  43586.2  0.12
7580  36083.6  0.1
7600  36132.9  0.1
7620  36255.6  0.1
7640  36555.1  0.1
7660  53928.6  0.16
7680  54076.9  0.16
7700  46416.1  0.14
7720  46583.2  0.14
7740  46646.8  0.14
7760  46695.9  0.14
7780  46770.5  0.14
7800  46819.7  0.14
7820  46965.7  0.14
7840  47037.2  0.14
7860  47107.7  0.14
7880  47150.2  0.14
7900  47472  0.14
7920  47647  0.14
7940  36478.1  0.1
7960  36526.4  0.1
7980  36575.7  0.1
8000  36625  0.1
8020  36748.6  0.1
8040  36796.9  0.1
8060  36846.2  0.1
8080  36866.4  0.1
8100  40735.3  0.12
8120  40887  0.12
8140  32845.5  0.1
8160  32894.7  0.1
8180  32944  0.1
8200  32963.3  0.1
8220  33012.5  0.1
8240  33165.2  0.1
8260  33214.5  0.1
8280  33233.8  0.1
8300  33283  0.1
8320  33332.3  0.1
8340  33455.9  0.1
8360  33504.2  0.1
8380  33553.5  0.1
8400  33824  0.1
8420  33873.3  0.1
8440  34026  0.1
8460  34045.2  0.1
8480  34094.5  0.1
8500  34143.8  0.1
8520  34164  0.1
8540  34315.7  0.1
8560  34365  0.1
8580  34414.2  0.1
8600  34287.8  0.08
8620  34336.1  0.08
8640  34739.1  0.08
8660  34759.3  0.08
8680  34808.6  0.08
8700  34856.9  0.08
8720  34877.1  0.08
8740  35029.8  0.08
8760  35078.1  0.08
8780  35078.1  0.08
8800  35107.1  0.08
8820  35136.2  0.08
8840  35136.2  0.08
8860  35268.6  0.08
8880  35297.6  0.08
8900  35577  0.08
8920  35577  0.08
8940  35606  0.08
8960  35738.4  0.08
8980  35738.4  0.08
9000  35767.5  0.08
9020  35796.5  0.08
9040  35796.5  0.08
9060  35929  0.08
9080  35958  0.08
9100  35958  0.08
9120  35987  0.08
9140  36266.3  0.08
9160  36398.8  0.08
9180  36398.8  0.08
9200  36427.8  0.08
9220  36456.9  0.08
9240  36456.9  0.08
9260  36589.3  0.08
9280  36618.4  0.08
9300  36618.4  0.08
9320  36647.4  0.08
9340  36676.4  0.08
9360  36779.8  0.08
9380  36808.9  0.08
9400  37088.2  0.08
9420  37088.2  0.08
9440  37117.2  0.08
9460  37146.3  0.08
9480  37278.7  0.08
9500  37278.7  0.08
9520  37307.7  0.08
9540  37336.8  0.08
9560  37336.8  0.08
9580  37469.2  0.08
9600  37498.3  0.08
9620  37498.3  0.08
9640  37777.6  0.08
9660  37806.6  0.08
9680  37910  0.08
9700  37939.1  0.08
9720  37968.1  0.08
9740  37968.1  0.08
9760  37997.1  0.08
9780  38129.6  0.08
9800  38158.6  0.08
9820  38158.6  0.08
9840  38187.7  0.08
9860  38216.7  0.08
9880  38320.1  0.08
9900  38599.4  0.08
9920  38628.5  0.08
9940  38628.5  0.08
9960  38657.5  0.08
9980  38686.5  0.08
10000  38790  0.08
10020  38819  0.08
10040  38848  0.08
10060  38877  0.08
10080  38877  0.08
10100  39009.5  0.08
10120  39038.5  0.08
10140  39288.8  0.08
10160  39317.9  0.08
10180  39346.9  0.08
10200  39450.3  0.08
10220  39479.3  0.08
10240  39508.4  0.08
10260  39508.4  0.08
10280  39537.4  0.08
10300  39669.9  0.08
10320  39669.9  0.08
10340  39698.9  0.08
10360  39727.9  0.08
10380  39757  0.08
10400  40110.7  0.08
10420  40139.7  0.08
10440  40168.7  0.08
10460  40168.7  0.08
10480  40197.8  0.08
10500  40330.2  0.08
10520  40330.2  0.08
10540  40359.3  0.08
10560  40388.3  0.08
10580  40388.3  0.08
10600  40417.3  0.08
10620  40549.8  0.08
10640  40800.1  0.08
10660  40829.1  0.08
10680  40858.1  0.08
10700  40887.2  0.08
10720  40990.6  0.08
10740  41019.6  0.08
10760  41048.6  0.08
10780  41048.6  0.08
10800  41077.7  0.08
10820  41210.1  0.08
10840  41210.1  0.08
10860  41239.2  0.08
10880  41268.2  0.08
10900  41518.5  0.08
10920  41650.9  0.08
10940  41680  0.08
10960  41709  0.08
10980  41709  0.08
11000  41738  0.08
11020  41870.5  0.08
11040  41870.5  0.08
11060  41899.5  0.08
11080  41928.6  0.08
11100  41928.6  0.08
11120  42061  0.08
11140  42340.3  0.08
11160  42340.3  0.08
11180  42369.4  0.08
11200  42398.4  0.08
11220  42398.4  0.08
11240  42530.8  0.08
11260  42559.9  0.08
11280  42588.9  0.08
11300  42588.9  0.08
11320  42617.9  0.08
11340  42750.4  0.08
11360  42750.4  0.08
11380  42779.4  0.08
11400  43058.8  0.08
11420  43058.8  0.08
11440  43191.2  0.08
11460  43220.2  0.08
11480  43220.2  0.08
11500  43249.3  0.08
11520  43278.3  0.08
11540  43381.7  0.08
11560  43410.8  0.08
11580  43439.8  0.08
11600  43468.8  0.08
11620  43468.8  0.08
11640  43851.6  0.08
11660  43880.6  0.08
11680  43880.6  0.08
11700  43909.6  0.08
11720  43938.7  0.08
11740  44042.1  0.08
11760  44071.1  0.08
11780  44100.1  0.08
11800  44100.1  0.08
11820  44129.2  0.08
11840  44158.2  0.08
11860  44290.7  0.08
11880  44290.7  0.08
11900  44570  0.08
11920  44599  0.08
11940  44599  0.08
11960  44731.5  0.08
11980  44760.5  0.08
12000  44760.5  0.08
12020  44789.5  0.08
12040  44818.6  0.08
12060  44922  0.08
12080  44951  0.08
12100  44980.1  0.08
12120  44980.1  0.08
12140  45259.4  0.08
12160  45391.8  0.08
12180  45420.9  0.08
12200  45420.9  0.08
12220  45449.9  0.08
12240  45478.9  0.08
12260  45582.4  0.08
12280  45611.4  0.08
12300  45640.4  0.08
12320  45640.4  0.08
12340  45669.5  0.08
12360  45801.9  0.08
12380  45801.9  0.08
12400  46081.2  0.08
12420  46110.3  0.08
12440  46110.3  0.08
12460  46139.3  0.08
12480  46271.7  0.08
12500  58146.7  0.1
12520  58168.2  0.1
12540  58218.8  0.1
12560  58258.7  0.1
12580  58383.6  0.1
12600  58434.3  0.1
12620  58484.9  0.1
12640  58756.7  0.1
12660  58807.3  0.1
12680  58961.4  0.1
12700  58972.1  0.1
12720  59022.7  0.1
12740  59073.4  0.1
12760  59124  0.1
12780  59249  0.1
12800  59299.6  0.1
12820  59339.4  0.1
12840  59361  0.1
12860  59411.6  0.1
12880  59565.6  0.1
12900  59837.4  0.1
12920  59888.1  0.1
12940  59938.7  0.1
12960  59949.4  0.1
12980  60103.5  0.1
13000  60154.1  0.1
13020  60175.7  0.1
13040  60226.3  0.1
13060  60276.9  0.1
13080  60327.5  0.1
13100  60441.7  0.1
13120  60492.3  0.1
13140  60793.2  0.1
13160  60814.8  0.1
13180  60865.4  0.1
13200  61019.4  0.1
13220  61041  0.1
13240  61080.8  0.1
13260  61131.4  0.1
13280  61153  0.1
13300  61307  0.1
13320  61357.6  0.1
13340  61379.2  0.1
13360  61429.8  0.1
13380  61469.6  0.1
13400  61873.9  0.1
13420  61895.5  0.1
13440  61946.1  0.1
13460  61996.7  0.1
13480  62018.3  0.1
13500  62172.3  0.1
13520  62212.1  0.1
13540  62233.7  0.1
13560  62284.3  0.1
13580  62334.9  0.1
13600  62356.5  0.1
13620  62510.5  0.1
13640  62550.3  0.1
13660  62851.2  0.1
13680  62872.8  0.1
13700  62923.4  0.1
13720  63077.4  0.1
13740  63099  0.1
13760  63149.6  0.1
13780  63189.4  0.1
13800  63211  0.1
13820  63365  0.1
13840  63415.6  0.1
13860  63437.2  0.1
13880  63487.8  0.1
13900  63788.7  0.1
13920  63902.9  0.1
13940  63953.5  0.1
13960  64004.1  0.1
13980  64054.7  0.1
14000  64076.3  0.1
14020  64230.3  0.1
14040  64281  0.1
14060  64291.7  0.1
14080  64342.3  0.1
14100  64393  0.1
14120  64517.9  0.1
14140  64568.6  0.1
14160  64869.4  0.1
14180  64891  0.1
14200  64930.8  0.1
14220  64981.4  0.1
14240  65106.4  0.1
14260  65157  0.1
14280  65207.7  0.1
14300  65258.3  0.1
14320  65279.8  0.1
14340  65423.1  0.1
14360  65473.7  0.1
14380  65495.3  0.1
14400  65796.1  0.1
14420  65846.8  0.1
14440  65971.8  0.1
14460  66022.4  0.1
14480  66062.2  0.1
14500  66083.8  0.1
14520  66134.4  0.1
14540  66288.4  0.1
14560  66339  0.1
14580  66360.6  0.1
14600  66400.4  0.1
14620  66451  0.1
14640  66576  0.1
14660  66876.9  0.1
14680  66927.5  0.1
14700  66949.1  0.1
14720  66999.7  0.1
14740  67142.9  0.1
14760  67164.5  0.1
14780  67215.1  0.1
14800  67265.7  0.1
14820  67287.3  0.1
14840  67337.9  0.1
14860  67491.9  0.1
14880  67531.7  0.1
14900  67803.6  0.1
14920  67854.2  0.1
14940  67904.8  0.1
14960  68029.8  0.1
14980  68080.4  0.1
