100  4305.53  0.96
120  4766.92  0.86
140  5640.31  0.88
160  6600.6  0.88
180  7485.96  0.88
200  7733.58  0.8
220  8170.78  0.76
240  8793.54  0.76
260  10343.5  0.76
280  10883.2  0.76
300  11664.2  0.76
320  13017.8  0.8
340  13889.9  0.8
360  12821.8  0.7
380  12873.5  0.68
400  13227.3  0.66
420  12796.6  0.62
440  13636.7  0.62
460  13613.1  0.6
480  14063.9  0.6
500  14529.6  0.6
520  15166  0.6
540  16577.1  0.64
560  17434.7  0.64
580  17273.9  0.62
600  16690.6  0.58
620  17596.1  0.58
640  17921.1  0.58
660  19032.7  0.6
680  18968.1  0.58
700  18609.9  0.56
720  19195.4  0.56
740  19601.6  0.54
760  20122.9  0.54
780  20095.9  0.52
800  20709.6  0.52
820  21012.2  0.52
840  19682.7  0.48
860  19599.9  0.46
880  19850.5  0.46
900  20095.7  0.46
920  19586.1  0.44
940  18868.8  0.42
960  19421.8  0.42
980  19626.4  0.42
1000  21256.1  0.44
1020  21746.7  0.44
1040  22086.5  0.44
1060  22454.6  0.44
1080  22901.2  0.44
1100  23122.8  0.44
1120  23404.6  0.44
1140  23736.1  0.44
1160  24174.2  0.44
1180  24672.5  0.44
1200  24889.2  0.44
1220  25654.9  0.44
1240  28592.3  0.48
1260  29069.4  0.48
1280  29784.6  0.48
1300  30744.9  0.48
1320  29732.6  0.46
1340  29953.6  0.46
1360  30309  0.46
1380  29202  0.44
1400  29670.7  0.44
1420  30095.4  0.44
1440  30366.5  0.44
1460  30905.8  0.44
1480  28219.1  0.4
1500  28407.3  0.4
1520  28843.3  0.4
1540  29204.1  0.4
1560  29774.7  0.4
1580  28620.9  0.38
1600  28795.9  0.38
1620  27404.3  0.36
1640  27635.1  0.36
1660  26491.9  0.34
1680  26882.2  0.34
1700  30855.5  0.38
1720  29338.1  0.36
1740  29625.6  0.36
1760  29910.1  0.36
1780  28425.9  0.34
1800  28595.5  0.34
1820  29664.2  0.34
1840  24449.1  0.28
1860  24691.3  0.28
1880  24835.1  0.28
1900  25321.5  0.28
1920  29284.9  0.32
1940  29561.7  0.32
1960  33722.1  0.36
1980  33863.9  0.36
2000  32094.4  0.34
2020  32419.5  0.34
2040  30618.7  0.32
2060  30921.8  0.32
2080  31040.7  0.32
2100  30417.2  0.3
2120  30517.1  0.3
2140  29210.9  0.28
2160  29419.6  0.28
2180  25679.1  0.24
2200  25809.3  0.24
2220  25889.2  0.24
2240  26068.7  0.24
2260  26325.3  0.24
2280  26403.9  0.24
2300  26482.4  0.24
2320  26744.5  0.24
2340  29540.6  0.26
2360  29678.6  0.26
2380  29888.6  0.26
2400  29974  0.26
2420  30392.1  0.26
2440  30578.4  0.26
2460  30846.9  0.26
2480  30935.3  0.26
2500  30117.2  0.26
2520  30259.2  0.26
2540  30454.4  0.26
2560  28212.1  0.24
2580  28422.5  0.24
2600  28505.8  0.24
2620  28757.6  0.24
2640  28937.1  0.24
2660  29497  0.24
2680  29628.5  0.24
2700  29989.8  0.24
2720  30257.7  0.24
2740  30558.9  0.24
2760  30637.4  0.24
2780  30767.6  0.24
2800  28048.9  0.22
2820  28159.9  0.22
2840  28452.2  0.22
2860  29150.9  0.22
2880  29263  0.22
2900  29323.6  0.22
2920  29383  0.22
2940  29595  0.22
2960  29654.4  0.22
2980  30301.7  0.22
3000  30361.1  0.22
3020  30222.5  0.2
3040  30434.6  0.2
3060  30494.9  0.2
3080  30606  0.2
3100  30797.2  0.2
3120  30978.2  0.2
3140  31672.9  0.2
3160  31732.3  0.2
3180  31843.3  0.2
3200  31894.7  0.2
3220  31934.2  0.2
3240  32379.9  0.2
3260  32703.4  0.2
3280  32742.9  0.2
3300  32834  0.2
3320  32873.5  0.2
3340  33065.7  0.2
3360  33228.1  0.2
3380  33917.3  0.2
3400  34008.4  0.2
3420  34047.9  0.2
3440  34240  0.2
3460  34279.5  0.2
3480  31012.4  0.18
3500  31103.6  0.18
3520  31143  0.18
3540  31566.3  0.18
3560  31657.4  0.18
3580  31696.9  0.18
3600  31911  0.18
3620  32431.8  0.18
3640  28947.6  0.16
3660  29038.8  0.16
3680  29078.3  0.16
3700  29170.7  0.16
3720  29331.8  0.16
3740  29472.3  0.16
3760  29563.5  0.16
3780  29602.9  0.16
3800  29694.1  0.16
3820  26192  0.14
3840  26454.1  0.14
3860  26493.6  0.14
3880  26533  0.14
3900  26572.5  0.14
3920  26612  0.14
3940  26753.7  0.14
3960  26914.8  0.14
3980  26954.3  0.14
4000  26993.8  0.14
4020  27033.2  0.14
4040  27175  0.14
4060  27214.5  0.14
4080  27375.6  0.14
4100  27896.4  0.14
4120  23886.4  0.12
4140  24975.1  0.12
4160  25036.3  0.12
4180  25094.9  0.12
4200  25276.4  0.12
4220  25336.3  0.12
4240  25431.5  0.12
4260  46725.7  0.22
4280  46836.2  0.22
4300  46937.5  0.22
4320  42893.4  0.2
4340  43086.6  0.2
4360  43178.7  0.2
4380  43280.8  0.2
4400  43682  0.2
4420  43774.1  0.2
4440  39639.4  0.18
4460  35245.4  0.16
4480  35319.2  0.16
4500  35394.4  0.16
4520  35494  0.16
4540  35569.4  0.16
4560  35755.5  0.16
4580  35838  0.16
4600  35911.9  0.16
4620  36004.2  0.16
4640  36088.2  0.16
4660  36677.9  0.16
4680  37034.6  0.16
4700  37108.4  0.16
4720  37192.3  0.16
4740  37284.8  0.16
4760  32514.7  0.14
4780  32709.5  0.14
4800  32783.3  0.14
4820  32857.2  0.14
4840  32942.6  0.14
4860  33033.5  0.14
4880  33107.4  0.14
4900  33302.1  0.14
4920  33376  0.14
4940  33451.4  0.14
4960  33809.4  0.14
4980  33909  0.14
5000  34095  0.14
5020  19082.2  0.08
5040  19124.3  0.08
5060  19163.8  0.08
5080  19203.3  0.08
5100  19242.8  0.08
5120  19282.4  0.08
5140  19323.4  0.08
5160  19364  0.08
5180  19403.5  0.08
5200  19443  0.08
5220  19482.5  0.08
5240  19081.2  0.08
5260  19120.7  0.08
5280  22723.9  0.1
5300  24488.7  0.1
5320  24528.6  0.1
5340  19245.1  0.08
5360  19284.9  0.08
5380  19324.7  0.08
5400  19364.5  0.08
5420  19404.3  0.08
5440  19445.7  0.08
5460  19485.5  0.08
5480  19525.3  0.08
5500  19562.9  0.08
5520  19885.5  0.08
5540  19926.8  0.08
5560  19966.7  0.08
5580  20006.5  0.08
5600  20046.3  0.08
5620  20087.6  0.08
5640  20127.5  0.08
5660  20167.3  0.08
5680  20207.1  0.08
5700  20246.9  0.08
5720  20288.3  0.08
5740  20328.1  0.08
5760  20367.9  0.08
5780  32722  0.12
5800  33102.5  0.12
5820  33174.4  0.12
5840  27414.3  0.1
5860  27477.9  0.1
5880  27529.5  0.1
5900  27593.1  0.1
5920  27658.3  0.1
5940  27709.9  0.1
5960  27773.5  0.1
5980  27837.1  0.1
6000  27888.7  0.1
6020  27953.8  0.1
6040  28017.5  0.1
6060  28069.1  0.1
6080  28415.4  0.1
6100  17616.3  0.06
6120  17637.5  0.06
6140  17657.2  0.06
6160  17676.9  0.06
6180  17696.6  0.06
6200  17716.3  0.06
6220  17737.5  0.06
6240  17757.2  0.06
6260  17776.9  0.06
6280  17796.6  0.06
6300  17816.3  0.06
6320  17837.5  0.06
6340  17857.2  0.06
6360  17876.9  0.06
6380  18179.3  0.06
6400  18199  0.06
6420  18220.3  0.06
6440  35499.2  0.12
6460  35543.6  0.12
6480  35579.7  0.12
6500  35675.8  0.12
6520  42229.2  0.14
6540  42458.6  0.14
6560  42569.9  0.14
6580  42615.8  0.14
6600  42700.3  0.14
6620  42747.7  0.14
6640  42859  0.14
6660  43239.3  0.14
6680  43404  0.14
6700  43501.6  0.14
6720  21654.3  0.08
6740  21693.9  0.08
6760  21733.5  0.08
6780  21773.1  0.08
6800  21812.7  0.08
6820  21853.7  0.08
6840  21893.3  0.08
6860  21932.9  0.08
6880  21972.5  0.08
6900  22012.1  0.08
6920  22053.2  0.08
6940  22377.2  0.08
6960  18508.4  0.06
6980  18528.1  0.06
7000  18547.8  0.06
7020  18569  0.06
7040  18588.7  0.06
7060  18608.4  0.06
7080  18628.1  0.06
7100  18647.8  0.06
7120  19793.3  0.06
7140  19813  0.06
7160  19832.7  0.06
7180  19852.4  0.06
7200  19872.1  0.06
7220  20176.1  0.06
7240  20195.8  0.06
7260  46772.4  0.14
7280  46970.3  0.14
7300  46990  0.14
7320  47062.9  0.14
7340  47262.5  0.14
7360  25263.4  0.08
7380  25303.2  0.08
7400  25343  0.08
7420  25384.3  0.08
7440  25424  0.08
7460  40424.7  0.12
7480  40496.1  0.12
7500  33340.6  0.1
7520  33361.9  0.1
7540  33433.3  0.1
7560  33452.9  0.1
7580  33524.3  0.1
7600  33675.9  0.1
7620  33697.2  0.1
7640  33768.5  0.1
7660  33788.2  0.1
7680  33859.6  0.1
7700  33879.3  0.1
7720  34032.4  0.1
7740  34103.8  0.1
7760  34123.5  0.1
7780  34426  0.1
7800  34497.4  0.1
7820  34518.6  0.1
7840  34590  0.1
7860  34741.6  0.1
7880  34761.3  0.1
7900  34832.7  0.1
7920  34853.9  0.1
7940  34925.3  0.1
7960  34945  0.1
7980  34964.7  0.1
8000  35168  0.1
8020  35189.2  0.1
8040  35260.6  0.1
8060  35563  0.1
8080  35582.7  0.1
8100  35654.1  0.1
8120  35807.2  0.1
8140  35826.9  0.1
8160  35898.3  0.1
8180  35918  0.1
8200  35989.4  0.1
8220  36010.6  0.1
8240  36030.3  0.1
8260  36233.6  0.1
8280  36253.3  0.1
8300  36324.7  0.1
8320  36345.9  0.1
8340  36365.6  0.1
8360  36719.8  0.1
8380  36871.4  0.1
8400  36891.1  0.1
8420  36964  0.1
8440  36983.7  0.1
8460  37055.1  0.1
8480  37074.8  0.1
8500  37094.5  0.1
8520  37299.3  0.1
8540  37319  0.1
8560  37390.4  0.1
8580  37410.1  0.1
8600  37429.8  0.1
8620  37502.7  0.1
8640  37937  0.1
8660  38008.4  0.1
8680  38028.1  0.1
8700  38047.8  0.1
8720  38120.7  0.1
8740  38140.4  0.1
8760  38160.1  0.1
8780  38363.4  0.1
8800  38383.1  0.1
8820  38456  0.1
8840  38475.7  0.1
8860  38495.4  0.1
8880  38566.8  0.1
8900  38586.5  0.1
8920  39074.1  0.1
8940  39093.8  0.1
8960  39113.5  0.1
8980  39184.9  0.1
9000  39204.6  0.1
9020  30256.4  0.08
9040  30327.7  0.08
9060  30347.4  0.08
9080  30418.8  0.08
9100  30438.5  0.08
9120  30459.7  0.08
9140  30531.1  0.08
9160  30550.8  0.08
9180  30622.2  0.08
9200  30924.7  0.08
9220  30945.9  0.08
9240  31017.3  0.08
9260  31037  0.08
9280  31108.4  0.08
9300  31129.6  0.08
9320  31149.3  0.08
9340  31220.7  0.08
9360  31240.4  0.08
9380  31260.1  0.08
9400  21924  0.06
9420  21943.7  0.06
9440  21963.4  0.06
9460  21983.1  0.06
9480  22285.6  0.06
9500  22306.8  0.06
9520  22326.5  0.06
9540  22346.2  0.06
9560  22365.9  0.06
9580  22385.6  0.06
9600  22406.8  0.06
9620  22426.5  0.06
9640  22446.2  0.06
9660  22465.9  0.06
9680  22485.6  0.06
9700  22506.8  0.06
9720  22526.5  0.06
9740  22546.2  0.06
9760  23927.8  0.06
9780  23947.5  0.06
9800  23968.7  0.06
9820  23988.4  0.06
9840  24008.1  0.06
9860  24027.8  0.06
9880  23951.6  0.06
9900  23972.8  0.06
9920  60795.8  0.14
9940  60963.1  0.14
9960  61241.6  0.14
9980  61296.7  0.14
10000  61379.4  0.14
10020  61432.8  0.14
10040  61769  0.14
10060  61932.9  0.14
10080  61986.3  0.14
10100  44428.1  0.1
10120  44465.1  0.1
10140  44502.1  0.1
10160  44547.8  0.1
10180  44584.8  0.1
10200  44623.4  0.1
10220  44669.1  0.1
10240  44706.1  0.1
10260  44743.1  0.1
10280  44780.1  0.1
10300  45231  0.1
10320  45268  0.1
10340  45587.8  0.1
10360  45633.5  0.1
10380  45670.5  0.1
10400  45709.1  0.1
10420  45754.8  0.1
10440  45791.8  0.1
10460  45828.8  0.1
10480  35379.4  0.08
10500  35418  0.08
10520  35455  0.08
10540  35492  0.08
10560  35537.7  0.08
10580  35574.7  0.08
10600  35613.3  0.08
10620  35941.7  0.08
10640  35978.7  0.08
10660  36015.8  0.08
10680  36061.5  0.08
10700  36100  0.08
10720  36137  0.08
10740  36182.7  0.08
10760  36219.7  0.08
10780  36256.8  0.08
10800  36295.3  0.08
10820  36341  0.08
10840  36378  0.08
10860  36415  0.08
10880  36460.7  0.08
10900  36785.6  0.08
10920  36825.1  0.08
10940  80741.3  0.16
10960  80879.2  0.16
10980  80938.6  0.16
11000  80976.9  0.16
11020  81036.3  0.16
11040  70105.1  0.14
11060  70293.7  0.14
11080  70576.6  0.14
11100  70637.5  0.14
11120  70696.9  0.14
11140  70756.3  0.14
11160  59646  0.12
11180  60094.8  0.12
11200  60133.1  0.12
11220  60169.8  0.12
11240  60206.6  0.12
11260  60243.4  0.12
11280  60392.4  0.12
11300  60671.2  0.12
11320  60708  0.12
11340  60744.8  0.12
11360  60781.6  0.12
11380  60818.3  0.12
11400  60985.9  0.12
11420  61022.7  0.12
11440  61059.4  0.12
11460  61379  0.12
11480  61415.8  0.12
11500  61566.3  0.12
11520  61843.6  0.12
11540  61880.4  0.12
11560  61917.2  0.12
11580  61953.9  0.12
11600  61992.2  0.12
11620  62141.2  0.12
11640  62195  0.12
11660  62231.8  0.12
11680  62268.6  0.12
11700  62306.9  0.12
11720  62343.7  0.12
11740  62998.9  0.12
11760  63052.8  0.12
11780  63089.5  0.12
11800  63127.8  0.12
11820  63164.6  0.12
11840  63313.6  0.12
11860  63350.3  0.12
11880  63404.2  0.12
11900  63442.5  0.12
11920  63479.3  0.12
11940  63516  0.12
11960  63888.5  0.12
11980  63925.3  0.12
12000  63980.6  0.12
12020  64300.2  0.12
12040  64337  0.12
12060  64373.7  0.12
12080  64522.7  0.12
12100  64578.1  0.12
12120  64614.8  0.12
12140  64651.6  0.12
12160  64688.4  0.12
12180  64837.4  0.12
12200  65099.2  0.12
12220  65153  0.12
12240  52960.5  0.1
12260  52997.3  0.1
12280  53034.1  0.1
12300  28413.3  0.06
12320  28715.7  0.06
12340  28735.4  0.06
12360  28755.1  0.06
12380  28774.8  0.06
12400  28796  0.06
12420  28815.7  0.06
12440  28835.4  0.06
12460  28855.1  0.06
12480  28874.8  0.06
12500  28896  0.06
12520  28915.7  0.06
12540  28935.4  0.06
12560  28955.1  0.06
12580  28974.8  0.06
12600  29278.8  0.06
12620  29298.5  0.06
12640  29318.2  0.06
12660  29337.9  0.06
12680  29357.6  0.06
12700  29378.8  0.06
12720  29398.5  0.06
12740  29418.2  0.06
12760  29437.9  0.06
12780  29457.6  0.06
12800  29478.8  0.06
12820  29498.5  0.06
12840  29518.2  0.06
12860  29537.9  0.06
12880  29115.2  0.06
12900  29136.4  0.06
12920  29156.1  0.06
12940  40337.7  0.08
12960  40357.4  0.08
12980  40378.6  0.08
13000  40398.3  0.08
13020  40418  0.08
13040  40437.7  0.08
13060  40457.3  0.08
13080  27515.1  0.06
13100  27534.7  0.06
13120  27554.4  0.06
13140  27574.1  0.06
13160  27876.6  0.06
13180  27897.8  0.06
13200  27917.5  0.06
13220  27937.2  0.06
13240  27956.9  0.06
13260  27976.6  0.06
13280  27997.8  0.06
13300  28017.5  0.06
13320  30633.7  0.06
13340  30653.4  0.06
13360  30673.1  0.06
13380  30694.3  0.06
13400  30714  0.06
13420  30733.7  0.06
13440  31036.2  0.06
13460  31055.9  0.06
13480  31077.1  0.06
13500  31096.8  0.06
13520  31116.5  0.06
13540  31136.2  0.06
13560  31155.9  0.06
13580  29819.2  0.06
13600  29838.9  0.06
13620  29858.6  0.06
13640  27412.3  0.06
13660  27432  0.06
13680  27453.2  0.06
13700  27472.9  0.06
13720  27775.3  0.06
13740  27795  0.06
13760  27814.7  0.06
13780  27835.9  0.06
13800  27855.6  0.06
13820  27875.3  0.06
13840  27895  0.06
13860  27914.7  0.06
13880  27935.9  0.06
13900  27955.6  0.06
13920  27975.3  0.06
13940  27995  0.06
13960  28014.7  0.06
13980  28035.9  0.06
14000  28338.4  0.06
14020  28358.1  0.06
14040  28377.8  0.06
14060  28397.5  0.06
14080  28418.7  0.06
14100  28438.4  0.06
14120  28458.1  0.06
14140  28477.8  0.06
14160  28497.5  0.06
14180  28518.7  0.06
14200  28538.4  0.06
14220  28558.1  0.06
14240  28577.8  0.06
14260  28597.5  0.06
14280  28618.7  0.06
14300  28921.1  0.06
14320  28940.8  0.06
14340  28960.5  0.06
14360  28980.2  0.06
14380  28802.2  0.04
14400  28821.9  0.04
14420  28841.6  0.04
14440  28861.3  0.04
14460  28881  0.04
14480  28902.2  0.04
14500  28921.9  0.04
14520  28941.6  0.04
14540  28961.3  0.04
14560  28981  0.04
14580  29285  0.04
14600  29304.7  0.04
14620  29324.4  0.04
14640  29328.9  0.04
14660  29328.9  0.04
14680  29328.9  0.04
14700  29328.9  0.04
14720  29328.9  0.04
14740  29328.9  0.04
14760  29328.9  0.04
14780  29328.9  0.04
14800  29328.9  0.04
14820  29328.9  0.04
14840  29328.9  0.04
14860  29611.7  0.04
14880  29611.7  0.04
14900  29611.7  0.04
14920  29611.7  0.04
14940  29611.7  0.04
14960  29611.7  0.04
14980  29611.7  0.04
