100  4555.28  0.94
120  5153.55  0.94
140  6353.96  0.94
160  7336.56  0.94
180  8035.39  0.92
200  9434.68  0.9
220  9876.5  0.88
240  11201.1  0.88
260  11856.2  0.88
280  11443.5  0.8
300  12032.5  0.8
320  12633.6  0.78
340  13034.1  0.76
360  13484.8  0.76
380  14222.2  0.76
400  14794.8  0.76
420  15968.4  0.76
440  15820.3  0.72
460  15892.8  0.7
480  15740.3  0.66
500  14832  0.6
520  14851.6  0.58
540  14793.9  0.56
560  14597.6  0.52
580  14966.8  0.52
600  15924.8  0.52
620  16382.6  0.52
640  16759.8  0.52
660  16301.3  0.5
680  17000.4  0.5
700  16977.8  0.48
720  17326  0.48
740  16912  0.46
760  15861.5  0.42
780  16238.2  0.42
800  16573.9  0.42
820  16906  0.42
840  16425.7  0.4
860  16695.1  0.4
880  17100.9  0.4
900  17434.1  0.4
920  17824.9  0.4
940  20384.1  0.44
960  21057.6  0.44
980  20374.6  0.42
1000  20638.6  0.42
1020  20072.5  0.4
1040  20496.6  0.4
1060  19711  0.38
1080  20410.8  0.38
1100  21019.6  0.38
1120  20183.4  0.36
1140  20556.6  0.36
1160  22169.8  0.38
1180  22521.7  0.38
1200  22693.9  0.38
1220  22932  0.38
1240  22179.9  0.36
1260  22391.3  0.36
1280  20182.2  0.32
1300  20462.5  0.32
1320  21119.4  0.32
1340  19988.3  0.3
1360  20205.8  0.3
1380  21793  0.32
1400  23586.1  0.34
1420  24174.4  0.34
1440  22943.9  0.32
1460  26099.2  0.36
1480  26295.6  0.36
1500  25026.9  0.34
1520  24022  0.32
1540  22704.4  0.3
1560  22841.5  0.3
1580  23203.6  0.3
1600  21831.7  0.28
1620  20833.2  0.26
1640  21119.1  0.26
1660  21314.2  0.26
1680  21886.7  0.26
1700  20419.6  0.24
1720  20908  0.24
1740  21082.7  0.24
1760  21357.9  0.24
1780  21598.6  0.24
1800  21776.3  0.24
1820  21920.8  0.24
1840  22043.5  0.24
1860  22199.2  0.24
1880  22529.3  0.24
1900  22681.2  0.24
1920  22800.3  0.24
1940  22925.7  0.24
1960  23164.9  0.24
1980  23315.9  0.24
2000  23531  0.24
2020  21661.8  0.22
2040  23168.9  0.24
2060  23757.3  0.24
2080  23895.5  0.24
2100  24081.6  0.24
2120  24311.2  0.24
2140  22279.8  0.22
2160  22461.2  0.22
2180  22574.3  0.22
2200  22729.5  0.22
2220  22866.2  0.22
2240  23183.2  0.22
2260  23374.3  0.22
2280  23479.7  0.22
2300  32674.6  0.3
2320  33283.1  0.3
2340  33441.6  0.3
2360  34034.6  0.3
2380  34341.4  0.3
2400  34541.4  0.3
2420  34824.2  0.3
2440  30135  0.26
2460  30294.6  0.26
2480  30534.5  0.26
2500  30640.9  0.26
2520  30865.4  0.26
2540  31167.7  0.26
2560  31301.3  0.26
2580  29077.7  0.24
2600  29444.1  0.24
2620  29578.2  0.24
2640  32802.8  0.26
2660  33246.2  0.26
2680  33448.9  0.26
2700  33696.2  0.26
2720  31201.5  0.24
2740  31410.9  0.24
2760  31565.9  0.24
2780  31837.4  0.24
2800  31958.4  0.24
2820  32123.1  0.24
2840  32448.4  0.24
2860  32545.4  0.24
2880  32841.6  0.24
2900  30704.8  0.22
2920  27886.9  0.2
2940  24994.5  0.18
2960  25323.8  0.18
2980  25724  0.18
3000  31293  0.22
3020  31475.2  0.22
3040  31587.6  0.22
3060  31816  0.22
3080  32091.1  0.22
3100  32198.9  0.22
3120  32385.7  0.22
3140  32587.1  0.22
3160  32697.9  0.22
3180  32883.6  0.22
3200  33142.8  0.22
3220  33271.2  0.22
3240  33499.6  0.22
3260  30412.1  0.2
3280  30836.6  0.2
3300  30913.1  0.2
3320  31280.7  0.2
3340  31384.8  0.2
3360  31517.9  0.2
3380  31626.2  0.2
3400  27483.3  0.18
3420  22878.7  0.14
3440  23037.1  0.14
3460  22450.9  0.14
3480  19083.5  0.12
3500  19124.9  0.12
3520  19285.6  0.12
3540  19351.2  0.12
3560  19540.9  0.12
3580  19578.8  0.12
3600  19738.8  0.12
3620  19804.4  0.12
3640  19874.1  0.12
3660  19912  0.12
3680  22869.2  0.14
3700  23077.5  0.14
3720  19399.2  0.12
3740  19468.3  0.12
3760  23680.7  0.14
3780  23860.6  0.14
3800  24038.9  0.14
3820  24127.8  0.14
3840  24216.8  0.14
3860  23352.3  0.14
3880  23535.6  0.14
3900  23617.2  0.14
3920  23822.4  0.14
3940  23875.8  0.14
3960  20505.4  0.12
3980  21101  0.12
4000  21166.5  0.12
4020  21208.6  0.12
4040  21394.7  0.12
4060  21554.8  0.12
4080  21592.7  0.12
4100  21661.8  0.12
4120  21727.4  0.12
4140  21887.4  0.12
4160  21929.5  0.12
4180  22115.6  0.12
4200  22184.8  0.12
4220  22222.6  0.12
4240  22382.7  0.12
4260  22448.3  0.12
4280  21344.1  0.1
4300  21506.2  0.1
4320  21662.6  0.1
4340  21731.8  0.1
4360  21797.3  0.1
4380  21832.2  0.1
4400  21877.8  0.1
4420  22138.6  0.1
4440  22160.1  0.1
4460  22205.8  0.1
4480  22255  0.1
4500  22300.6  0.1
4520  22413.1  0.1
4540  22579.4  0.1
4560  22628.6  0.1
4580  22650.2  0.1
4600  22786.7  0.1
4620  22836  0.1
4640  22881.6  0.1
4660  23023.8  0.1
4680  23069.4  0.1
4700  23209.6  0.1
4720  23255.2  0.1
4740  18573.8  0.08
4760  18623  0.08
4780  18759.6  0.08
4800  18781.1  0.08
4820  18826.8  0.08
4840  18876  0.08
4860  18921.7  0.08
4880  19034.1  0.08
4900  19083.4  0.08
4920  19129  0.08
4940  19150.6  0.08
4960  19287.2  0.08
4980  19336.4  0.08
5000  19382  0.08
5020  19403.6  0.08
5040  19452.8  0.08
5060  19589.4  0.08
5080  19638.6  0.08
5100  19656.6  0.08
5120  19705.8  0.08
5140  19842.4  0.08
5160  19864  0.08
5180  19909.6  0.08
5200  19958.9  0.08
5220  20008.1  0.08
5240  20117  0.08
5260  20166.2  0.08
5280  20211.9  0.08
5300  20261.1  0.08
5320  20370  0.08
5340  20419.2  0.08
5360  20468.5  0.08
5380  20486.4  0.08
5400  20535.7  0.08
5420  20672.3  0.08
5440  20721.5  0.08
5460  20739.5  0.08
5480  20788.7  0.08
5500  20837.9  0.08
5520  20946.8  0.08
5540  20996.1  0.08
5560  21041.7  0.08
5580  21090.9  0.08
5600  21199.8  0.08
5620  21249.1  0.08
5640  21294.7  0.08
5660  21344  0.08
5680  21365.5  0.08
5700  21502.1  0.08
5720  21551.3  0.08
5740  21569.3  0.08
5760  21618.5  0.08
5780  21755.1  0.08
5800  21804.3  0.08
5820  21825.9  0.08
5840  21871.5  0.08
5860  21920.8  0.08
5880  22029.7  0.08
5900  22078.9  0.08
5920  22124.6  0.08
5940  22173.8  0.08
5960  22286.3  0.08
5980  22331.9  0.08
6000  22381.2  0.08
6020  22426.8  0.08
6040  22448.4  0.08
6060  22584.9  0.08
6080  22634.2  0.08
6100  22652.1  0.08
6120  22701.4  0.08
6140  22841.5  0.08
6160  22887.2  0.08
6180  22908.7  0.08
6200  22954.4  0.08
6220  23003.6  0.08
6240  23112.5  0.08
6260  23161.8  0.08
6280  23211  0.08
6300  23256.6  0.08
6320  23369.1  0.08
6340  23414.8  0.08
6360  23464  0.08
6380  23509.6  0.08
6400  23531.2  0.08
6420  23671.4  0.08
6440  23717  0.08
6460  23738.6  0.08
6480  23784.2  0.08
6500  23833.5  0.08
6520  23970  0.08
6540  23991.6  0.08
6560  24037.2  0.08
6580  24086.5  0.08
6600  24199  0.08
6620  24244.6  0.08
6640  17656.2  0.06
6660  17701.8  0.06
6680  17723.4  0.06
6700  17769  0.06
6720  17818.3  0.06
6740  17867.5  0.06
6760  17885.5  0.06
6780  17934.7  0.06
6800  17980.3  0.06
6820  18001.9  0.06
6840  18047.5  0.06
6860  18096.8  0.06
6880  18146  0.06
6900  18164  0.06
6920  18213.2  0.06
6940  18258.9  0.06
6960  18280.4  0.06
6980  18326.1  0.06
7000  18375.3  0.06
7020  18421  0.06
7040  18442.5  0.06
7060  18491.8  0.06
7080  18537.4  0.06
7100  18586.6  0.06
7120  18604.6  0.06
7140  18653.8  0.06
7160  18699.5  0.06
7180  18721  0.06
7200  18770.3  0.06
7220  18815.9  0.06
7240  18865.2  0.06
7260  18883.1  0.06
7280  18932.4  0.06
7300  18978  0.06
7320  18999.6  0.06
7340  19048.8  0.06
7360  19094.5  0.06
7380  19143.7  0.06
7400  19161.7  0.06
7420  19210.9  0.06
7440  19256.5  0.06
7460  19305.8  0.06
7480  19327.3  0.06
7500  19373  0.06
7520  19422.2  0.06
7540  19440.2  0.06
7560  19489.4  0.06
7580  19535.1  0.06
7600  19584.3  0.06
7620  19602.3  0.06
7640  19651.5  0.06
7660  19700.7  0.06
7680  19746.4  0.06
7700  19767.9  0.06
7720  19813.6  0.06
7740  19862.8  0.06
7760  19880.8  0.06
7780  19930  0.06
7800  19979.3  0.06
7820  20024.9  0.06
7840  20046.5  0.06
7860  20092.1  0.06
7880  20141.4  0.06
7900  20159.3  0.06
7920  20208.6  0.06
7940  20257.8  0.06
7960  20303.4  0.06
7980  20325  0.06
8000  20370.6  0.06
8020  20419.9  0.06
8040  20465.5  0.06
8060  20487.1  0.06
8080  20532.7  0.06
8100  20582  0.06
8120  20603.5  0.06
8140  20649.2  0.06
8160  20698.4  0.06
8180  20744  0.06
8200  20765.6  0.06
8220  20811.3  0.06
8240  20860.5  0.06
8260  20882.1  0.06
8280  20927.7  0.06
8300  20976.9  0.06
8320  21022.6  0.06
8340  21044.1  0.06
8360  21089.8  0.06
8380  21139  0.06
8400  21188.3  0.06
8420  21206.2  0.06
8440  21255.5  0.06
8460  21301.1  0.06
8480  21322.7  0.06
8500  35680  0.1
8520  35770.1  0.1
8540  35858.4  0.1
8560  35920.8  0.1
8580  36010.8  0.1
8600  36088.4  0.1
8620  36150.8  0.1
8640  36237.2  0.1
8660  36329.2  0.1
8680  36415.6  0.1
8700  36477.9  0.1
8720  36569.9  0.1
8740  36645.6  0.1
8760  36735.6  0.1
8780  36796.3  0.1
8800  36886.3  0.1
8820  36972.8  0.1
8840  37037.1  0.1
8860  37127.1  0.1
8880  37213.5  0.1
8900  37294.7  0.1
8920  37353.5  0.1
8940  37443.5  0.1
8960  37531.9  0.1
8980  37594.2  0.1
9000  37680.7  0.1
9020  37772.6  0.1
9040  37851.9  0.1
9060  37910.7  0.1
9080  46100.2  0.12
9100  46234.1  0.12
9120  46324.1  0.12
9140  46384.8  0.12
9160  37429.3  0.1
9180  37519.3  0.1
9200  37569.3  0.1
9220  37659.3  0.1
9240  37745.7  0.1
9260  37837.7  0.1
9280  37896.4  0.1
9300  37986.5  0.1
9320  38078.4  0.1
9340  43027  0.1
9360  43117.1  0.1
9380  43205.4  0.1
9400  43295.4  0.1
9420  43354.2  0.1
9440  43446.1  0.1
9460  43532.6  0.1
9480  43622.6  0.1
9500  47460.7  0.1
9520  47641  0.1
9540  47730.9  0.1
9560  47788.9  0.1
9580  47878.2  0.1
9600  38399.5  0.08
9620  38491.9  0.08
9640  64029.6  0.14
9660  64110.3  0.14
9680  64203  0.14
9700  64258.7  0.14
9720  64348.7  0.14
9740  64590.8  0.14
9760  64677.8  0.14
9780  64740.1  0.14
9800  64823.5  0.14
9820  64916.1  0.14
9840  64996.9  0.14
9860  65061.9  0.14
9880  65298.3  0.14
9900  31393.9  0.08
9920  31432.3  0.08
9940  31500.1  0.08
9960  31569.8  0.08
9980  31635.9  0.08
10000  31677.8  0.08
10020  31743.9  0.08
10040  31811.7  0.08
10060  31850.1  0.08
10080  31919.8  0.08
10100  31989.4  0.08
10120  32053.7  0.08
10140  32095.7  0.08
10160  32161.7  0.08
10180  32231.4  0.08
10200  52179.1  0.12
10220  52220  0.12
10240  52288.6  0.12
10260  52355.5  0.12
10280  52532.4  0.12
10300  52597.4  0.12
10320  52667.9  0.12
10340  52732.9  0.12
10360  52773.8  0.12
10380  52844.3  0.12
10400  53301.5  0.12
10420  53506  0.12
10440  53545.3  0.12
10460  53613.9  0.12
10480  53678.9  0.12
10500  53721.7  0.12
10520  53786.7  0.12
10540  53991.3  0.12
10560  54061.8  0.12
10580  54099.1  0.12
10600  54167.7  0.12
10620  54234.6  0.12
10640  54275.5  0.12
10660  54340.5  0.12
10680  54547  0.12
10700  54615.6  0.12
10720  54652.9  0.12
10740  54723.4  0.12
10760  54788.4  0.12
10780  54857  0.12
10800  55288.4  0.12
10820  55493  0.12
10840  55561.5  0.12
10860  55600.8  0.12
10880  55669.4  0.12
10900  55734.4  0.12
10920  55804.9  0.12
10940  55842.2  0.12
10960  56046.8  0.12
10980  37332.3  0.08
11000  37352.1  0.08
11020  37435.3  0.08
11040  37482.8  0.08
11060  37565.9  0.08
11080  37621.4  0.08
11100  37668.9  0.08
11120  37752.1  0.08
11140  37799.6  0.08
11160  37855.1  0.08
11180  37902.5  0.08
11200  37985.7  0.08
11220  38005.5  0.08
11240  38088.7  0.08
11260  38171.9  0.08
11280  38219.3  0.08
11300  38274.8  0.08
11320  38322.3  0.08
11340  38405.5  0.08
11360  38425.3  0.08
11380  38508.5  0.08
11400  38556  0.08
11420  38639.1  0.08
11440  38694.6  0.08
11460  38742.1  0.08
11480  38825.3  0.08
11500  38872.8  0.08
11520  38928.3  0.08
11540  38982.3  0.08
11560  39065.5  0.08
11580  39121  0.08
11600  39168.5  0.08
11620  39251.7  0.08
11640  39299.2  0.08
11660  39354.6  0.08
11680  39402.1  0.08
11700  18246.4  0.04
11720  18246.4  0.04
11740  18274.1  0.04
11760  18301.8  0.04
11780  18329.5  0.04
11800  18329.5  0.04
11820  18357.1  0.04
11840  18384.8  0.04
11860  18412.5  0.04
11880  18412.5  0.04
11900  18440.2  0.04
11920  18467.8  0.04
11940  18467.8  0.04
11960  18495.5  0.04
11980  18523.2  0.04
12000  18550.9  0.04
12020  18550.9  0.04
12040  18578.5  0.04
12060  18606.2  0.04
12080  18606.2  0.04
12100  18633.9  0.04
12120  18661.6  0.04
12140  18689.2  0.04
12160  18689.2  0.04
12180  18716.9  0.04
12200  18744.6  0.04
12220  18772.3  0.04
12240  18772.3  0.04
12260  18799.9  0.04
12280  18827.6  0.04
12300  18827.6  0.04
12320  18855.3  0.04
12340  18883  0.04
12360  18910.6  0.04
12380  18910.6  0.04
12400  18938.3  0.04
12420  18966  0.04
12440  18966  0.04
12460  18993.7  0.04
12480  19021.3  0.04
12500  19049  0.04
12520  19049  0.04
12540  19076.7  0.04
12560  19104.4  0.04
12580  19132  0.04
12600  19132  0.04
12620  19159.7  0.04
12640  19187.4  0.04
12660  19187.4  0.04
12680  19215.1  0.04
12700  19242.7  0.04
12720  19270.4  0.04
12740  19270.4  0.04
12760  19298.1  0.04
12780  19325.8  0.04
12800  19353.4  0.04
12820  19353.4  0.04
12840  19381.1  0.04
12860  19408.8  0.04
12880  19408.8  0.04
12900  19436.5  0.04
12920  19464.2  0.04
12940  19491.8  0.04
12960  19491.8  0.04
12980  19519.5  0.04
13000  19547.2  0.04
13020  19547.2  0.04
13040  19574.9  0.04
13060  19602.5  0.04
13080  19630.2  0.04
13100  19630.2  0.04
13120  19657.9  0.04
13140  19685.6  0.04
13160  19713.2  0.04
13180  19713.2  0.04
13200  19740.9  0.04
13220  19768.6  0.04
13240  19768.6  0.04
13260  19796.3  0.04
13280  19823.9  0.04
13300  19851.6  0.04
13320  19851.6  0.04
13340  19879.3  0.04
13360  19907  0.04
13380  19907  0.04
13400  19934.6  0.04
13420  19962.3  0.04
13440  19990  0.04
13460  19990  0.04
13480  20017.7  0.04
13500  20045.3  0.04
13520  20073  0.04
13540  20073  0.04
13560  20100.7  0.04
13580  20128.4  0.04
13600  20128.4  0.04
13620  20156  0.04
13640  20183.7  0.04
13660  20211.4  0.04
13680  20211.4  0.04
13700  20239.1  0.04
13720  20266.7  0.04
13740  20266.7  0.04
13760  20294.4  0.04
13780  20322.1  0.04
13800  20349.8  0.04
13820  20349.8  0.04
13840  20377.4  0.04
13860  20405.1  0.04
13880  20432.8  0.04
13900  20432.8  0.04
13920  20460.5  0.04
13940  20488.1  0.04
13960  20488.1  0.04
13980  20515.8  0.04
14000  20543.5  0.04
14020  20571.2  0.04
14040  20571.2  0.04
14060  20598.8  0.04
14080  20626.5  0.04
14100  20626.5  0.04
14120  20654.2  0.04
14140  20681.9  0.04
14160  20709.6  0.04
14180  20709.6  0.04
14200  20737.2  0.04
14220  20764.9  0.04
14240  20792.6  0.04
14260  20792.6  0.04
14280  20820.3  0.04
14300  20847.9  0.04
14320  20847.9  0.04
14340  20875.6  0.04
14360  20903.3  0.04
14380  20931  0.04
14400  20931  0.04
14420  20958.6  0.04
14440  20986.3  0.04
14460  20986.3  0.04
14480  21014  0.04
14500  21041.7  0.04
14520  21069.3  0.04
14540  21069.3  0.04
14560  21097  0.04
14580  21124.7  0.04
14600  58459.9  0.08
14620  58498.7  0.08
14640  58565.1  0.08
14660  58631.6  0.08
14680  58673.6  0.08
14700  58743.4  0.08
14720  45338.1  0.08
14740  45404.6  0.08
14760  45446.6  0.08
14780  45513.1  0.08
14800  49554.1  0.08
14820  49573.3  0.08
14840  49623.3  0.08
14860  49670.2  0.08
14880  49717  0.08
14900  49736.2  0.08
14920  49786.3  0.08
14940  49833.1  0.08
14960  49880  0.08
14980  49899.1  0.08
