100  4465.9  0.98
120  5330.31  0.96
140  6875.31  0.9
160  7447.03  0.9
180  8137.35  0.88
200  8429.19  0.84
220  9152.11  0.82
240  9894.5  0.8
260  9495.11  0.72
280  9371.19  0.68
300  9402.71  0.64
320  10039.3  0.64
340  9841.46  0.6
360  10319  0.6
380  10759.1  0.58
400  11312.2  0.56
420  11465.6  0.54
440  10948.1  0.5
460  11106.8  0.48
480  10447  0.44
500  10845.1  0.44
520  11226.4  0.44
540  11580.6  0.44
560  11761.8  0.44
580  12156.4  0.44
600  12400.7  0.44
620  12896.1  0.44
640  13429.1  0.44
660  13321.9  0.42
680  13858.4  0.42
700  14201.5  0.42
720  14771.6  0.42
740  14963.1  0.42
760  15427.7  0.42
780  15704.4  0.42
800  16039.7  0.42
820  16230.1  0.4
840  16554  0.4
860  16884.4  0.4
880  17573.9  0.4
900  17982.8  0.4
920  19416.9  0.42
940  19012.9  0.4
960  18578.6  0.38
980  18753.9  0.38
1000  18928  0.38
1020  19243.6  0.38
1040  19656.9  0.38
1060  18940.6  0.36
1080  19124.6  0.36
1100  19392.7  0.36
1120  19683  0.36
1140  20193.5  0.36
1160  20432  0.36
1180  21018.4  0.36
1200  20106.4  0.34
1220  20699.7  0.34
1240  21492  0.36
1260  19319.1  0.32
1280  19641.1  0.32
1300  19885.6  0.32
1320  18823.9  0.3
1340  25931.1  0.4
1360  26285.2  0.4
1380  26617.9  0.4
1400  26566.5  0.4
1420  26861.9  0.4
1440  27318.5  0.4
1460  25767.2  0.36
1480  26218.7  0.36
1500  26480.6  0.36
1520  26828.1  0.36
1540  27082.6  0.36
1560  27315.2  0.36
1580  27821.7  0.36
1600  28230  0.36
1620  28410.9  0.36
1640  28666.5  0.36
1660  27385.6  0.34
1680  27774  0.34
1700  22965.6  0.28
1720  23346.3  0.28
1740  23598.9  0.28
1760  23756.3  0.28
1780  23915.4  0.28
1800  24149.4  0.28
1820  24620.2  0.28
1840  24935.8  0.28
1860  25241.6  0.28
1880  25497.9  0.28
1900  25725.7  0.28
1920  25859.2  0.28
1940  26033.8  0.28
1960  26347.7  0.28
1980  26663.4  0.28
2000  26966.9  0.28
2020  27139.3  0.28
2040  27343.8  0.28
2060  27595.4  0.28
2080  35475.3  0.36
2100  35775.9  0.36
2120  33888.7  0.34
2140  34481.2  0.34
2160  32478  0.32
2180  32954.9  0.32
2200  33134.8  0.32
2220  33395.4  0.32
2240  33660.4  0.32
2260  29415.6  0.28
2280  29731.3  0.28
2300  30058.5  0.28
2320  30315.4  0.28
2340  25856.9  0.24
2360  26009.2  0.24
2380  26264.9  0.24
2400  24090.9  0.22
2420  24219.9  0.22
2440  24398.1  0.22
2460  24796.5  0.22
2480  22660.3  0.2
2500  22797.8  0.2
2520  23030.5  0.2
2540  23146.3  0.2
2560  23283.7  0.2
2580  23563.4  0.2
2600  23448.8  0.2
2620  23746.7  0.2
2640  23892.8  0.2
2660  24022  0.2
2680  21539.7  0.18
2700  21676.6  0.18
2720  21840.5  0.18
2740  22041.9  0.18
2760  22179.4  0.18
2780  25174.3  0.2
2800  25296.2  0.2
2820  25577.4  0.2
2840  25707.9  0.2
2860  25740.4  0.18
2880  25926.2  0.18
2900  26048.1  0.18
2920  26243.1  0.18
2940  26364.5  0.18
2960  26537.2  0.18
2980  26839.1  0.18
3000  27022.8  0.18
3020  27195.6  0.18
3040  27282.1  0.18
3060  31397.8  0.22
3080  31607  0.22
3100  41169.1  0.28
3120  35247.4  0.24
3140  35375.5  0.24
3160  35758.4  0.24
3180  35999.7  0.24
3200  36142.1  0.24
3220  36279.2  0.24
3240  33264.2  0.22
3260  33631.8  0.22
3280  30397.8  0.2
3300  27234.5  0.18
3320  27427.8  0.18
3340  27550.4  0.18
3360  27871.2  0.18
3380  24620.5  0.16
3400  24712.2  0.16
3420  24833  0.16
3440  24965.9  0.16
3460  25157.6  0.16
3480  25280.2  0.16
3500  25409.6  0.16
3520  25580.9  0.16
3540  25694.6  0.16
3560  25825.9  0.16
3580  25950.1  0.16
3600  26141.8  0.16
3620  26273.1  0.16
3640  26395.4  0.16
3660  26565.1  0.16
3680  26678.8  0.16
3700  26810.1  0.16
3720  26932.5  0.16
3740  44376.1  0.24
3760  44508.6  0.24
3780  44708.3  0.24
3800  41121.2  0.22
3820  41320  0.22
3840  41439.3  0.22
3860  41634  0.22
3880  42114.9  0.22
3900  42254.2  0.22
3920  42405.3  0.22
3940  42634.7  0.22
3960  42798.9  0.22
3980  42957.3  0.22
4000  43113.2  0.22
4020  43359.2  0.22
4040  43478.5  0.22
4060  43673.2  0.22
4080  39737.3  0.2
4100  39964.2  0.2
4120  40083.5  0.2
4140  40471.7  0.2
4160  40696.1  0.2
4180  40815.5  0.2
4200  40966.5  0.2
4220  41099.3  0.2
4240  41323.5  0.2
4260  37168.7  0.18
4280  37328.4  0.18
4300  37550.5  0.18
4320  41948.2  0.2
4340  42105.9  0.2
4360  42388.7  0.2
4380  42616.1  0.2
4400  42715.9  0.2
4420  42872.3  0.2
4440  43099.9  0.2
4460  43216.9  0.2
4480  49261.6  0.24
4500  36811.4  0.18
4520  25549.2  0.12
4540  25637.1  0.12
4560  25720  0.12
4580  25873.9  0.12
4600  25961.9  0.12
4620  26044.8  0.12
4640  26100.2  0.12
4660  26254.1  0.12
4680  26342  0.12
4700  26424.9  0.12
4720  26575.2  0.12
4740  26666.8  0.12
4760  26722.2  0.12
4780  26805.1  0.12
4800  26964  0.12
4820  27046.9  0.12
4840  32402.5  0.14
4860  27645.3  0.12
4880  27792.1  0.12
4900  44265.3  0.2
4920  44496  0.2
4940  44674.5  0.2
4960  44765.8  0.2
4980  44868.7  0.2
5000  44968.7  0.2
5020  45140.9  0.2
5040  40311.6  0.18
5060  40540.9  0.18
5080  38180.7  0.16
5100  38338  0.16
5120  38428.9  0.16
5140  38506.1  0.16
5160  47287.4  0.2
5180  51851.4  0.22
5200  51973.8  0.22
5220  52426.8  0.22
5240  52547.7  0.22
5260  52751.6  0.22
5280  52775.9  0.2
5300  52969.7  0.2
5320  53249.8  0.2
5340  53452.7  0.2
5360  53631.6  0.2
5380  53761.2  0.2
5400  48767.8  0.2
5420  48945.7  0.2
5440  49116.5  0.2
5460  49215.8  0.2
5480  49740.8  0.2
5500  49918.8  0.2
5520  50098.2  0.2
5540  50188.9  0.2
5560  44729.5  0.18
5580  44967.3  0.18
5600  45043.5  0.18
5620  45279.9  0.18
5640  45364.8  0.18
5660  45593.9  0.18
5680  45670.1  0.18
5700  40050.2  0.16
5720  40324.6  0.16
5740  40749.6  0.16
5760  40827.7  0.16
5780  40912.6  0.16
5800  40745.6  0.16
5820  40901.9  0.16
5840  40988.7  0.16
5860  41135.8  0.16
5880  41213.9  0.16
5900  41378.9  0.16
5920  41457  0.16
5940  41604.2  0.16
5960  41682.3  0.16
5980  41849.1  0.16
6000  35992.8  0.14
6020  36337.8  0.14
6040  36422.7  0.14
6060  36500.8  0.14
6080  36648  0.14
6100  36734.7  0.14
6120  36810.9  0.14
6140  36960  0.14
6160  37046.8  0.14
6180  37123  0.14
6200  37201.1  0.14
6220  37348.3  0.14
6240  37435.1  0.14
6260  37516.3  0.14
6280  37861.3  0.14
6300  38017.1  0.14
6320  38095.2  0.14
6340  38173.4  0.14
6360  38329.2  0.14
6380  38407.3  0.14
6400  38483.5  0.14
6420  38561.6  0.14
6440  38717.5  0.14
6460  32389.5  0.12
6480  32465.7  0.12
6500  32623.4  0.12
6520  32699.6  0.12
6540  32777.8  0.12
6560  32864.5  0.12
6580  33011.7  0.12
6600  33089.8  0.12
6620  33174.7  0.12
6640  33323.8  0.12
6660  33400  0.12
6680  33478.1  0.12
6700  33473.6  0.1
6720  33622.7  0.1
6740  33700.8  0.1
6760  33785.6  0.1
6780  33934.7  0.1
6800  34010.9  0.1
6820  34097.7  0.1
6840  34173.9  0.1
6860  34323  0.1
6880  34407.9  0.1
6900  34486  0.1
6920  34633.2  0.1
6940  34711.3  0.1
6960  34798  0.1
6980  34874.3  0.1
7000  35023.3  0.1
7020  35108.2  0.1
7040  35167.4  0.1
7060  35224.6  0.1
7080  35361.5  0.1
7100  35418.8  0.1
7120  35476  0.1
7140  35612.9  0.1
7160  35670.2  0.1
7180  35727.4  0.1
7200  35784.7  0.1
7220  35921.6  0.1
7240  35978.8  0.1
7260  31975.9  0.1
7280  32092.8  0.1
7300  32130.1  0.1
7320  32167.5  0.1
7340  32213.5  0.1
7360  32480  0.1
7380  32517.4  0.1
7400  32563.4  0.1
7420  32671.7  0.1
7440  32709  0.1
7460  32746.3  0.1
7480  32792.3  0.1
7500  32900.6  0.1
7520  33096.2  0.1
7540  33142.2  0.1
7560  33250.5  0.1
7580  33287.8  0.1
7600  33333.8  0.1
7620  33371.2  0.1
7640  33479.5  0.1
7660  33525.4  0.1
7680  33721.1  0.1
7700  33758.4  0.1
7720  33866.7  0.1
7740  33912.7  0.1
7760  33950  0.1
7780  26302.6  0.08
7800  26348.6  0.08
7820  26385.9  0.08
7840  26423.3  0.08
7860  62015.4  0.16
7880  62173.1  0.16
7900  62247  0.16
7920  62538  0.16
7940  62620.5  0.16
7960  62762.6  0.16
7980  62836.5  0.16
8000  62990  0.16
8020  63147.7  0.16
8040  63221.6  0.16
8060  63512.6  0.16
8080  63663.3  0.16
8100  63737.2  0.16
8120  63819.7  0.16
8140  63964.6  0.16
8160  64122.3  0.16
8180  64196.2  0.16
8200  64480.2  0.16
8220  64637.9  0.16
8240  64711.8  0.16
8260  64794.3  0.16
8280  64939.2  0.16
8300  65096.9  0.16
8320  65316.9  0.16
8340  65454.8  0.16
8360  65612.5  0.16
8380  65695  0.16
8400  57370.9  0.14
8420  57500.2  0.14
8440  57626.7  0.14
8460  57831.2  0.14
8480  57882.5  0.14
8500  58080  0.14
8520  58147  0.14
8540  58205.3  0.14
8560  58402.8  0.14
8580  58469.8  0.14
8600  58658.6  0.14
8620  58716.9  0.14
8640  58923  0.14
8660  58981.4  0.14
8680  59039.7  0.14
8700  59237.2  0.14
8720  59304.2  0.14
8740  59493  0.14
8760  59551.3  0.14
8780  59757.4  0.14
8800  59815.7  0.14
8820  59874.1  0.14
8840  60080.2  0.14
8860  60138.5  0.14
8880  60327.3  0.14
8900  60462.5  0.14
8920  60591.8  0.14
8940  60650.1  0.14
8960  60708.4  0.14
8980  60914.6  0.14
9000  60965.9  0.14
9020  61161.7  0.14
9040  61301.9  0.14
9060  61431.2  0.14
9080  61489.5  0.14
9100  61556.5  0.14
9120  61683  0.14
9140  61805.2  0.14
9160  62009.7  0.14
9180  62136.2  0.14
9200  62265.5  0.14
9220  62323.8  0.14
9240  62459  0.14
9260  62517.3  0.14
9280  62639.6  0.14
9300  62844.1  0.14
9320  62970.6  0.14
9340  63099.9  0.14
9360  63166.9  0.14
9380  63293.4  0.14
9400  63344.7  0.14
9420  63620.2  0.14
9440  63678.5  0.14
9460  63805  0.14
9480  63934.3  0.14
9500  64001.3  0.14
9520  64127.8  0.14
9540  64179.1  0.14
9560  64454.5  0.14
9580  64581  0.14
9600  64639.4  0.14
9620  64777.3  0.14
9640  64835.6  0.14
9660  64962.1  0.14
9680  65022.1  0.14
9700  65288.9  0.14
9720  65415.4  0.14
9740  65473.7  0.14
9760  65611.7  0.14
9780  65670  0.14
9800  65789.5  0.14
9820  65856.5  0.14
9840  66123.3  0.14
9860  62121.4  0.14
9880  62168.4  0.14
9900  62365.1  0.14
9920  62474.5  0.14
9940  62574  0.14
9960  62621.1  0.14
9980  62868  0.14
10000  62974.5  0.14
10020  63021.6  0.14
10040  63060  0.14
10060  63395.8  0.14
10080  63435.9  0.14
10100  63474.3  0.14
10120  63721.1  0.14
10140  63836.4  0.14
10160  63874.8  0.14
10180  63913.2  0.14
10200  64083.7  0.14
10220  64289  0.14
10240  64327.4  0.14
10260  64574.3  0.14
10280  64689.5  0.14
10300  64727.9  0.14
10320  64766.3  0.14
10340  64945.5  0.14
10360  64983.9  0.14
10380  65180.6  0.14
10400  65504.3  0.14
10420  65542.7  0.14
10440  65581.1  0.14
10460  65619.5  0.14
10480  65798.7  0.14
10500  65837.1  0.14
10520  66012.9  0.14
10540  66357.4  0.14
10560  66395.8  0.14
10580  66434.2  0.14
10600  66474.3  0.14
10620  66651.8  0.14
10640  66690.2  0.14
10660  66874.8  0.14
10680  66981.3  0.14
10700  67249  0.14
10720  67287.4  0.14
10740  67395.6  0.14
10760  67505  0.14
10780  67543.4  0.14
10800  67727.9  0.14
10820  67834.5  0.14
10840  67943.9  0.14
10860  68142.2  0.14
10880  68248.8  0.14
10900  68358.1  0.14
10920  68405.2  0.14
10940  68581.1  0.14
10960  68687.7  0.14
10980  68797  0.14
11000  68837.1  0.14
11020  69101.9  0.14
11040  69211.3  0.14
11060  69258.4  0.14
11080  69502.4  0.14
11100  69540.8  0.14
11120  69658.9  0.14
11140  69690.2  0.14
11160  69955.1  0.14
11180  70073.1  0.14
11200  70111.5  0.14
11220  70355.6  0.14
11240  70394  0.14
11260  70505  0.14
11280  70543.4  0.14
11300  70650  0.14
11320  70855.3  0.14
11340  59568.6  0.12
11360  59812.7  0.12
11380  59859.7  0.12
11400  59962.1  0.12
11420  60000.5  0.12
11440  48661.4  0.1
11460  48699.8  0.1
11480  48809.2  0.1
11500  48985.1  0.1
11520  49032.1  0.1
11540  49134.5  0.1
11560  49172.9  0.1
11580  49220  0.1
11600  49258.3  0.1
11620  49505.2  0.1
11640  49552.3  0.1
11660  49583.6  0.1
11680  49693  0.1
11700  49740.1  0.1
11720  49778.5  0.1
11740  49816.9  0.1
11760  50063.7  0.1
11780  50110.8  0.1
11800  50142.2  0.1
11820  50251.5  0.1
11840  50298.6  0.1
11860  50337  0.1
11880  50375.4  0.1
11900  50630.9  0.1
11920  50669.3  0.1
11940  50700.7  0.1
11960  50810  0.1
11980  50857.1  0.1
12000  50895.5  0.1
12020  50933.9  0.1
12040  51189.4  0.1
12060  51220.8  0.1
12080  51259.2  0.1
12100  51306.3  0.1
12120  51415.6  0.1
12140  51454  0.1
12160  51501.1  0.1
12180  51747.9  0.1
12200  51779.3  0.1
12220  51817.7  0.1
12240  51864.8  0.1
12260  51974.1  0.1
12280  52012.5  0.1
12300  52059.6  0.1
12320  52306.5  0.1
12340  52337.8  0.1
12360  52384.9  0.1
12380  52423.3  0.1
12400  52532.7  0.1
12420  52579.7  0.1
12440  52618.1  0.1
12460  52858  0.1
12480  52896.4  0.1
12500  52943.4  0.1
12520  52981.8  0.1
12540  53091.2  0.1
12560  53138.2  0.1
12580  53176.6  0.1
12600  53416.5  0.1
12620  53463.5  0.1
12640  53501.9  0.1
12660  53540.3  0.1
12680  53658.4  0.1
12700  53696.8  0.1
12720  53872.6  0.1
12740  53975  0.1
12760  54022.1  0.1
12780  54060.5  0.1
12800  54098.8  0.1
12820  54216.9  0.1
12840  54255.3  0.1
12860  54424.1  0.1
12880  54471.2  0.1
12900  69370.7  0.12
12920  69409.1  0.12
12940  69684.9  0.12
12960  69794.3  0.12
12980  69832.7  0.12
13000  70001.5  0.12
13020  70048.6  0.12
13040  70158  0.12
13060  70196.4  0.12
13080  70243.4  0.12
13100  70352.8  0.12
13120  70391.2  0.12
13140  70568.7  0.12
13160  70835.9  0.12
13180  70945.2  0.12
13200  70992.3  0.12
13220  71030.7  0.12
13240  71140  0.12
13260  71171.4  0.12
13280  71356  0.12
13300  58128.2  0.1
13320  58237.5  0.1
13340  58284.6  0.1
13360  58323  0.1
13380  58432.4  0.1
13400  58472.4  0.1
13420  58648.3  0.1
13440  58686.7  0.1
13460  58804.7  0.1
13480  58843.1  0.1
13500  58881.5  0.1
13520  58919.9  0.1
13540  59030.9  0.1
13560  59206.8  0.1
13580  59245.2  0.1
13600  59363.2  0.1
13620  59401.6  0.1
13640  59440  0.1
13660  59480.1  0.1
13680  59589.4  0.1
13700  59765.3  0.1
13720  59803.7  0.1
13740  59921.8  0.1
13760  59960.2  0.1
13780  59998.5  0.1
13800  60038.6  0.1
13820  60285.5  0.1
13840  60323.8  0.1
13860  60370.9  0.1
13880  60480.3  0.1
13900  60518.7  0.1
13920  60565.7  0.1
13940  60597.1  0.1
13960  60844  0.1
13980  60882.4  0.1
14000  60929.4  0.1
14020  61038.8  0.1
14040  61077.2  0.1
14060  61117.2  0.1
14080  61155.6  0.1
14100  61402.5  0.1
14120  61449.6  0.1
14140  61487.9  0.1
14160  61597.3  0.1
14180  61644.4  0.1
14200  61675.8  0.1
14220  61714.1  0.1
14240  92530.3  0.14
14260  92616.5  0.14
14280  92654.9  0.14
14300  92732.3  0.14
14320  92850.4  0.14
14340  93079.1  0.14
14360  93117.5  0.14
14380  93412.1  0.14
14400  93489.6  0.14
14420  93528  0.14
14440  93614.1  0.14
14460  93716.5  0.14
14480  93793.9  0.14
14500  93990.6  0.14
14520  94285.2  0.14
14540  94323.6  0.14
14560  94401.1  0.14
14580  94448.1  0.14
14600  94589.6  0.14
14620  94628  0.14
14640  94714.1  0.14
14660  95119.2  0.14
14680  95196.7  0.14
14700  95243.8  0.14
14720  95321.2  0.14
14740  95423.6  0.14
14760  95501  0.14
14780  95548.1  0.14
14800  95992.3  0.14
14820  96030.7  0.14
14840  96116.9  0.14
14860  96148.2  0.14
14880  96296.7  0.14
14900  96343.7  0.14
14920  96558.7  0.14
14940  96597.1  0.14
14960  96912.5  0.14
14980  96950.9  0.14
