100  3955.96  0.88
120  5023.12  0.84
140  6246.36  0.78
160  5915.47  0.68
180  6672.79  0.7
200  7165.26  0.7
220  7037.33  0.64
240  7214.69  0.62
260  7197.31  0.56
280  7392.13  0.54
300  8986.99  0.6
320  9323.95  0.6
340  9923.54  0.6
360  9864.75  0.56
380  9943.29  0.54
400  9394.49  0.46
420  10066.1  0.46
440  9974.1  0.44
460  9831.46  0.42
480  10127.9  0.42
500  10414.8  0.42
520  10815.1  0.42
540  10767  0.4
560  9402.29  0.34
580  9628.26  0.34
600  9362.74  0.32
620  11149  0.36
640  12678.8  0.4
660  13446.6  0.4
680  13788.8  0.4
700  11336.9  0.32
720  11543.7  0.32
740  9435.26  0.26
760  8998.79  0.24
780  9135.39  0.24
800  10091.8  0.26
820  19695.6  0.48
840  20840.8  0.5
860  19598.3  0.46
880  16836.8  0.4
900  17061.3  0.4
920  16453.3  0.36
940  14949.7  0.32
960  15132.5  0.32
980  19428  0.4
1000  18655.5  0.38
1020  16910.2  0.34
1040  17108.6  0.34
1060  14216.3  0.28
1080  14410.4  0.28
1100  14771.5  0.28
1120  14532.8  0.26
1140  11295.5  0.2
1160  9126.02  0.16
1180  9224.18  0.16
1200  15082.2  0.26
1220  14061.7  0.24
1240  11705.4  0.2
1260  11863.8  0.2
1280  17174.4  0.28
1300  17431.3  0.28
1320  11074.4  0.18
1340  9838.31  0.16
1360  8581.05  0.14
1380  8659.49  0.14
1400  8738.64  0.14
1420  9862.73  0.14
1440  8667.26  0.12
1460  8764.54  0.12
1480  8864.33  0.12
1500  8961.6  0.12
1520  9254.07  0.12
1540  7725.3  0.1
1560  18650.3  0.24
1580  18783.3  0.24
1600  17485.3  0.22
1620  17944.5  0.22
1640  11561.6  0.14
1660  11657.8  0.14
1680  11754.7  0.14
1700  11857.7  0.14
1720  11954  0.14
1740  10420.1  0.12
1760  10613  0.12
1780  10695.2  0.12
1800  9004.04  0.1
1820  9082.07  0.1
1840  9159.56  0.1
1860  11163.8  0.12
1880  11241.6  0.12
1900  13076.8  0.14
1920  13135.9  0.14
1940  11491.4  0.12
1960  9546.23  0.1
1980  9717.98  0.1
2000  7912.25  0.08
2020  7956.89  0.08
2040  7995.38  0.08
2060  8034.26  0.08
2080  8072.75  0.08
2100  8230.02  0.08
2120  8268.5  0.08
2140  8306.98  0.08
2160  8345.46  0.08
2180  8390.11  0.08
2200  8541.21  0.08
2220  8579.7  0.08
2240  8618.18  0.08
2260  8656.66  0.08
2280  8701.31  0.08
2300  8739.79  0.08
2320  8890.89  0.08
2340  8929.38  0.08
2360  8974.02  0.08
2380  6647.43  0.06
2400  6685.92  0.06
2420  6724.4  0.06
2440  6769.05  0.06
2460  18966  0.16
2480  19088.2  0.16
2500  19209.9  0.16
2520  19323.9  0.16
2540  19453.1  0.16
2560  23162.5  0.18
2580  23319.3  0.18
2600  23453.5  0.18
2620  17665.3  0.14
2640  17741.7  0.14
2660  17929.4  0.14
2680  15342  0.12
2700  15400.8  0.12
2720  15459.5  0.12
2740  15518  0.12
2760  15695.3  0.12
2780  15754.5  0.12
2800  15813  0.12
2820  15868.6  0.12
2840  16162.1  0.12
2860  16219.8  0.12
2880  16390.1  0.12
2900  16448.4  0.12
2920  11265.6  0.08
2940  11303.9  0.08
2960  11342.8  0.08
2980  11381.1  0.08
3000  29895.7  0.2
3020  29993.3  0.2
3040  30066.7  0.2
3060  27398.1  0.18
3080  27473.7  0.18
3100  24729.7  0.16
3120  24804.5  0.16
3140  14215.6  0.1
3160  14519.1  0.1
3180  14563.6  0.1
3200  14602.5  0.1
3220  14753.4  0.1
3240  14791.7  0.1
3260  14836.8  0.1
3280  15100.9  0.1
3300  15139.2  0.1
3320  15178.1  0.1
3340  15335.2  0.1
3360  15373.4  0.1
3380  15412.4  0.1
3400  15450.7  0.1
3420  15495.1  0.1
3440  15646.7  0.1
3460  15685  0.1
3480  15723.3  0.1
3500  15994.2  0.1
3520  16032.5  0.1
3540  16070.7  0.1
3560  16222.3  0.1
3580  16266.7  0.1
3600  16305  0.1
3620  16344  0.1
3640  43762.5  0.24
3660  43895.1  0.24
3680  40333.6  0.22
3700  40634.7  0.22
3720  40879.3  0.22
3740  41198.6  0.22
3760  41338.9  0.22
3780  41711.2  0.22
3800  41824  0.22
3820  42068.6  0.22
3840  42161.4  0.22
3860  42301.7  0.22
3880  42853.8  0.22
3900  42978.1  0.22
3920  43189.6  0.22
3940  43316.2  0.22
3960  39709.2  0.2
3980  39795.9  0.2
4000  35839  0.18
4020  31978.4  0.16
4040  32339.2  0.16
4060  32426.6  0.16
4080  28731.6  0.14
4100  28818.3  0.14
4120  28933.2  0.14
4140  29010  0.14
4160  29075  0.14
4180  28449.2  0.14
4200  28516.1  0.14
4220  28611.3  0.14
4240  28684.3  0.14
4260  28954.1  0.14
4280  29035.4  0.14
4300  29362.5  0.14
4320  29463.8  0.14
4340  29530.7  0.14
4360  29611.5  0.14
4380  29692.8  0.14
4400  29779.7  0.14
4420  29861  0.14
4440  29940.1  0.14
4460  30196  0.14
4480  30283.4  0.14
4500  30362.4  0.14
4520  30422.1  0.14
4540  38094.8  0.18
4560  38459  0.18
4580  38600.6  0.18
4600  38704.5  0.18
4620  38822.3  0.18
4640  39129.7  0.18
4660  39257.5  0.18
4680  39392.9  0.18
4700  39495.2  0.18
4720  39613  0.18
4740  39737.5  0.18
4760  39855.3  0.18
4780  39976.9  0.18
4800  40080.8  0.18
4820  40671.8  0.18
4840  40790.1  0.18
4860  40907.9  0.18
4880  41029.5  0.18
4900  57021  0.24
4920  57122.2  0.24
4940  57420.8  0.24
4960  57524.1  0.24
4980  52645.4  0.22
5000  52795.5  0.22
5020  58070.3  0.24
5040  58201.6  0.24
5060  58326.8  0.24
5080  58919.8  0.24
5100  59202  0.24
5120  54450.1  0.22
5140  54574.7  0.22
5160  54663.4  0.22
5180  32783.6  0.14
5200  33044.5  0.14
5220  33136.5  0.14
5240  33206.7  0.14
5260  33292.4  0.14
5280  33364.3  0.14
5300  33439.5  0.14
5320  33531.4  0.14
5340  33863.5  0.14
5360  33949.3  0.14
5380  34021.2  0.14
5400  34305.4  0.14
5420  34377.3  0.14
5440  29759.6  0.12
5460  29812.2  0.12
5480  29870.8  0.12
5500  29935.6  0.12
5520  29988.1  0.12
5540  30054.5  0.12
5560  30108.7  0.12
5580  45085.2  0.18
5600  45584.1  0.18
5620  45657.3  0.18
5640  45749.1  0.18
5660  45822.2  0.18
5680  45909.3  0.18
5700  45981  0.18
5720  35872.9  0.14
5740  35944.6  0.14
5760  36031.6  0.14
5780  36457.7  0.14
5800  36537  0.14
5820  30776.6  0.12
5840  30849.8  0.12
5860  30936.9  0.12
5880  31014.7  0.12
5900  31101.8  0.12
5920  27457.5  0.1
5940  27524  0.1
5960  31788.4  0.12
5980  31840.9  0.12
6000  31907.4  0.12
6020  31959.9  0.12
6040  32137.2  0.12
6060  32195.9  0.12
6080  32262.3  0.12
6100  32314.8  0.12
6120  32367.4  0.12
6140  32552.6  0.12
6160  32794.1  0.12
6180  32860.5  0.12
6200  32913  0.12
6220  32985.6  0.12
6240  33038.1  0.12
6260  33217.2  0.12
6280  33269.7  0.12
6300  33328.4  0.12
6320  33393.1  0.12
6340  33634.6  0.12
6360  33701  0.12
6380  33872.3  0.12
6400  33938.8  0.12
6420  33991.3  0.12
6440  34043.8  0.12
6460  34116.4  0.12
6480  34281.5  0.12
6500  34347.9  0.12
6520  34400.4  0.12
6540  34662  0.12
6560  34714.6  0.12
6580  34779.3  0.12
6600  34944.4  0.12
6620  35003.1  0.12
6640  35069.5  0.12
6660  35122  0.12
6680  35188.5  0.12
6700  35247.1  0.12
6720  35615.2  0.12
6740  35667.7  0.12
6760  35734.1  0.12
6780  35786.6  0.12
6800  35845.3  0.12
6820  36024.4  0.12
6840  36076.9  0.12
6860  36141.6  0.12
6880  36200.3  0.12
6900  36455.7  0.12
6920  36508.2  0.12
6940  36673.4  0.12
6960  36746  0.12
6980  36798.5  0.12
7000  36864.9  0.12
7020  36917.4  0.12
7040  37102.6  0.12
7060  37155.1  0.12
7080  37221.5  0.12
7100  37463.1  0.12
7120  37520.1  0.12
7140  37586.5  0.12
7160  37751.6  0.12
7180  37818  0.12
7200  37876.7  0.12
7220  37943.1  0.12
7240  37995.7  0.12
7260  30880  0.1
7280  31051.3  0.1
7300  31103.8  0.1
7320  31170.2  0.1
7340  31222.7  0.1
7360  31295.3  0.1
7380  31458.8  0.1
7400  31525.2  0.1
7420  31577.7  0.1
7440  31636.4  0.1
7460  24269.7  0.08
7480  24322.2  0.08
7500  24388.6  0.08
7520  24441.2  0.08
7540  24513.7  0.08
7560  24566.3  0.08
7580  24632.7  0.08
7600  24685.2  0.08
7620  24743.9  0.08
7640  24826.7  0.08
7660  24863.6  0.08
7680  24902.3  0.08
7700  24947.1  0.08
7720  25098.3  0.08
7740  25136.9  0.08
7760  25175.5  0.08
7780  17449.4  0.06
7800  17488  0.06
7820  17526.6  0.06
7840  17565.3  0.06
7860  17610.1  0.06
7880  17648.7  0.06
7900  17687.3  0.06
7920  17724.3  0.06
7940  17769  0.06
7960  17807.7  0.06
7980  17846.3  0.06
8000  17884.9  0.06
8020  17929.7  0.06
8040  17968.3  0.06
8060  18007  0.06
8080  18045.6  0.06
8100  18090.4  0.06
8120  18129  0.06
8140  18167.6  0.06
8160  18206.2  0.06
8180  18114.7  0.06
8200  18151.6  0.06
8220  18190.2  0.06
8240  18228.9  0.06
8260  18267.5  0.06
8280  18312.3  0.06
8300  18350.9  0.06
8320  18389.5  0.06
8340  18428.2  0.06
8360  18473  0.06
8380  18511.6  0.06
8400  18550.2  0.06
8420  18588.8  0.06
8440  18633.6  0.06
8460  18670.6  0.06
8480  18709.2  0.06
8500  18747.8  0.06
8520  18792.6  0.06
8540  18831.2  0.06
8560  18869.9  0.06
8580  18908.5  0.06
8600  24074.2  0.06
8620  24112.8  0.06
8640  24151.4  0.06
8660  24190  0.06
8680  24234.8  0.06
8700  24273.5  0.06
8720  24310.4  0.06
8740  37902.2  0.1
8760  29249.3  0.08
8780  29306.7  0.08
8800  29364.1  0.08
8820  29421.6  0.08
8840  29485.2  0.08
8860  29542.6  0.08
8880  29609.4  0.08
8900  29666.8  0.08
8920  29730.4  0.08
8940  29787.9  0.08
8960  29845.3  0.08
8980  56892.2  0.14
9000  56945.1  0.14
9020  57005.8  0.14
9040  57338.1  0.14
9060  57392.6  0.14
9080  57447.2  0.14
9100  57507.9  0.14
9120  57745.4  0.14
9140  57799.9  0.14
9160  57854.5  0.14
9180  58131  0.14
9200  58201.5  0.14
9220  58256.1  0.14
9240  58310.6  0.14
9260  58369.7  0.14
9280  58607.2  0.14
9300  58923.5  0.14
9320  58978  0.14
9340  59038.7  0.14
9360  59109.2  0.14
9380  49740.8  0.12
9400  50011.2  0.12
9420  50071.9  0.12
9440  50309.4  0.12
9460  50364  0.12
9480  50418.5  0.12
9500  50479.2  0.12
9520  50549.7  0.12
9540  50602.6  0.12
9560  50657.1  0.12
9580  50717.9  0.12
9600  50788.3  0.12
9620  51225.8  0.12
9640  51280.3  0.12
9660  51357  0.12
9680  51411.5  0.12
9700  51466.1  0.12
9720  51520.6  0.12
9740  51591.1  0.12
9760  51651.8  0.12
9780  51873.4  0.12
9800  29398.6  0.06
9820  29437.1  0.06
9840  29481.7  0.06
9860  29624.4  0.06
9880  29662.8  0.06
9900  29701.2  0.06
9920  29745.8  0.06
9940  29784.2  0.06
9960  29926.9  0.06
9980  29965.4  0.06
10000  30010  0.06
10020  30049.7  0.06
10040  30088.1  0.06
10060  30126.6  0.06
10080  30275.4  0.06
10100  30313.8  0.06
10120  30352.3  0.06
10140  30390.7  0.06
10160  20322.6  0.04
10180  20361  0.04
10200  20399.4  0.04
10220  20437.9  0.04
10240  20482.5  0.04
10260  20520.9  0.04
10280  20559.3  0.04
10300  20597.7  0.04
10320  20642.3  0.04
10340  20680.8  0.04
10360  20719.2  0.04
10380  20753.6  0.04
10400  20778.3  0.04
10420  20796.8  0.04
10440  20815.3  0.04
10460  20833.8  0.04
10480  20852.3  0.04
10500  20877  0.04
10520  20895.5  0.04
10540  20914  0.04
10560  20932.5  0.04
10580  20957.1  0.04
10600  20975.6  0.04
10620  20994.1  0.04
10640  21012.6  0.04
10660  21037.3  0.04
10680  21055.8  0.04
10700  21074.3  0.04
10720  21092.8  0.04
10740  21117.5  0.04
10760  21136  0.04
10780  21154.5  0.04
10800  21173  0.04
10820  21197.6  0.04
10840  21216.1  0.04
10860  21234.6  0.04
10880  21253.1  0.04
10900  21277.8  0.04
10920  21296.3  0.04
10940  21314.8  0.04
10960  21333.3  0.04
10980  21358  0.04
11000  21376.5  0.04
11020  21395  0.04
11040  21413.5  0.04
11060  21438.1  0.04
11080  21456.6  0.04
11100  21475.1  0.04
11120  21493.6  0.04
11140  21518.3  0.04
11160  21536.8  0.04
11180  21555.3  0.04
11200  21573.8  0.04
11220  21598.5  0.04
11240  21617  0.04
11260  21635.5  0.04
11280  21654  0.04
11300  21672.5  0.04
11320  21697.1  0.04
11340  21715.6  0.04
11360  21734.1  0.04
11380  21752.6  0.04
11400  21777.3  0.04
11420  21795.8  0.04
11440  21814.3  0.04
11460  21832.8  0.04
11480  21857.4  0.04
11500  21875.9  0.04
11520  21894.4  0.04
11540  21912.9  0.04
11560  21937.6  0.04
11580  21956.1  0.04
11600  21974.6  0.04
11620  21993.1  0.04
11640  22017.8  0.04
11660  22036.3  0.04
11680  22054.8  0.04
11700  22073.3  0.04
11720  22097.9  0.04
11740  22116.4  0.04
11760  22134.9  0.04
11780  22153.4  0.04
11800  22178.1  0.04
11820  22196.6  0.04
11840  22215.1  0.04
11860  22233.6  0.04
11880  22258.3  0.04
11900  22276.8  0.04
11920  22295.3  0.04
11940  22313.8  0.04
11960  22338.4  0.04
11980  22356.9  0.04
12000  22375.4  0.04
12020  22393.9  0.04
12040  22412.4  0.04
12060  22437.1  0.04
12080  22455.6  0.04
12100  22474.1  0.04
12120  22492.6  0.04
12140  22517.3  0.04
12160  22535.8  0.04
12180  22554.3  0.04
12200  22572.8  0.04
12220  22597.4  0.04
12240  22615.9  0.04
12260  22634.4  0.04
12280  22652.9  0.04
12300  22677.6  0.04
12320  22696.1  0.04
12340  22714.6  0.04
12360  22733.1  0.04
12380  22757.8  0.04
12400  22776.3  0.04
12420  22794.8  0.04
12440  22813.3  0.04
12460  22837.9  0.04
12480  22856.4  0.04
12500  22874.9  0.04
12520  22893.4  0.04
12540  22918.1  0.04
12560  22936.6  0.04
12580  22955.1  0.04
12600  22973.6  0.04
12620  22998.3  0.04
12640  23016.8  0.04
12660  23035.3  0.04
12680  23053.8  0.04
12700  23078.4  0.04
12720  23096.9  0.04
12740  23115.4  0.04
12760  23133.9  0.04
12780  23152.4  0.04
12800  23177.1  0.04
12820  23195.6  0.04
12840  23214.1  0.04
12860  23232.6  0.04
12880  23257.2  0.04
12900  23275.7  0.04
12920  23294.2  0.04
12940  23312.7  0.04
12960  23337.4  0.04
12980  23355.9  0.04
13000  23374.4  0.04
13020  23392.9  0.04
13040  16623.2  0.04
13060  16641.7  0.04
13080  16660.2  0.04
13100  16678.7  0.04
13120  16703.4  0.04
13140  16721.9  0.04
13160  16740.4  0.04
13180  16758.9  0.04
13200  16783.5  0.04
13220  16802  0.04
13240  16820.5  0.04
13260  16839  0.04
13280  16863.7  0.04
13300  16882.2  0.04
13320  16900.7  0.04
13340  16919.2  0.04
13360  16943.9  0.04
13380  16962.4  0.04
13400  16980.9  0.04
13420  16999.4  0.04
13440  17024  0.04
13460  17042.5  0.04
13480  17061  0.04
13500  17079.5  0.04
13520  17098  0.04
13540  17122.7  0.04
13560  17141.2  0.04
13580  17159.7  0.04
13600  17178.2  0.04
13620  17202.9  0.04
13640  17221.4  0.04
13660  17239.9  0.04
13680  17258.4  0.04
13700  17283  0.04
13720  17301.5  0.04
13740  17320  0.04
13760  17338.5  0.04
13780  17363.2  0.04
13800  17381.7  0.04
13820  17400.2  0.04
13840  17418.7  0.04
13860  17443.4  0.04
13880  17461.9  0.04
13900  17480.4  0.04
13920  17498.9  0.04
13940  17523.5  0.04
13960  17542  0.04
13980  17560.5  0.04
14000  17579  0.04
14020  17603.7  0.04
14040  17622.2  0.04
14060  17640.7  0.04
14080  17659.2  0.04
14100  17683.9  0.04
14120  17702.4  0.04
14140  17720.9  0.04
14160  17739.4  0.04
14180  17764  0.04
14200  17782.5  0.04
14220  17801  0.04
14240  17819.5  0.04
14260  17838  0.04
14280  17862.7  0.04
14300  17881.2  0.04
14320  17899.7  0.04
14340  17918.2  0.04
14360  17942.8  0.04
14380  17961.3  0.04
14400  17979.8  0.04
14420  17998.3  0.04
14440  18023  0.04
14460  18041.5  0.04
14480  18060  0.04
14500  18078.5  0.04
14520  18103.2  0.04
14540  18121.7  0.04
14560  18140.2  0.04
14580  18158.7  0.04
14600  18183.3  0.04
14620  18201.8  0.04
14640  18220.3  0.04
14660  18238.8  0.04
14680  18263.5  0.04
14700  18282  0.04
14720  18300.5  0.04
14740  18319  0.04
14760  18343.7  0.04
14780  18362.2  0.04
14800  18380.7  0.04
14820  18399.2  0.04
14840  18423.8  0.04
14860  18442.3  0.04
14880  18460.8  0.04
14900  18479.3  0.04
14920  18504  0.04
14940  18522.5  0.04
14960  18541  0.04
14980  18559.5  0.04
