100  3788.12  0.88
120  4687.35  0.88
140  5678.83  0.84
160  6624.5  0.84
180  8058.42  0.82
200  8539.46  0.8
220  9286.66  0.8
240  9193.43  0.76
260  8985.68  0.7
280  8969.12  0.64
300  9464.01  0.64
320  10429.6  0.66
340  11072  0.66
360  11724.5  0.66
380  11472.3  0.6
400  11886.6  0.6
420  11957.1  0.58
440  12372.2  0.56
460  11625.7  0.5
480  11588.3  0.48
500  11959.2  0.48
520  12051.4  0.46
540  12562.1  0.46
560  12340.1  0.44
580  12808.2  0.44
600  13100.6  0.44
620  13605.8  0.44
640  14083.2  0.44
660  14447.2  0.44
680  14795.6  0.44
700  14416.2  0.42
720  15152.6  0.42
740  15666.8  0.42
760  15954.4  0.42
780  16290.1  0.42
800  16689  0.42
820  17099  0.42
840  15804.1  0.38
860  16081.3  0.38
880  15459.8  0.36
900  17764.1  0.4
920  18199  0.4
940  18564.8  0.4
960  20752.3  0.44
980  20325.9  0.42
1000  20824.6  0.42
1020  19031.3  0.38
1040  22440.4  0.44
1060  21737.8  0.42
1080  22042.1  0.42
1100  21194.6  0.4
1120  21483.9  0.4
1140  21821.2  0.4
1160  22561.6  0.4
1180  21197.4  0.36
1200  27352.2  0.46
1220  27636.2  0.46
1240  27977.8  0.46
1260  28254.9  0.46
1280  28935.5  0.46
1300  28064.1  0.44
1320  28267.6  0.44
1340  28810.3  0.44
1360  29438.3  0.44
1380  29696.2  0.44
1400  21442.9  0.32
1420  21654.2  0.32
1440  21921.9  0.32
1460  21573.5  0.3
1480  21765.8  0.3
1500  22466.9  0.3
1520  22754.8  0.3
1540  23284.8  0.3
1560  23746.3  0.3
1580  23934.8  0.3
1600  25813.8  0.32
1620  34908.6  0.44
1640  33567.3  0.42
1660  33882.5  0.42
1680  21950  0.26
1700  22114.6  0.26
1720  22278.2  0.26
1740  20780.4  0.24
1760  20915.8  0.24
1780  21048.6  0.24
1800  21196.6  0.24
1820  21409  0.24
1840  37346.9  0.42
1860  38033.5  0.42
1880  38686.5  0.42
1900  39019.4  0.42
1920  39252.4  0.42
1940  39496  0.42
1960  39961.7  0.42
1980  36271.9  0.38
2000  36517.4  0.38
2020  36676.4  0.38
2040  35165.6  0.36
2060  31377  0.32
2080  20416.3  0.2
2100  18401.9  0.18
2120  14496.5  0.14
2140  14599.3  0.14
2160  12566  0.12
2180  12666.3  0.12
2200  12769.1  0.12
2220  12869.4  0.12
2240  12967.7  0.12
2260  13062.9  0.12
2280  13165.7  0.12
2300  14375.9  0.14
2320  14489.6  0.14
2340  14779  0.14
2360  14893.4  0.14
2380  14980  0.14
2400  15053.3  0.14
2420  15180.3  0.14
2440  12819.8  0.12
2460  12947.4  0.12
2480  13020.7  0.12
2500  13148.4  0.12
2520  13221.7  0.12
2540  13349.3  0.12
2560  10865.7  0.1
2580  42020.9  0.34
2600  42404.9  0.34
2620  40196.5  0.32
2640  35116.7  0.28
2660  35400.9  0.28
2680  35560.6  0.28
2700  16775.3  0.14
2720  16883  0.14
2740  17180.6  0.14
2760  17288.3  0.14
2780  17383.1  0.14
2800  17491.6  0.14
2820  17585.5  0.14
2840  17694.1  0.14
2860  24186.8  0.18
2880  18686.2  0.14
2900  18820.7  0.14
2920  18917.2  0.14
2940  30096.9  0.22
2960  30226.5  0.22
2980  30421.1  0.22
3000  30555.5  0.22
3020  30736.5  0.22
3040  31011.7  0.22
3060  31197.6  0.22
3080  31572.9  0.22
3100  31767.5  0.22
3120  31894.9  0.22
3140  32080.1  0.22
3160  32220.4  0.22
3180  32541.2  0.22
3200  32670.8  0.22
3220  32815.7  0.22
3240  36236.1  0.24
3260  36393.8  0.24
3280  26311.4  0.16
3300  26414.7  0.16
3320  26512.8  0.16
3340  26614.2  0.16
3360  26712.3  0.16
3380  26815.6  0.16
3400  23518.2  0.14
3420  15351  0.1
3440  15432.5  0.1
3460  15513.1  0.1
3480  15584.2  0.1
3500  15663.8  0.1
3520  22943.6  0.14
3540  23024  0.14
3560  23148.4  0.14
3580  23228.7  0.14
3600  19743.9  0.12
3620  19874.2  0.12
3640  33493.7  0.2
3660  16410.2  0.1
3680  30150  0.18
3700  30280.3  0.18
3720  25502.5  0.14
3740  21864.5  0.12
3760  18248.2  0.1
3780  18331.9  0.1
3800  18411.7  0.1
3820  18492.5  0.1
3840  18573.3  0.1
3860  18653.2  0.1
3880  18734  0.1
3900  18813.9  0.1
3920  18894.7  0.1
3940  18975.5  0.1
3960  19055.4  0.1
3980  24529.2  0.14
4000  24622.4  0.14
4020  24770.9  0.14
4040  24857.5  0.14
4060  25005  0.14
4080  25099.1  0.14
4100  25246.7  0.14
4120  25340.8  0.14
4140  21350.3  0.12
4160  21422.7  0.12
4180  21550.4  0.12
4200  21622.9  0.12
4220  21750.6  0.12
4240  21824  0.12
4260  21950.8  0.12
4280  22024.1  0.12
4300  22153.8  0.12
4320  22227.1  0.12
4340  22353.8  0.12
4360  22425.6  0.12
4380  22551.7  0.12
4400  22623.6  0.12
4420  22749.6  0.12
4440  22822.4  0.12
4460  22947.6  0.12
4480  23020.4  0.12
4500  23145.5  0.12
4520  23218.3  0.12
4540  23344.4  0.12
4560  23419.1  0.12
4580  23545.1  0.12
4600  23617  0.12
4620  23743.1  0.12
4640  23815.9  0.12
4660  23946  0.12
4680  17253.9  0.08
4700  17313.6  0.08
4720  38315.6  0.18
4740  38504.4  0.18
4760  38637.9  0.18
4780  38841.3  0.18
4800  38949.4  0.18
4820  39111.8  0.18
4840  39287.3  0.18
4860  34361.6  0.16
4880  34521.6  0.16
4900  11567.7  0.06
4920  11608  0.06
4940  11648.2  0.06
4960  11687.6  0.06
4980  11727.9  0.06
5000  11767.2  0.06
5020  11807.5  0.06
5040  11846.9  0.06
5060  11887.1  0.06
5080  11927.4  0.06
5100  11966.8  0.06
5120  12007  0.06
5140  41396.9  0.18
5160  41558.6  0.18
5180  41663.5  0.18
5200  36729.7  0.16
5220  12110  0.06
5240  12149.4  0.06
5260  12189.7  0.06
5280  12229.9  0.06
5300  12269.3  0.06
5320  12309.6  0.06
5340  53818.9  0.22
5360  54038.4  0.22
5380  54176.5  0.22
5400  54332.7  0.22
5420  54462.1  0.22
5440  54714  0.22
5460  54818.7  0.22
5480  55110.8  0.22
5500  55248  0.22
5520  55405.1  0.22
5540  55866.3  0.22
5560  50431.8  0.2
5580  50569.9  0.2
5600  50685.1  0.2
5620  50990.5  0.2
5640  40979.4  0.16
5660  41091.4  0.16
5680  41175.6  0.16
5700  41300.3  0.16
5720  41384.6  0.16
5740  41630.5  0.16
5760  41723.5  0.16
5780  42081.1  0.16
5800  42164.5  0.16
5820  36474  0.14
5840  36565.9  0.14
5860  19345.3  0.08
5880  19407.5  0.08
5900  19469.6  0.08
5920  19524.3  0.08
5940  19586.5  0.08
5960  19648.7  0.08
5980  19704.7  0.08
6000  19766.9  0.08
6020  19829.1  0.08
6040  19883.8  0.08
6060  19945.9  0.08
6080  20008.1  0.08
6100  20064.1  0.08
6120  20126.3  0.08
6140  44441.9  0.16
6160  32271.6  0.12
6180  32385.9  0.12
6200  32472.5  0.12
6220  32588.2  0.12
6240  32674.7  0.12
6260  38126.8  0.14
6280  38253.4  0.14
6300  38366.7  0.14
6320  38482.6  0.14
6340  38597.3  0.14
6360  38723.9  0.14
6380  38851.8  0.14
6400  38978.4  0.14
6420  39081.1  0.14
6440  14645.1  0.06
6460  14684.8  0.06
6480  14725.8  0.06
6500  14765.5  0.06
6520  14805.2  0.06
6540  14844.9  0.06
6560  14884.5  0.06
6580  14924.2  0.06
6600  14965.2  0.06
6620  15004.9  0.06
6640  15044.6  0.06
6660  15084.3  0.06
6680  15124  0.06
6700  15163.7  0.06
6720  15209.7  0.06
6740  15249.4  0.06
6760  34489.9  0.12
6780  34547.1  0.12
6800  34649.7  0.12
6820  34706.9  0.12
6840  34810.8  0.12
6860  34872.4  0.12
6880  28177.8  0.1
6900  15471.7  0.06
6920  15511.4  0.06
6940  15551.1  0.06
6960  15592.1  0.06
6980  15631.7  0.06
7000  15671.4  0.06
7020  15711.1  0.06
7040  15750.8  0.06
7060  64122.5  0.2
7080  64236.8  0.2
7100  64569.1  0.2
7120  64692.8  0.2
7140  51444.1  0.16
7160  50714  0.16
7180  50858  0.16
7200  50925  0.16
7220  51158  0.16
7240  51215  0.16
7260  51567.4  0.16
7280  51711.4  0.16
7300  51809.5  0.16
7320  51875.2  0.16
7340  51974.6  0.16
7360  52253.5  0.16
7380  44958  0.14
7400  45023.7  0.14
7420  45121.7  0.14
7440  45178.7  0.14
7460  45286.8  0.14
7480  45343.8  0.14
7500  45822.5  0.14
7520  30762.8  0.1
7540  30819.9  0.1
7560  30876.9  0.1
7580  30943.9  0.1
7600  31000.9  0.1
7620  31057.9  0.1
7640  31249.9  0.1
7660  31315.6  0.1
7680  31372.6  0.1
7700  31431  0.1
7720  31496.7  0.1
7740  39233.6  0.12
7760  23924.1  0.08
7780  26637.8  0.08
7800  26677.5  0.08
7820  26718.5  0.08
7840  26758.2  0.08
7860  18934.9  0.06
7880  18974.6  0.06
7900  56778.9  0.16
7920  56978.7  0.16
7940  57040.5  0.16
7960  57195.7  0.16
7980  49303.8  0.14
8000  49553.3  0.14
8020  49612.3  0.14
8040  56585.6  0.16
8060  56673.1  0.16
8080  56799.3  0.16
8100  57030.9  0.16
8120  57089.9  0.16
8140  57265.9  0.16
8160  57353.4  0.16
8180  57479.7  0.16
8200  57714.1  0.16
8220  41764.2  0.12
8240  41872.4  0.12
8260  41930.9  0.12
8280  41993.2  0.12
8300  42202.1  0.12
8320  42260.6  0.12
8340  42368.8  0.12
8360  42429.7  0.12
8380  42492  0.12
8400  42698.4  0.12
8420  42759.3  0.12
8440  42867.6  0.12
8460  42926.1  0.12
8480  42984.5  0.12
8500  43197.2  0.12
8520  52773.5  0.14
8540  52882.9  0.14
8560  52942.5  0.14
8580  53002.1  0.14
8600  53213.5  0.14
8620  43559.1  0.12
8640  43780.5  0.12
8660  43839.4  0.12
8680  43898.4  0.12
8700  44109.2  0.12
8720  44171  0.12
8740  44279.7  0.12
8760  44338.7  0.12
8780  44402.6  0.12
8800  44609.5  0.12
8820  44672.4  0.12
8840  44781.1  0.12
8860  44840.1  0.12
8880  44899.1  0.12
8900  45106  0.12
8920  45168.8  0.12
8940  45277.6  0.12
8960  45336.5  0.12
8980  45398.3  0.12
9000  45605.3  0.12
9020  45664.2  0.12
9040  45776.8  0.12
9060  45835.8  0.12
9080  45992.9  0.12
9100  46101.7  0.12
9120  46160.7  0.12
9140  46273.3  0.12
9160  46332.3  0.12
9180  46489.4  0.12
9200  46598.1  0.12
9220  46657.1  0.12
9240  46772.5  0.12
9260  46831.5  0.12
9280  46988.6  0.12
9300  47097.4  0.12
9320  47156.4  0.12
9340  47265.1  0.12
9360  47328  0.12
9380  47485.1  0.12
9400  47593.8  0.12
9420  47652.8  0.12
9440  47761.6  0.12
9460  47824.4  0.12
9480  47981.5  0.12
9500  48093.1  0.12
9520  48152.1  0.12
9540  48260.8  0.12
9560  48319.8  0.12
9580  48480.8  0.12
9600  48589.5  0.12
9620  48648.5  0.12
9640  48757.3  0.12
9660  48816.2  0.12
9680  48977.2  0.12
9700  49086  0.12
9720  49145  0.12
9740  49253.7  0.12
9760  49315.5  0.12
9780  49476.5  0.12
9800  49585.3  0.12
9820  49649.2  0.12
9840  49758  0.12
9860  49816.9  0.12
9880  49974.1  0.12
9900  50086.7  0.12
9920  50145.6  0.12
9940  50254.4  0.12
9960  50313.4  0.12
9980  49907.6  0.1
10000  50020.2  0.1
10020  50082  0.1
10040  50190.8  0.1
10060  50249.7  0.1
10080  50406.9  0.1
10100  50515.6  0.1
10120  50578.5  0.1
10140  50687.2  0.1
10160  50844.3  0.1
10180  50903.3  0.1
10200  51012.1  0.1
10220  51074.9  0.1
10240  51183.7  0.1
10260  51340.8  0.1
10280  51402.6  0.1
10300  51511.3  0.1
10320  51574.2  0.1
10340  51682.9  0.1
10360  51840  0.1
10380  51948.8  0.1
10400  52007.8  0.1
10420  52066.7  0.1
10440  52179.4  0.1
10460  52336.5  0.1
10480  52433.9  0.1
10500  52473.1  0.1
10520  42008.2  0.08
10540  42051.2  0.08
10560  42188.6  0.08
10580  42227.8  0.08
10600  42267  0.08
10620  42306.2  0.08
10640  42345.3  0.08
10660  42486.5  0.08
10680  42525.7  0.08
10700  42564.9  0.08
10720  42604.1  0.08
10740  42643.3  0.08
10760  42784.5  0.08
10780  42823.7  0.08
10800  42862.9  0.08
10820  42902.1  0.08
10840  42941.3  0.08
10860  43087.4  0.08
10880  43126.6  0.08
10900  43165.8  0.08
10920  43205  0.08
10940  43244.2  0.08
10960  43381.5  0.08
10980  43424.6  0.08
11000  43463.8  0.08
11020  43503  0.08
11040  43542.2  0.08
11060  43679.5  0.08
11080  43722.6  0.08
11100  43761.7  0.08
11120  43800.9  0.08
11140  43840.1  0.08
11160  43977.5  0.08
11180  44016.7  0.08
11200  44059.7  0.08
11220  44098.9  0.08
11240  44236.2  0.08
11260  44275.4  0.08
11280  44314.6  0.08
11300  44357.7  0.08
11320  44396.9  0.08
11340  44534.2  0.08
11360  44573.4  0.08
11380  44612.6  0.08
11400  44655.6  0.08
11420  44694.8  0.08
11440  44832.2  0.08
11460  44871.4  0.08
11480  44910.5  0.08
11500  44949.7  0.08
11520  44992.8  0.08
11540  45130.1  0.08
11560  45169.3  0.08
11580  45208.5  0.08
11600  45247.7  0.08
11620  45290.7  0.08
11640  45428.1  0.08
11660  45467.3  0.08
11680  45506.5  0.08
11700  45545.7  0.08
11720  45584.8  0.08
11740  45726  0.08
11760  45765.2  0.08
11780  45804.4  0.08
11800  45843.6  0.08
11820  45882.8  0.08
11840  46024  0.08
11860  46063.2  0.08
11880  46107.4  0.08
11900  46146.6  0.08
11920  46185.7  0.08
11940  46323.1  0.08
11960  46366.1  0.08
11980  46405.3  0.08
12000  46444.5  0.08
12020  46483.7  0.08
12040  46621.1  0.08
12060  46664.1  0.08
12080  46703.3  0.08
12100  46742.5  0.08
12120  46781.7  0.08
12140  46919  0.08
12160  46962.1  0.08
12180  47001.2  0.08
12200  47040.4  0.08
12220  47079.6  0.08
12240  47217  0.08
12260  47256.2  0.08
12280  47299.2  0.08
12300  47338.4  0.08
12320  47475.7  0.08
12340  47514.9  0.08
12360  47554.1  0.08
12380  47597.2  0.08
12400  47636.4  0.08
12420  47773.7  0.08
12440  47812.9  0.08
12460  47852.1  0.08
12480  50465.2  0.1
12500  50528.5  0.1
12520  50686.1  0.1
12540  50745.6  0.1
12560  50805  0.1
12580  50864.5  0.1
12600  50927.8  0.1
12620  51085.4  0.1
12640  51144.9  0.1
12660  51204.4  0.1
12680  51263.8  0.1
12700  51327.1  0.1
12720  51480.7  0.1
12740  51540.2  0.1
12760  51599.6  0.1
12780  51659.1  0.1
12800  51718.5  0.1
12820  51880  0.1
12840  51939.5  0.1
12860  51998.9  0.1
12880  52058.4  0.1
12900  52117.9  0.1
12920  52284.3  0.1
12940  52343.8  0.1
12960  52403.2  0.1
12980  52462.7  0.1
13000  52522.2  0.1
13020  52675.7  0.1
13040  52739  0.1
13060  52798.5  0.1
13080  52858  0.1
13100  52917.4  0.1
13120  53075  0.1
13140  53138.3  0.1
13160  53197.8  0.1
13180  53257.3  0.1
13200  53316.7  0.1
13220  53474.3  0.1
13240  53537.7  0.1
13260  53597.1  0.1
13280  53656.6  0.1
13300  40465.1  0.08
13320  40520.5  0.08
13340  40017.1  0.06
13360  40080.4  0.06
13380  40139.8  0.06
13400  40199.3  0.06
13420  28606  0.06
13440  28645.2  0.06
13460  28688.2  0.06
13480  28727.4  0.06
13500  28766.6  0.06
13520  28805.8  0.06
13540  28845  0.06
13560  28884.2  0.06
13580  28927.2  0.06
13600  28966.4  0.06
13620  29005.6  0.06
13640  29044.8  0.06
13660  29084  0.06
13680  29127  0.06
13700  29166.2  0.06
13720  29205.4  0.06
13740  29244.6  0.06
13760  29283.8  0.06
13780  29326.8  0.06
13800  29366  0.06
13820  29405.2  0.06
13840  29444.4  0.06
13860  29483.6  0.06
13880  29522.8  0.06
13900  29565.8  0.06
13920  29605  0.06
13940  29644.2  0.06
13960  29688.4  0.06
13980  29727.6  0.06
14000  29770.6  0.06
14020  29809.8  0.06
14040  29849  0.06
14060  29888.2  0.06
14080  29927.4  0.06
14100  29966.6  0.06
14120  30009.6  0.06
14140  30048.8  0.06
14160  30088  0.06
14180  30127.2  0.06
14200  30166.4  0.06
14220  30209.4  0.06
14240  30248.6  0.06
14260  30287.8  0.06
14280  30327  0.06
14300  30366.2  0.06
14320  30409.2  0.06
14340  30448.4  0.06
14360  30487.6  0.06
14380  56529.6  0.08
14400  56568.8  0.08
14420  56608  0.08
14440  56986.3  0.08
14460  57025.5  0.08
14480  57064.6  0.08
14500  57103.8  0.08
14520  57143  0.08
14540  57186.1  0.08
14560  57225.3  0.08
14580  57264.5  0.08
14600  57303.6  0.08
14620  57342.8  0.08
14640  57382  0.08
14660  57425.1  0.08
14680  42977.9  0.06
14700  43017.1  0.06
14720  43056.3  0.06
14740  31147.3  0.06
14760  31190.3  0.06
14780  31229.5  0.06
14800  31268.7  0.06
14820  31307.9  0.06
14840  31347.1  0.06
14860  71382.6  0.1
14880  71640.1  0.1
14900  71686.2  0.1
14920  71743.5  0.1
14940  71789.6  0.1
14960  71873.1  0.1
14980  71897.9  0.1
