100  4383.96  0.98
120  5297.27  0.94
140  5818.49  0.9
160  7142.66  0.9
180  9013.37  0.92
200  9811.83  0.92
220  10222.6  0.9
240  10813.1  0.88
260  11068.3  0.84
280  11696.8  0.84
300  12480.1  0.84
320  12448.5  0.8
340  12956.6  0.78
360  13072.1  0.74
380  13166.6  0.72
400  13736  0.7
420  14292.7  0.7
440  14079.5  0.66
460  13152  0.6
480  13854.9  0.6
500  14294  0.58
520  15024.3  0.58
540  15972.8  0.58
560  17110.8  0.6
580  16946.7  0.58
600  16949.8  0.56
620  17302  0.56
640  16381.4  0.52
660  16765.1  0.52
680  16177.9  0.5
700  15370  0.46
720  18598.8  0.54
740  16852.1  0.48
760  17365.5  0.48
780  17692.7  0.48
800  18271.4  0.48
820  17298.2  0.44
840  17892.1  0.44
860  18544.9  0.44
880  19047.3  0.44
900  21168.4  0.48
920  21460.7  0.48
940  21815.6  0.48
960  21198.8  0.46
980  21657.4  0.46
1000  20959.8  0.44
1020  20361.8  0.42
1040  20634.3  0.42
1060  20957  0.42
1080  21653.4  0.42
1100  19870.1  0.38
1120  21523.1  0.4
1140  23002.6  0.42
1160  23313.5  0.42
1180  23585.6  0.42
1200  20446.2  0.36
1220  21039.1  0.36
1240  21348.4  0.36
1260  21562.5  0.36
1280  20764.8  0.34
1300  20984.4  0.34
1320  21227.4  0.34
1340  20120.3  0.32
1360  20372.4  0.32
1380  20548.4  0.32
1400  19394  0.3
1420  20116.7  0.3
1440  23199.8  0.34
1460  23599.1  0.34
1480  23833.3  0.34
1500  24026.7  0.34
1520  24254.9  0.34
1540  24602.7  0.34
1560  25162.8  0.34
1580  22137  0.3
1600  20789.1  0.28
1620  20947.2  0.28
1640  21188.7  0.28
1660  20013.2  0.26
1680  25189.5  0.32
1700  23780.5  0.3
1720  25790.9  0.32
1740  24316.6  0.3
1760  26609.1  0.32
1780  26873.5  0.32
1800  27191.2  0.32
1820  25574.4  0.3
1840  25839.1  0.3
1860  26256.2  0.3
1880  24619.4  0.28
1900  24839.4  0.28
1920  23105.8  0.26
1940  21414  0.24
1960  13713.8  0.14
1980  13866.1  0.14
2000  19851.1  0.2
2020  19964.7  0.2
2040  18775.4  0.2
2060  18924.4  0.2
2080  18719.8  0.2
2100  19194.6  0.2
2120  19321.5  0.2
2140  19458.3  0.2
2160  19609.9  0.2
2180  19759.8  0.2
2200  17686.9  0.18
2220  17810.6  0.18
2240  17936.5  0.18
2260  18030  0.18
2280  18396.6  0.18
2300  16229.7  0.16
2320  16319.6  0.16
2340  16425.1  0.16
2360  16526.6  0.16
2380  16619.1  0.16
2400  16722  0.16
2420  17147.6  0.16
2440  17242.3  0.16
2460  17346.4  0.16
2480  17452  0.16
2500  15162.2  0.14
2520  15266.8  0.14
2540  15272.4  0.12
2560  15365.9  0.12
2580  15467.3  0.12
2600  15576.7  0.12
2620  13095.8  0.1
2640  13201  0.1
2660  13294.7  0.1
2680  13399.9  0.1
2700  13503.4  0.1
2720  13593.9  0.1
2740  24887.4  0.18
2760  25027.9  0.18
2780  22231.7  0.16
2800  13902.2  0.1
2820  13988.9  0.1
2840  14061.5  0.1
2860  11287.6  0.08
2880  11350.3  0.08
2900  11403.7  0.08
2920  11468.6  0.08
2940  11531.4  0.08
2960  11584.7  0.08
2980  32424.9  0.22
3000  32909.7  0.22
3020  33195.9  0.22
3040  33381.5  0.22
3060  33593.4  0.22
3080  33750.9  0.22
3100  33854.5  0.22
3120  30899.5  0.2
3140  31009.7  0.2
3160  31248.8  0.2
3180  31343.8  0.2
3200  31473.7  0.2
3220  9757.84  0.08
3240  9815.54  0.08
3260  28858.7  0.18
3280  38776.7  0.24
3300  45614.4  0.28
3320  46120.4  0.28
3340  46293.7  0.28
3360  46544.7  0.28
3380  46765.4  0.28
3400  40194.9  0.24
3420  40429.1  0.24
3440  40638.9  0.24
3460  40918.8  0.24
3480  41120.9  0.24
3500  41301.1  0.24
3520  41513  0.24
3540  41803.6  0.24
3560  38388.2  0.22
3580  38675.5  0.22
3600  38782  0.22
3620  39012.6  0.22
3640  39199.7  0.22
3660  39432  0.22
3680  39573.1  0.22
3700  39824.1  0.22
3720  36307.1  0.2
3740  36509  0.2
3760  36663  0.2
3780  36811.2  0.2
3800  37030.7  0.2
3820  37192.7  0.2
3840  37349.6  0.2
3860  37583.8  0.2
3880  33830.3  0.18
3900  33997.6  0.18
3920  34177.2  0.18
3940  34335.3  0.18
3960  22320.6  0.12
3980  22405.8  0.12
4000  22483.7  0.12
4020  22619.6  0.12
4040  22694.9  0.12
4060  22782.7  0.12
4080  22914.9  0.12
4100  52142.1  0.26
4120  52292.6  0.26
4140  48336.2  0.24
4160  48476.5  0.24
4180  48899.9  0.24
4200  49030.4  0.24
4220  45088.5  0.22
4240  45218.6  0.22
4260  45360.4  0.22
4280  45495.4  0.22
4300  45634.8  0.22
4320  45878.5  0.22
4340  46339.8  0.22
4360  46471.5  0.22
4380  46609.3  0.22
4400  46752.2  0.22
4420  47232.8  0.22
4440  47380.5  0.22
4460  47505.5  0.22
4480  47650  0.22
4500  47780.1  0.22
4520  48033.9  0.22
4540  48163.2  0.22
4560  48303.4  0.22
4580  48446.3  0.22
4600  48575.4  0.22
4620  48845.6  0.22
4640  48961.7  0.22
4660  49665.3  0.22
4680  49792.7  0.22
4700  49944.5  0.22
4720  50178.4  0.22
4740  50318.7  0.22
4760  50461.6  0.22
4780  50604.4  0.22
4800  50832.9  0.22
4820  50976.9  0.22
4840  46296.4  0.2
4860  46394.3  0.2
4880  46777  0.2
4900  46872.7  0.2
4920  47012.3  0.2
4940  47109.1  0.2
4960  42392.6  0.18
4980  33831.7  0.14
5000  33907  0.14
5020  33986.5  0.14
5040  34070.6  0.14
5060  34150.2  0.14
5080  34225.4  0.14
5100  34303.3  0.14
5120  34631.9  0.14
5140  34709.8  0.14
5160  34787.7  0.14
5180  34861.3  0.14
5200  34941.8  0.14
5220  35010.7  0.14
5240  35083.8  0.14
5260  49653.6  0.2
5280  49787.6  0.2
5300  50324.8  0.2
5320  50448.8  0.2
5340  50566.4  0.2
5360  50922.3  0.2
5380  51042.5  0.2
5400  51244.2  0.2
5420  51382.7  0.2
5440  51496.3  0.2
5460  51621.4  0.2
5480  51837.6  0.2
5500  51945  0.2
5520  52088.1  0.2
5540  63642.2  0.24
5560  63937.8  0.24
5580  64164.5  0.24
5600  58912.6  0.22
5620  59347.8  0.22
5640  48031  0.18
5660  48154.8  0.18
5680  48227.7  0.18
5700  48349.9  0.18
5720  48424.4  0.18
5740  48546.6  0.18
5760  43103  0.16
5780  43231.7  0.16
5800  43317.5  0.16
5820  43431.1  0.16
5840  43829.5  0.16
5860  43941.5  0.16
5880  44026.2  0.16
5900  44138.2  0.16
5920  44221.3  0.16
5940  44529.6  0.16
5960  44617.5  0.16
5980  44742.4  0.16
6000  44853.4  0.16
6020  44939.1  0.16
6040  33028  0.12
6060  33112.7  0.12
6080  33224.7  0.12
6100  33307.8  0.12
6120  33426.3  0.12
6140  16086.5  0.06
6160  16127.2  0.06
6180  16166.8  0.06
6200  16207.4  0.06
6220  16245.4  0.06
6240  16287.7  0.06
6260  16328.4  0.06
6280  16366.4  0.06
6300  16408.6  0.06
6320  16446.6  0.06
6340  16487.3  0.06
6360  16526.9  0.06
6380  16567.6  0.06
6400  16605.6  0.06
6420  16647.8  0.06
6440  16685.8  0.06
6460  16726.5  0.06
6480  16768.8  0.06
6500  16806.8  0.06
6520  16847.4  0.06
6540  16887  0.06
6560  24102.1  0.08
6580  24141.8  0.08
6600  24502  0.08
6620  24540  0.08
6640  24582.3  0.08
6660  24620.3  0.08
6680  17925.7  0.06
6700  22750.4  0.08
6720  22809.2  0.08
6740  22870.7  0.08
6760  22931.2  0.08
6780  22971.9  0.08
6800  23030.7  0.08
6820  23093.8  0.08
6840  23152.7  0.08
6860  23214.2  0.08
6880  23274.7  0.08
6900  23336.2  0.08
6920  16549  0.06
6940  16588.6  0.06
6960  16629.3  0.06
6980  16667.3  0.06
7000  16709.6  0.06
7020  16747.6  0.06
7040  16788.2  0.06
7060  16827.8  0.06
7080  14160.2  0.04
7100  14198.6  0.04
7120  14240.6  0.04
7140  14281.6  0.04
7160  14319.9  0.04
7180  14360.9  0.04
7200  14399.3  0.04
7220  14441.3  0.04
7240  14465.1  0.04
7260  14486.3  0.04
7280  14504.9  0.04
7300  14526.1  0.04
7320  14544.6  0.04
7340  14565.8  0.04
7360  14587  0.04
7380  14605.6  0.04
7400  14626.8  0.04
7420  14645.4  0.04
7440  14666.6  0.04
7460  14685.1  0.04
7480  14706.3  0.04
7500  14724.9  0.04
7520  14746.1  0.04
7540  14764.6  0.04
7560  14785.8  0.04
7580  14804.4  0.04
7600  14825.6  0.04
7620  14846.8  0.04
7640  14865.4  0.04
7660  14886.6  0.04
7680  14905.1  0.04
7700  14926.3  0.04
7720  14944.9  0.04
7740  14966.1  0.04
7760  14984.7  0.04
7780  15005.9  0.04
7800  15024.4  0.04
7820  15045.6  0.04
7840  15066.8  0.04
7860  15085.4  0.04
7880  15106.6  0.04
7900  15125.2  0.04
7920  21330.5  0.06
7940  21349  0.06
7960  21370.2  0.06
7980  21388.8  0.06
8000  21410  0.06
8020  21428.5  0.06
8040  21605.6  0.06
8060  21626.8  0.06
8080  21645.4  0.06
8100  21666.6  0.06
8120  21685.1  0.06
8140  21706.4  0.06
8160  21724.9  0.06
8180  21746.1  0.06
8200  21920.5  0.06
8220  21941.8  0.06
8240  21960.3  0.06
8260  13720.2  0.04
8280  13741.4  0.04
8300  13759.9  0.04
8320  13781.1  0.04
8340  13799.7  0.04
8360  13820.9  0.04
8380  13839.4  0.04
8400  13860.6  0.04
8420  13879.2  0.04
8440  13900.4  0.04
8460  13919  0.04
8480  13940.2  0.04
8500  19812.5  0.06
8520  19851.7  0.06
8540  19892  0.06
8560  19931.2  0.06
8580  19973  0.06
8600  20010.6  0.06
8620  20052.5  0.06
8640  20090.1  0.06
8660  20132  0.06
8680  20171.2  0.06
8700  20211.4  0.06
8720  19939.7  0.06
8740  19977.3  0.06
8760  20019.2  0.06
8780  20058.4  0.06
8800  20098.6  0.06
8820  20137.8  0.06
8840  20178.1  0.06
8860  20217.3  0.06
8880  20259.1  0.06
8900  20296.8  0.06
8920  20338.6  0.06
8940  20378.9  0.06
8960  20418.1  0.06
8980  18402.1  0.06
9000  18439.7  0.06
9020  18481.6  0.06
9040  18519.2  0.06
9060  18217  0.06
9080  18256.2  0.06
9100  18296.4  0.06
9120  18335.6  0.06
9140  18375.9  0.06
9160  18417.8  0.06
9180  18455.4  0.06
9200  18497.2  0.06
9220  18536.4  0.06
9240  18576.7  0.06
9260  18615.9  0.06
9280  18656.2  0.06
9300  18695.4  0.06
9320  18737.2  0.06
9340  18774.8  0.06
9360  18816.7  0.06
9380  18856.9  0.06
9400  18896.1  0.06
9420  18938  0.06
9440  18975.6  0.06
9460  19017.5  0.06
9480  22113.6  0.06
9500  22153.9  0.06
9520  22191.6  0.06
9540  22232  0.06
9560  22269.7  0.06
9580  22310  0.06
9600  22350.4  0.06
9620  22388.1  0.06
9640  22428.4  0.06
9660  22466.1  0.06
9680  22506.4  0.06
9700  22544.1  0.06
9720  22603.6  0.06
9740  22641.3  0.06
9760  22681.7  0.06
9780  22719.3  0.06
9800  22759.7  0.06
9820  22800  0.06
9840  22837.7  0.06
9860  22878.1  0.06
9880  22915.8  0.06
9900  22956.1  0.06
9920  22993.8  0.06
9940  23034.2  0.06
9960  23071.9  0.06
9980  13235.2  0.04
10000  13253.8  0.04
10020  13275  0.04
10040  13296.2  0.04
10060  13314.7  0.04
10080  13335.9  0.04
10100  13354.5  0.04
10120  13375.7  0.04
10140  13394.2  0.04
10160  13415.5  0.04
10180  13434  0.04
10200  13455.2  0.04
10220  13473.8  0.04
10240  13495  0.04
10260  13516.2  0.04
10280  13534.7  0.04
10300  13555.9  0.04
10320  13574.5  0.04
10340  13595.7  0.04
10360  13614.3  0.04
10380  13635.5  0.04
10400  13654  0.04
10420  13675.2  0.04
10440  13693.8  0.04
10460  13715  0.04
10480  13733.6  0.04
10500  13754.8  0.04
10520  13776  0.04
10540  13794.5  0.04
10560  13815.7  0.04
10580  13834.3  0.04
10600  13855.5  0.04
10620  13874  0.04
10640  13895.3  0.04
10660  13913.8  0.04
10680  13935  0.04
10700  13953.6  0.04
10720  13974.8  0.04
10740  13996  0.04
10760  14014.5  0.04
10780  14035.7  0.04
10800  14054.3  0.04
10820  15645.5  0.04
10840  15664.1  0.04
10860  15685.3  0.04
10880  15703.9  0.04
10900  15725.1  0.04
10920  15743.6  0.04
10940  15764.8  0.04
10960  15786  0.04
10980  15804.6  0.04
11000  15825.8  0.04
11020  15844.3  0.04
11040  15865.6  0.04
11060  15884.1  0.04
11080  15905.3  0.04
11100  15923.9  0.04
11120  15945.1  0.04
11140  15963.6  0.04
11160  15984.8  0.04
11180  16006  0.04
11200  16024.6  0.04
11220  16045.8  0.04
11240  16064.4  0.04
11260  16085.6  0.04
11280  16104.1  0.04
11300  16125.3  0.04
11320  16143.9  0.04
11340  16165.1  0.04
11360  16183.7  0.04
11380  27325.3  0.06
11400  27346.5  0.06
11420  27365.1  0.06
11440  27386.3  0.06
11460  27404.8  0.06
11480  27426  0.06
11500  27444.6  0.06
11520  27465.8  0.06
11540  27484.3  0.06
11560  27505.6  0.06
11580  27524.1  0.06
11600  27854.5  0.06
11620  27875.7  0.06
11640  27894.2  0.06
11660  27915.4  0.06
11680  27934  0.06
11700  27955.2  0.06
11720  27973.8  0.06
11740  27995  0.06
11760  28013.5  0.06
11780  28034.7  0.06
11800  28053.3  0.06
11820  28074.5  0.06
11840  28095.7  0.06
11860  28114.3  0.06
11880  28135.5  0.06
11900  28154  0.06
11920  28484.4  0.06
11940  28503  0.06
11960  16466.6  0.04
11980  16485.2  0.04
12000  16506.4  0.04
12020  16524.9  0.04
12040  16546.1  0.04
12060  16567.3  0.04
12080  16585.9  0.04
12100  16607.1  0.04
12120  51308.6  0.1
12140  51365.6  0.1
12160  51432.9  0.1
12180  51489.8  0.1
12200  51544.1  0.1
12220  51609.2  0.1
12240  51663.6  0.1
12260  51966.6  0.1
12280  52023.6  0.1
12300  52086.1  0.1
12320  52147.9  0.1
12340  52210.3  0.1
12360  52267.3  0.1
12380  39955.6  0.08
12400  40012.5  0.08
12420  40066.9  0.08
12440  40132  0.08
12460  77408.2  0.14
12480  77448.9  0.14
12500  77847.8  0.14
12520  77885.8  0.14
12540  77962.6  0.14
12560  78036.9  0.14
12580  78510.9  0.14
12600  78585.1  0.14
12620  78312.1  0.14
12640  78386.3  0.14
12660  78511.1  0.14
12680  78585.3  0.14
12700  78625.9  0.14
12720  78702.8  0.14
12740  79094.2  0.14
12760  79134.9  0.14
12780  79209.1  0.14
12800  79249.7  0.14
12820  79408.1  0.14
12840  79448.7  0.14
12860  79522.9  0.14
12880  79642.8  0.14
12900  66797.6  0.12
12920  66838.2  0.12
12940  67269.2  0.12
12960  67343.4  0.12
12980  67622  0.12
13000  67701.1  0.12
13020  67741.7  0.12
13040  67815.9  0.12
13060  67856.5  0.12
13080  67930.8  0.12
13100  67971.4  0.12
13120  68045.6  0.12
13140  68122.5  0.12
13160  68168  0.12
13180  68246  0.12
13200  68286.6  0.12
13220  68597.5  0.12
13240  68638.1  0.12
13260  68711  0.12
13280  69105.7  0.12
13300  69178.6  0.12
13320  69259  0.12
13340  69297  0.12
13360  69372.5  0.12
13380  69410.5  0.12
13400  19667.5  0.04
13420  19688.7  0.04
13440  19707.2  0.04
13460  19728.5  0.04
13480  19747  0.04
13500  19768.2  0.04
13520  19786.8  0.04
13540  19808  0.04
13560  19826.5  0.04
13580  18418.8  0.04
13600  18437.4  0.04
13620  18458.6  0.04
13640  18479.8  0.04
13660  18498.3  0.04
13680  18519.5  0.04
13700  18538.1  0.04
13720  18559.3  0.04
13740  18577.8  0.04
13760  55228  0.1
13780  55265.9  0.1
13800  55306.6  0.1
13820  55344.5  0.1
13840  41580.1  0.08
13860  41620.7  0.08
13880  41658.7  0.08
13900  41699.3  0.08
13920  41737.3  0.08
13940  42015.9  0.08
13960  42053.9  0.08
13980  42094.5  0.08
14000  42137.3  0.08
14020  42178  0.08
14040  42215.9  0.08
14060  42256.6  0.08
14080  42297.2  0.08
14100  42335.2  0.08
14120  42375.8  0.08
14140  42413.8  0.08
14160  42697.2  0.08
14180  42735.2  0.08
14200  42775.8  0.08
14220  42813.8  0.08
14240  42854.4  0.08
14260  42892.4  0.08
14280  42933  0.08
14300  42973.6  0.08
14320  43011.6  0.08
14340  43057.1  0.08
14360  43095.1  0.08
14380  43135.7  0.08
14400  43411.6  0.08
14420  43452.3  0.08
14440  43490.3  0.08
14460  43530.9  0.08
14480  43568.9  0.08
14500  43614.3  0.08
14520  43655  0.08
14540  43692.9  0.08
14560  43733.6  0.08
14580  43771.5  0.08
14600  43812.2  0.08
14620  43850.1  0.08
14640  44128.7  0.08
14660  44171.6  0.08
14680  44212.2  0.08
14700  44250.2  0.08
14720  44290.8  0.08
14740  44331.4  0.08
14760  44369.4  0.08
14780  44410  0.08
14800  44448  0.08
14820  44488.6  0.08
14840  44531.5  0.08
14860  44572.1  0.08
14880  44848  0.08
14900  44888.7  0.08
14920  44926.6  0.08
14940  44967.3  0.08
14960  45007.9  0.08
14980  45045.9  0.08
