100  4158.1  0.94
120  5035.68  0.88
140  5684.23  0.88
160  7136.53  0.84
180  7474.3  0.78
200  7901.37  0.74
220  8039.27  0.7
240  7857.45  0.64
260  8396.2  0.64
280  8600.5  0.62
300  10767.6  0.72
320  11647.9  0.72
340  11848.3  0.7
360  11389.9  0.64
380  11062.4  0.6
400  11091.6  0.58
420  11677.9  0.58
440  11608.2  0.54
460  12620.8  0.54
480  13519.3  0.54
500  13947.3  0.54
520  14311.3  0.54
540  14798.1  0.54
560  15434  0.54
580  15122.1  0.52
600  15589.2  0.52
620  15363.2  0.5
640  15763.1  0.5
660  16212.8  0.5
680  16731.2  0.5
700  17193.7  0.5
720  17543.1  0.5
740  18232.6  0.5
760  17640.1  0.46
780  18487  0.46
800  20361.9  0.5
820  19890.5  0.48
840  20339.3  0.48
860  19995.3  0.46
880  20373.8  0.46
900  20740.2  0.46
920  21208.4  0.46
940  21476.9  0.46
960  21813.7  0.46
980  20171.2  0.42
1000  20517.8  0.42
1020  21207.5  0.42
1040  21464  0.42
1060  20529.2  0.38
1080  21058.5  0.38
1100  21230.6  0.38
1120  21620.9  0.38
1140  21955.8  0.38
1160  22246.7  0.38
1180  22501.4  0.38
1200  22750.3  0.38
1220  23059.2  0.38
1240  23438.7  0.38
1260  18727.4  0.3
1280  17704.4  0.28
1300  16586.9  0.26
1320  20920.2  0.32
1340  21116.4  0.32
1360  20382.1  0.3
1380  20860.4  0.3
1400  20010.7  0.28
1420  20205.1  0.28
1440  20380.6  0.28
1460  20600.6  0.28
1480  19264.5  0.26
1500  18019  0.24
1520  18153  0.24
1540  15276.8  0.2
1560  15422.2  0.2
1580  21783.4  0.28
1600  21929.3  0.28
1620  22326.9  0.28
1640  22467.4  0.28
1660  21113.5  0.26
1680  21569.4  0.26
1700  20377.5  0.24
1720  20654.7  0.24
1740  20795  0.24
1760  19184.1  0.22
1780  19311.1  0.22
1800  19545.1  0.22
1820  19645.5  0.22
1840  17991.7  0.2
1860  18120.3  0.2
1880  14514.2  0.16
1900  14620.2  0.16
1920  14705.9  0.16
1940  14787.1  0.16
1960  14893.7  0.16
1980  15302  0.16
2000  13566.8  0.14
2020  15800.6  0.16
2040  15875.7  0.16
2060  15975.5  0.16
2080  13938.4  0.14
2100  14038.7  0.14
2120  14152.3  0.14
2140  14227.4  0.14
2160  12176.7  0.12
2180  12263.2  0.12
2200  12327.8  0.12
2220  15427.3  0.14
2240  15508.7  0.14
2260  13354.2  0.12
2280  18166.6  0.16
2300  18401.3  0.16
2320  13921  0.12
2340  11639.5  0.1
2360  11706.1  0.1
2380  11772.3  0.1
2400  11838.4  0.1
2420  11904.5  0.1
2440  11970.6  0.1
2460  12012.5  0.1
2480  12078.6  0.1
2500  12123.2  0.1
2520  12189.4  0.1
2540  12256  0.1
2560  12297.3  0.1
2580  12665.7  0.1
2600  12731.8  0.1
2620  12797.9  0.1
2640  12864.5  0.1
2660  12905.9  0.1
2680  12972  0.1
2700  13038.1  0.1
2720  13104.7  0.1
2740  13170.9  0.1
2760  13212.2  0.1
2780  13278.3  0.1
2800  13323  0.1
2820  13021.4  0.1
2840  13087.5  0.1
2860  13128.9  0.1
2880  13497.2  0.1
2900  13563.8  0.1
2920  13630  0.1
2940  19875.7  0.14
2960  19941.8  0.14
2980  19983.1  0.14
3000  20157.9  0.14
3020  20224  0.14
3040  20290.2  0.14
3060  17390.4  0.12
3080  17410.7  0.12
3100  16773.6  0.12
3120  16839.8  0.12
3140  16905.9  0.12
3160  13926.4  0.1
3180  14270  0.1
3200  14336.1  0.1
3220  14402.2  0.1
3240  14468.3  0.1
3260  14534.9  0.1
3280  15745.1  0.1
3300  15811.2  0.1
3320  15877.3  0.1
3340  15943.9  0.1
3360  16010  0.1
3380  16029.9  0.1
3400  16096  0.1
3420  15700.9  0.1
3440  15506.8  0.1
3460  28975.7  0.18
3480  29501.2  0.18
3500  33147.3  0.2
3520  33255.1  0.2
3540  33440  0.2
3560  33538.2  0.2
3580  33650.2  0.2
3600  33723.7  0.2
3620  33918.2  0.2
3640  34016.4  0.2
3660  34406.1  0.2
3680  34496.6  0.2
3700  34643.4  0.2
3720  34755.4  0.2
3740  35161.8  0.2
3760  35346.7  0.2
3780  35747.2  0.2
3800  35834.9  0.2
3820  73951.6  0.4
3840  74306.4  0.4
3860  74983.5  0.4
3880  75192.7  0.4
3900  75650.8  0.4
3920  75933  0.4
3940  76497.1  0.4
3960  76676.3  0.4
3980  73012.1  0.38
4000  73362.2  0.38
4020  73610.2  0.38
4040  74147.7  0.38
4060  57987.8  0.3
4080  58220.8  0.3
4100  58906.7  0.3
4120  59221.2  0.3
4140  67689.9  0.34
4160  68212.4  0.34
4180  68375.5  0.34
4200  68651.1  0.34
4220  68825.3  0.34
4240  69407.1  0.34
4260  69579.4  0.34
4280  70009.3  0.34
4300  65903.5  0.32
4320  66041.8  0.32
4340  66549.4  0.32
4360  66835  0.32
4380  67037.7  0.32
4400  67538.9  0.32
4420  67697.2  0.32
4440  59807.9  0.28
4460  60278.3  0.28
4480  60793.8  0.28
4500  60956.9  0.28
4520  61175.9  0.28
4540  61314.3  0.28
4560  61474.1  0.28
4580  61673.2  0.28
4600  61975.1  0.28
4620  62177.8  0.28
4640  62305.9  0.28
4660  62508.6  0.28
4680  62862  0.28
4700  63383.2  0.28
4720  63668.9  0.28
4740  63843.2  0.28
4760  64049.3  0.28
4780  64536  0.28
4800  64728.8  0.28
4820  64892  0.28
4840  65145.9  0.28
4860  65519.3  0.28
4880  65718.4  0.28
4900  56057.1  0.24
4920  56220.3  0.24
4940  56352.1  0.24
4960  56531.6  0.24
4980  56817.2  0.24
5000  71457.7  0.3
5020  71803.7  0.3
5040  72013.7  0.3
5060  72217.1  0.3
5080  72707.7  0.3
5100  73011.3  0.3
5120  73264.6  0.3
5140  73524.3  0.3
5160  73727.7  0.3
5180  73912.5  0.3
5200  74149.6  0.3
5220  74471.6  0.3
5240  74642.4  0.3
5260  74963.6  0.3
5280  60070.1  0.24
5300  60554.8  0.24
5320  60718.9  0.24
5340  61001.9  0.24
5360  61143.3  0.24
5380  56237  0.22
5400  56396.4  0.22
5420  56543.2  0.22
5440  56643.5  0.22
5460  56888  0.22
5480  57047.4  0.22
5500  57190.6  0.22
5520  68266.5  0.26
5540  68398.8  0.26
5560  68560  0.26
5580  68950.9  0.26
5600  69398  0.26
5620  69651.1  0.26
5640  69796  0.26
5660  69957.1  0.26
5680  70077.3  0.26
5700  70651.9  0.26
5720  71010.3  0.26
5740  71171.5  0.26
5760  71316.4  0.26
5780  71434.3  0.26
5800  71579.1  0.26
5820  71846.5  0.26
5840  72105.5  0.26
5860  72398.7  0.26
5880  72518.8  0.26
5900  72965.9  0.26
5920  61357.4  0.22
5940  61610.5  0.22
5960  61877.8  0.22
5980  61997.9  0.22
6000  62155.8  0.22
6020  62255.5  0.22
6040  62400.4  0.22
6060  49812.2  0.18
6080  50037.3  0.18
6100  50110.2  0.18
6120  50221.6  0.18
6140  50541.9  0.18
6160  50662.2  0.18
6180  50759.8  0.18
6200  51267.4  0.18
6220  51365  0.18
6240  51485.3  0.18
6260  51582.9  0.18
6280  51694.3  0.18
6300  51767.2  0.18
6320  51970.9  0.18
6340  52082.3  0.18
6360  52402.6  0.18
6380  52465.2  0.18
6400  65303.1  0.22
6420  65487  0.22
6440  65900  0.22
6460  66039  0.22
6480  66152.1  0.22
6500  66495.7  0.22
6520  66608.8  0.22
6540  66865.6  0.22
6560  67224  0.22
6580  67559.7  0.22
6600  67677.3  0.22
6620  67765.7  0.22
6640  67831.7  0.22
6660  68062.7  0.22
6680  68202.5  0.22
6700  68268.6  0.22
6720  48361.1  0.16
6740  48445  0.16
6760  41814.9  0.14
6780  28580  0.1
6800  28663.8  0.1
6820  28722.9  0.1
6840  42403.2  0.14
6860  42760.7  0.14
6880  42826.8  0.14
6900  42945.2  0.14
6920  42986.5  0.14
6940  43052.6  0.14
6960  36192.5  0.12
6980  36258.6  0.12
7000  36324.7  0.12
7020  36366.9  0.12
7040  36732  0.12
7060  36798.1  0.12
7080  36864.2  0.12
7100  29753  0.1
7120  29819  0.1
7140  22867.2  0.08
7160  22933.3  0.08
7180  22999.4  0.08
7200  23044  0.08
7220  23110.1  0.08
7240  23151.4  0.08
7260  23218.3  0.08
7280  23284.4  0.08
7300  23350.5  0.08
7320  23416.6  0.08
7340  23457.9  0.08
7360  23524  0.08
7380  23590.9  0.08
7400  23657  0.08
7420  23723.1  0.08
7440  23764.4  0.08
7460  68526.5  0.2
7480  68663.5  0.2
7500  68801.5  0.2
7520  68946.2  0.2
7540  68037.5  0.18
7560  68182.2  0.18
7580  60654.8  0.16
7600  60799.5  0.16
7620  60944.6  0.16
7640  61064.6  0.16
7660  61341.1  0.16
7680  61485.7  0.16
7700  61630.9  0.16
7720  61772.2  0.16
7740  78985.6  0.22
7760  79101.5  0.22
7780  79389  0.22
7800  79529.7  0.22
7820  79643.3  0.22
7840  79856.9  0.22
7860  79945.7  0.22
7880  80086.5  0.22
7900  80200  0.22
7920  80522.4  0.22
7940  80948.8  0.22
7960  81050.9  0.22
7980  81178.3  0.22
8000  81375.9  0.22
8020  44643.5  0.12
8040  44858.9  0.12
8060  44913.8  0.12
8080  44985.3  0.12
8100  45064.9  0.12
8120  45157.8  0.12
8140  45237.5  0.12
8160  45428.1  0.12
8180  45507.7  0.12
8200  59721.1  0.16
8220  59814.5  0.16
8240  59935.1  0.16
8260  60028.5  0.16
8280  60246.7  0.16
8300  60340.1  0.16
8320  60460.6  0.16
8340  60554  0.16
8360  60639.3  0.16
8380  60721.7  0.16
8400  60951  0.16
8420  61058.1  0.16
8440  61164.9  0.16
8460  61579.3  0.16
8480  61661.3  0.16
8500  61768.5  0.16
8520  21590.5  0.06
8540  21611.5  0.06
8560  21632.5  0.06
8580  21653.5  0.06
8600  21674.5  0.06
8620  21997.2  0.06
8640  22018.2  0.06
8660  22018.2  0.06
8680  22039.1  0.06
8700  22060.1  0.06
8720  22081.1  0.06
8740  22102.1  0.06
8760  22123.1  0.06
8780  22144  0.06
8800  22165  0.06
8820  22186  0.06
8840  22207  0.06
8860  22228  0.06
8880  22248.9  0.06
8900  22269.9  0.06
8920  22592.7  0.06
8940  22613.6  0.06
8960  22613.6  0.06
8980  22634.6  0.06
9000  22655.6  0.06
9020  22676.6  0.06
9040  22697.5  0.06
9060  22718.5  0.06
9080  56675.1  0.14
9100  56751.1  0.14
9120  56830.5  0.14
9140  57029  0.14
9160  57105  0.14
9180  50998.9  0.12
9200  51061.1  0.12
9220  51425.5  0.12
9240  51466.3  0.12
9260  51650.9  0.12
9280  51713.1  0.12
9300  51775.3  0.12
9320  51837.5  0.12
9340  51899.7  0.12
9360  51961.9  0.12
9380  52146.6  0.12
9400  52208.8  0.12
9420  52257.3  0.12
9440  52319.5  0.12
9460  52381.7  0.12
9480  52443.9  0.12
9500  52628.6  0.12
9520  52690.8  0.12
9540  59591.2  0.14
9560  59673.4  0.14
9580  59755.6  0.14
9600  59837.8  0.14
9620  60042.5  0.14
9640  60124.7  0.14
9660  60206.9  0.14
9680  60289.1  0.14
9700  60371.3  0.14
9720  60443.2  0.14
9740  60647.9  0.14
9760  60730.1  0.14
9780  60812.3  0.14
9800  60894.5  0.14
9820  60976.7  0.14
9840  61337.3  0.14
9860  61419.5  0.14
9880  61624.3  0.14
9900  61706.5  0.14
9920  61788.8  0.14
9940  61871.1  0.14
9960  61953.3  0.14
9980  62035.6  0.14
10000  62240.3  0.14
10020  62312.2  0.14
10040  57499.5  0.12
10060  57561.7  0.12
10080  57623.9  0.12
10100  57686.1  0.12
10120  57849.3  0.12
10140  58213.8  0.12
10160  58276  0.12
10180  58338.2  0.12
10200  58400.3  0.12
10220  58462.5  0.12
10240  58647.2  0.12
10260  58709.4  0.12
10280  63112.2  0.14
10300  63181.3  0.14
10320  63260.8  0.14
10340  63346.1  0.14
10360  63548.1  0.14
10380  54048.3  0.12
10400  54110.5  0.12
10420  54151.3  0.12
10440  54515.7  0.12
10460  54577.9  0.12
10480  54762.6  0.12
10500  54824.8  0.12
10520  54887  0.12
10540  54949.2  0.12
10560  55011.4  0.12
10580  55073.6  0.12
10600  55247.9  0.12
10620  55310.1  0.12
10640  55372.3  0.12
10660  55434.5  0.12
10680  55496.7  0.12
10700  55558.9  0.12
10720  55722.1  0.12
10740  56086.5  0.12
10760  56148.7  0.12
10780  56210.9  0.12
10800  56273.1  0.12
10820  45556.5  0.1
10840  45618.7  0.1
10860  45680.9  0.1
10880  45743.1  0.1
10900  45794.9  0.1
10920  45857.1  0.1
10940  45919.3  0.1
10960  45981.5  0.1
10980  46043.7  0.1
11000  46084.5  0.1
11020  46146.7  0.1
11040  46511.1  0.1
11060  46573.3  0.1
11080  46635.5  0.1
11100  46697.7  0.1
11120  46759.9  0.1
11140  46818.7  0.1
11160  46880.9  0.1
11180  46943.1  0.1
11200  46995  0.1
11220  47057.2  0.1
11240  47119.4  0.1
11260  47181.6  0.1
11280  47243.8  0.1
11300  47284.5  0.1
11320  47346.7  0.1
11340  41845.3  0.08
11360  41866.7  0.08
11380  41888.2  0.08
11400  41909.7  0.08
11420  41931.1  0.08
11440  41952.6  0.08
11460  41974  0.08
11480  42218.1  0.08
11500  42239.6  0.08
11520  42261.1  0.08
11540  42282.5  0.08
11560  42304  0.08
11580  42325.5  0.08
11600  42325.5  0.08
11620  42346.9  0.08
11640  42670.6  0.08
11660  42692.1  0.08
11680  42713.6  0.08
11700  42957.7  0.08
11720  42979.1  0.08
11740  43000.6  0.08
11760  43022.1  0.08
11780  43043.5  0.08
11800  43065  0.08
11820  43086.5  0.08
11840  43107.9  0.08
11860  43129.4  0.08
11880  43129.4  0.08
11900  43150.8  0.08
11920  43394.1  0.08
11940  43716.2  0.08
11960  43736.8  0.08
11980  43757.4  0.08
12000  43778.1  0.08
12020  43798.7  0.08
12040  43819.4  0.08
12060  43840  0.08
12080  74679.2  0.14
12100  74747.4  0.14
12120  74802.2  0.14
12140  75093.1  0.14
12160  75147.9  0.14
12180  75194.6  0.14
12200  75249.5  0.14
12220  75317.7  0.14
12240  75372.5  0.14
12260  75743  0.14
12280  76093.2  0.14
12300  76161.4  0.14
12320  76216.3  0.14
12340  76284.5  0.14
12360  76561.9  0.14
12380  76630.1  0.14
12400  76685  0.14
12420  76753.2  0.14
12440  76808  0.14
12460  76876.2  0.14
12480  76909.6  0.14
12500  76977.8  0.14
12520  77032.6  0.14
12540  77100.8  0.14
12560  77753.3  0.14
12580  78044.2  0.14
12600  78099  0.14
12620  78167.2  0.14
12640  78222  0.14
12660  20336.2  0.04
12680  20357.7  0.04
12700  20379.1  0.04
12720  20400.6  0.04
12740  20422.1  0.04
12760  20422.1  0.04
12780  20443.5  0.04
12800  20465  0.04
12820  20486.4  0.04
12840  20507.9  0.04
12860  20529.4  0.04
12880  20550.8  0.04
12900  20572.3  0.04
12920  20593.8  0.04
12940  20615.2  0.04
12960  20636.7  0.04
12980  20658.2  0.04
13000  20679.6  0.04
13020  20701.1  0.04
13040  20722.6  0.04
13060  20722.6  0.04
13080  20744  0.04
13100  20765.5  0.04
13120  20786.9  0.04
13140  20808.4  0.04
13160  20829.9  0.04
13180  20851.3  0.04
13200  20872.8  0.04
13220  20894.3  0.04
13240  20915.7  0.04
13260  20937.2  0.04
13280  20958.7  0.04
13300  20980.1  0.04
13320  21001.6  0.04
13340  21023  0.04
13360  21023  0.04
13380  21044.5  0.04
13400  21066  0.04
13420  21087.4  0.04
13440  21108.9  0.04
13460  21130.4  0.04
13480  21151.8  0.04
13500  21173.3  0.04
13520  21194.8  0.04
13540  21216.2  0.04
13560  21237.7  0.04
13580  21259.2  0.04
13600  21280.6  0.04
13620  21302.1  0.04
13640  21302.1  0.04
13660  21323.5  0.04
13680  21345  0.04
13700  21366.5  0.04
13720  21387.9  0.04
13740  21409.4  0.04
13760  21430.9  0.04
13780  21452.3  0.04
13800  21473.8  0.04
13820  21495.3  0.04
13840  21516.7  0.04
13860  21538.2  0.04
13880  21559.6  0.04
13900  21581.1  0.04
13920  57498.9  0.1
13940  57545.6  0.1
13960  57600.5  0.1
13980  57668.6  0.1
14000  57723.5  0.1
14020  57791.7  0.1
14040  58142  0.1
14060  58210.2  0.1
14080  58265  0.1
14100  58333.2  0.1
14120  58388  0.1
14140  44275.2  0.08
14160  44330.1  0.08
14180  44398.3  0.08
14200  44453.1  0.08
14220  44521.3  0.08
14240  44554.7  0.08
14260  44622.9  0.08
14280  44677.7  0.08
14300  44745.9  0.08
14320  44800.8  0.08
14340  44869  0.08
14360  44923.8  0.08
14380  44992  0.08
14400  45046.8  0.08
14420  45115  0.08
14440  45169.9  0.08
14460  45238.1  0.08
14480  45292.9  0.08
14500  45361.1  0.08
14520  88599  0.14
14540  88776.1  0.14
14560  88827.6  0.14
14580  88895.8  0.14
14600  88950.6  0.14
14620  89167.1  0.14
14640  89222  0.14
14660  89399  0.14
14680  89453.8  0.14
14700  89522  0.14
14720  89576.9  0.14
14740  89848.1  0.14
14760  90160.1  0.14
14780  90228.3  0.14
14800  90283.2  0.14
14820  90329.9  0.14
14840  90384.7  0.14
14860  90561.8  0.14
14880  90616.6  0.14
14900  90684.8  0.14
14920  90888  0.14
14940  91159.2  0.14
14960  91214.1  0.14
14980  91391.1  0.14
