100  4577.32  1
120  5689.14  0.98
140  6821.46  1
160  8095.98  1
180  9541.04  1
200  10198.5  0.98
220  10618  0.94
240  11221.9  0.92
260  12558  0.96
280  12649.2  0.9
300  13689.2  0.94
320  14886.9  0.92
340  14412.6  0.86
360  15979.5  0.9
380  17040.6  0.92
400  18336.7  0.92
420  17391  0.84
440  17258.2  0.8
460  20628  0.9
480  18599  0.78
500  20325.3  0.82
520  20558.5  0.78
540  22516.3  0.82
560  20141.9  0.72
580  23133.4  0.8
600  24469.7  0.82
620  25266.6  0.82
640  24792.3  0.78
660  23168  0.72
680  25907.9  0.78
700  23832.2  0.7
720  25179.2  0.72
740  26617  0.74
760  27793.1  0.74
780  26530.4  0.68
800  27297.7  0.68
820  29377  0.72
840  25341.2  0.62
860  29906.3  0.7
880  31004.2  0.7
900  32847.7  0.74
920  36073.2  0.8
940  34134.6  0.74
960  27571.9  0.58
980  38342.3  0.78
1000  26995.6  0.56
1020  33942  0.68
1040  26765.5  0.54
1060  26388.1  0.5
1080  34423.8  0.66
1100  39538.2  0.74
1120  43770.5  0.8
1140  34381  0.62
1160  32537.6  0.58
1180  38160.6  0.66
1200  38911.4  0.66
1220  33528.7  0.56
1240  35753.9  0.58
1260  31201.8  0.5
1280  35514.2  0.58
1300  41902.7  0.66
1320  41793.7  0.64
1340  26957.9  0.42
1360  47277.8  0.7
1380  48834.6  0.72
1400  44892  0.64
1420  31914.2  0.46
1440  42464.9  0.6
1460  32721.5  0.46
1480  34477.1  0.48
1500  44427.1  0.6
1520  34541.6  0.46
1540  49475.4  0.66
1560  31045.1  0.4
1580  35880.2  0.46
1600  41977.4  0.54
1620  30333.4  0.38
1640  43079  0.54
1660  52365.6  0.64
1680  39437.7  0.48
1700  34036.5  0.4
1720  39752.2  0.48
1740  29623.5  0.34
1760  42730.9  0.5
1780  32032.5  0.36
1800  35916  0.4
1820  42820.1  0.48
1840  37699.2  0.42
1860  33117.6  0.36
1880  25903.2  0.28
1900  51604.8  0.56
1920  50649.5  0.54
1940  41512.1  0.44
1960  41498.7  0.44
1980  23317.1  0.24
2000  33126.2  0.34
2020  54556.1  0.54
2040  34475  0.34
2060  61709  0.6
2080  35952.6  0.36
2100  56283.2  0.54
2120  38505.5  0.38
2140  44417.7  0.42
2160  43393.7  0.42
2180  34851.1  0.32
2200  52068.3  0.48
2220  32935  0.3
2240  53255.2  0.48
2260  35997  0.32
2280  57004  0.5
2300  44044.9  0.4
2320  32938  0.3
2340  37781.2  0.34
2360  49024.5  0.42
2380  45529.9  0.4
2400  56997.3  0.48
2420  43933.3  0.38
2440  48770.3  0.42
2460  33581.2  0.28
2480  32912.1  0.28
2500  47641.9  0.38
2520  36198.8  0.3
2540  45157  0.36
2560  39882.6  0.32
2580  57248.8  0.46
2600  47083.6  0.38
2620  71272.9  0.56
2640  33066.1  0.26
2660  53892.2  0.42
2680  64673.7  0.48
2700  73305.5  0.56
2720  76105.4  0.56
2740  40570.2  0.3
2760  58256.9  0.44
2780  54026.5  0.4
2800  27880.5  0.2
2820  39034.5  0.28
2840  52197.2  0.38
2860  33201.9  0.24
2880  55132.4  0.4
2900  54850.8  0.38
2920  34923.9  0.26
2940  76324.2  0.54
2960  26801.1  0.2
2980  28491.8  0.2
3000  33528.4  0.24
3020  60489.4  0.42
3040  23939.1  0.16
3060  61387  0.42
3080  55206  0.36
3100  44997.3  0.3
3120  28372.1  0.2
3140  40464  0.26
3160  58955.9  0.38
3180  30892.5  0.2
3200  35614.6  0.24
3220  41096  0.26
3240  54169.8  0.34
3260  51760.3  0.32
3280  36310  0.24
3300  62772.9  0.4
3320  49887.5  0.32
3340  70650.7  0.44
3360  57065.9  0.34
3380  44110.6  0.28
3400  27133.1  0.16
3420  35946.5  0.22
3440  76515.1  0.46
3460  62256.5  0.38
3480  59183.1  0.34
3500  73623.7  0.44
3520  40897.5  0.24
3540  64077.2  0.38
3560  30992.7  0.18
3580  24772.3  0.14
3600  31510  0.18
3620  50591.4  0.28
3640  52169.7  0.3
3660  35589.8  0.2
3680  36122  0.2
3700  33729.8  0.2
3720  31412.8  0.18
3740  51910.9  0.28
3760  39371.3  0.22
3780  37664.9  0.22
3800  45589.7  0.24
3820  44460.1  0.24
3840  65006.7  0.34
3860  37166.7  0.2
3880  18483.7  0.1
3900  61952.9  0.32
3920  50676.3  0.26
3940  62706.6  0.32
3960  50975.6  0.26
3980  43504.1  0.22
4000  35951.8  0.18
4020  43921.5  0.22
4040  72370.3  0.36
4060  29178.5  0.16
4080  60356.6  0.3
4100  44545.9  0.22
4120  47749.6  0.24
4140  31881.1  0.16
4160  37616.5  0.2
4180  74659.1  0.36
4200  41562.3  0.2
4220  34960.3  0.18
4240  32523  0.16
4260  37066.8  0.18
4280  25475.7  0.12
4300  72346.5  0.34
4320  55355.5  0.26
4340  29785.3  0.14
4360  25366.8  0.12
4380  44011.7  0.22
4400  25966.8  0.12
4420  34783.2  0.16
4440  27969.6  0.14
4460  40023.1  0.18
4480  27437.4  0.14
4500  79896.1  0.36
4520  79543.3  0.36
4540  26499.8  0.12
4560  30851.8  0.14
4580  58666.9  0.26
4600  45399  0.2
4620  31439.6  0.14
4640  31700.7  0.14
4660  25230.6  0.12
4680  34487.9  0.16
4700  64826.4  0.28
4720  41592  0.18
4740  60743.6  0.26
4760  41784.6  0.18
4780  40538.5  0.18
4800  42310.1  0.18
4820  56577.4  0.24
4840  23277.2  0.1
4860  42274  0.18
4880  62321.1  0.26
4900  57455.8  0.24
4920  55350.7  0.24
4940  48420.5  0.2
4960  63199.5  0.26
4980  27105  0.12
5000  53339.1  0.22
5020  59831.9  0.24
5040  72673.4  0.3
5060  114792  0.46
5080  41771.7  0.18
5100  78656.1  0.32
5120  70177.5  0.28
5140  20370.6  0.08
5160  44510.5  0.18
5180  77095.4  0.3
5200  49386.6  0.2
5220  50856.7  0.2
5240  71903.9  0.28
5260  59441.3  0.24
5280  34467  0.14
5300  66967.6  0.26
5320  46609.1  0.18
5340  18403.9  0.08
5360  34928  0.14
5380  48757  0.2
5400  51075.3  0.2
5420  74276.5  0.28
5440  47110.2  0.18
5460  63800.7  0.24
5480  102242  0.38
5500  40325.5  0.16
5520  70994.2  0.26
5540  47886.6  0.18
5560  40782.6  0.16
5580  37081.9  0.14
5600  93137.8  0.34
5620  26197.1  0.1
5640  47623.7  0.18
5660  41473.2  0.16
5680  36920.4  0.14
5700  30805.2  0.12
5720  48096.9  0.18
5740  44159.1  0.16
5760  101308  0.36
5780  32691.8  0.12
5800  90413.1  0.32
5820  33903.1  0.12
5840  31418.7  0.12
5860  39123.6  0.14
5880  115248  0.4
5900  39533.9  0.14
5920  21686.6  0.08
5940  62713.6  0.22
5960  30019  0.12
5980  31651.5  0.12
6000  57591  0.2
6020  23580.3  0.08
6040  68716.2  0.24
6060  37888.2  0.14
6080  107231  0.36
6100  96064.2  0.32
6120  70986.3  0.24
6140  23789.1  0.08
6160  46503.4  0.16
6180  78867.4  0.26
6200  133726  0.44
6220  80164.5  0.26
6240  103567  0.34
6260  81013.9  0.26
6280  52165.7  0.18
6300  55420.1  0.18
6320  96248.4  0.32
6340  47659.4  0.16
6360  73577.5  0.24
6380  67061.9  0.22
6400  77467.9  0.26
6420  67440  0.22
6440  79941.3  0.26
6460  92124.6  0.3
6480  53298.6  0.18
6500  71736.7  0.24
6520  134174  0.42
6540  42792.4  0.14
6560  30996.3  0.1
6580  148113  0.46
6600  68872.8  0.22
6620  58001.6  0.18
6640  96175.3  0.3
6660  77144.6  0.24
6680  75839.2  0.24
6700  70859.8  0.22
6720  32280.3  0.1
6740  50938.8  0.16
6760  64424.5  0.2
6780  58066.8  0.18
6800  71538.7  0.22
6820  78650  0.24
6840  85405.8  0.26
6860  46186.9  0.14
6880  107073  0.32
6900  36303.5  0.12
6920  27842.3  0.1
6940  66145.1  0.2
6960  43747.7  0.14
6980  50148.7  0.16
7000  107328  0.32
7020  29731.4  0.1
7040  36653.1  0.12
7060  75693.9  0.22
7080  72510.5  0.22
7100  88908.3  0.26
7120  75053.4  0.22
7140  44860  0.14
7160  82483.1  0.24
7180  96961.3  0.28
7200  75936.9  0.22
7220  44219.1  0.14
7240  39249.6  0.12
7260  72757.2  0.22
7280  82910.7  0.24
7300  149442  0.42
7320  50523.2  0.14
7340  74920.4  0.22
7360  55235.3  0.16
7380  44088.8  0.12
7400  25507.8  0.08
7420  59958.1  0.18
7440  64249.5  0.18
7460  29017.9  0.08
7480  63586.9  0.18
7500  67573.9  0.2
7520  146432  0.4
7540  124253  0.34
7560  25527.5  0.08
7580  107879  0.3
7600  24122.5  0.08
7620  140770  0.38
7640  125698  0.34
7660  56597  0.16
7680  72945.1  0.2
7700  40798.6  0.12
7720  57712.6  0.16
7740  85152.9  0.22
7760  143422  0.38
7780  71048  0.2
7800  42732  0.12
7820  22466.9  0.06
7840  42090.4  0.12
7860  73038  0.2
7880  90598.2  0.24
7900  18959.4  0.06
7920  74801.3  0.2
7940  51858.3  0.14
7960  120886  0.32
7980  42818.5  0.12
8000  36326.4  0.1
8020  84725.3  0.22
8040  61249.3  0.16
8060  43478.7  0.12
8080  47274.4  0.12
8100  52330.4  0.14
8120  16043.6  0.04
8140  48396.1  0.12
8160  108730  0.28
8180  142674  0.36
8200  47287.8  0.12
8220  52964.5  0.14
8240  61172.1  0.16
8260  85212.8  0.22
8280  45015.7  0.12
8300  75580.6  0.2
8320  111743  0.28
8340  37286.8  0.1
8360  24574.8  0.06
8380  62324.7  0.16
8400  40496  0.1
8420  60524  0.16
8440  79825.9  0.2
8460  60914.7  0.16
8480  24742.2  0.06
8500  61608.6  0.16
8520  105789  0.26
8540  89397.6  0.22
8560  29587.2  0.08
8580  62314.2  0.16
8600  24949.3  0.06
8620  64076.6  0.16
8640  73110.3  0.18
8660  69615.2  0.18
8680  16500.1  0.04
8700  73710.2  0.18
8720  73741.5  0.18
8740  132675  0.32
8760  72863.5  0.18
8780  54690  0.14
8800  83125.7  0.2
8820  37354.2  0.1
8840  56612.6  0.14
8860  56625.8  0.14
8880  82692.5  0.2
8900  62724.3  0.16
8920  48419.8  0.12
8940  81684.4  0.2
8960  39565.3  0.1
8980  100405  0.24
9000  41518.6  0.1
9020  33882.9  0.08
9040  36705.7  0.1
9060  183461  0.42
9080  75260.2  0.18
9100  68647  0.16
9120  131346  0.3
9140  121689  0.28
9160  38268.3  0.1
9180  141299  0.32
9200  25977.5  0.06
9220  102892  0.24
9240  69755.8  0.16
9260  102406  0.24
9280  26342.2  0.06
9300  78591  0.18
9320  35541.9  0.08
9340  74949.9  0.18
9360  60180.7  0.14
9380  17072.7  0.04
9400  95377.2  0.22
9420  30603.8  0.08
9440  57317.5  0.14
9460  17135.7  0.04
9480  79536  0.18
9500  29076.3  0.08
9520  26533.8  0.06
9540  68433.7  0.16
9560  54630.8  0.12
9580  78457.4  0.18
9600  51607.7  0.12
9620  128764  0.28
9640  47241.3  0.1
9660  38042.8  0.08
9680  67952.4  0.16
9700  75179.2  0.16
9720  68457.6  0.16
9740  85999.5  0.18
9760  101892  0.22
9780  82200.5  0.18
9800  46406.6  0.1
9820  64066.9  0.14
9840  100944  0.22
9860  17461.1  0.04
9880  71029.5  0.16
9900  81775.1  0.18
9920  63682.8  0.14
9940  78582.8  0.16
9960  103255  0.22
9980  73881.5  0.16
10000  26114.2  0.06
10020  133566  0.28
10040  42343.4  0.1
10060  39829.4  0.08
10080  80782.5  0.18
10100  71171.9  0.16
10120  47640  0.1
10140  41493  0.1
10160  17707.4  0.04
10180  17723.2  0.04
10200  105669  0.22
10220  51631.2  0.12
10240  60806  0.12
10260  96372.3  0.2
10280  27840.7  0.06
10300  47624.8  0.1
10320  86328.3  0.18
10340  38366.1  0.08
10360  28097.8  0.06
10380  148819  0.3
10400  28185.9  0.06
10420  107868  0.22
10440  48886.9  0.1
10460  55091.2  0.12
10480  96232.9  0.2
10500  87630.5  0.18
10520  108913  0.22
10540  42366.6  0.1
10560  88529.7  0.18
10580  39067.2  0.08
10600  28543.6  0.06
10620  67629.3  0.14
10640  89038.7  0.18
10660  42825.8  0.1
10680  49221.7  0.1
10700  66731.2  0.14
10720  42884  0.1
10740  79065.6  0.16
10760  64039.8  0.12
10780  68708.1  0.14
10800  53895.9  0.1
10820  100979  0.2
10840  133392  0.26
10860  75536  0.14
10880  69327.4  0.14
10900  156516  0.3
10920  54361.3  0.1
10940  91595.2  0.18
10960  65091.8  0.12
10980  102293  0.2
11000  80848.9  0.16
11020  21980.3  0.04
11040  111726  0.22
11060  71501.8  0.14
11080  133356  0.26
11100  57786.5  0.12
11120  70460.1  0.14
11140  76882.9  0.14
11160  66271.6  0.12
11180  18537.4  0.04
11200  126869  0.24
11220  53223.8  0.1
11240  69523.9  0.14
11260  93676.8  0.18
11280  44242  0.08
11300  80624.3  0.16
11320  71772.5  0.14
11340  83172.9  0.16
11360  22227  0.04
11380  67681.4  0.12
11400  78908.4  0.14
11420  103003  0.18
11440  37333.8  0.08
11460  117538  0.22
11480  61340.7  0.12
11500  56564  0.1
11520  30202.9  0.06
11540  95968.8  0.18
11560  90842.9  0.16
11580  33838.4  0.06
11600  18881.5  0.04
11620  34505.2  0.06
11640  39892.2  0.08
11660  87523.7  0.16
11680  80518.1  0.14
11700  114469  0.2
11720  97656.5  0.18
11740  109251  0.2
11760  22515.7  0.04
11780  44256.1  0.08
11800  30811.7  0.06
11820  98213.5  0.18
11840  133764  0.24
11860  86752.9  0.16
11880  87041.1  0.16
11900  30922.5  0.06
11920  58236.5  0.1
11940  31056.1  0.06
11960  19175.3  0.04
11980  51551.7  0.1
12000  75971.7  0.14
12020  31199.7  0.06
12040  46243.8  0.08
12060  35155.1  0.06
12080  98052.6  0.18
12100  61942.4  0.12
12120  64502.1  0.12
12140  70961.3  0.12
12160  64778.9  0.12
12180  19353.8  0.04
12200  82911.7  0.14
12220  96400.6  0.16
12240  84767.8  0.14
12260  36798.2  0.08
12280  86977.6  0.16
12300  71814.3  0.12
12320  47465  0.08
12340  97800.7  0.16
12360  22954.4  0.04
12380  108602  0.18
12400  51387  0.1
12420  78728.3  0.14
12440  148624  0.24
12460  75362.1  0.14
12480  78485.9  0.14
12500  60123.4  0.1
12520  35445.8  0.06
12540  78923.1  0.14
12560  79132.4  0.14
12580  73068.9  0.12
12600  66259.3  0.12
12620  86889.9  0.14
12640  90428.6  0.16
12660  86971.3  0.14
12680  19762.8  0.04
12700  82481.6  0.14
12720  45074  0.08
12740  61141.5  0.1
12760  75533.2  0.12
12780  75220.6  0.12
12800  19857.4  0.04
12820  56851  0.1
12840  106284  0.18
12860  130090  0.22
12880  75370.2  0.12
12900  144517  0.24
12920  67878.4  0.12
12940  118232  0.2
12960  40266.4  0.08
12980  46225.8  0.08
13000  28108.1  0.06
13020  97095.3  0.16
13040  133858  0.22
13060  77151.1  0.12
13080  49353.7  0.08
13100  68705.9  0.12
13120  75263.6  0.12
13140  161375  0.26
13160  69669  0.12
13180  66348.5  0.12
13200  33282.5  0.06
13220  33291.1  0.06
13240  69907.3  0.12
13260  77477.2  0.12
13280  83532.5  0.14
13300  63078.1  0.1
13320  33558.5  0.06
13340  32120.9  0.06
13360  96981.1  0.16
13380  50053.4  0.08
13400  95171.5  0.16
13420  50273.7  0.08
13440  164377  0.26
13460  105812  0.16
13480  85934.2  0.14
13500  32378.3  0.06
13520  148967  0.24
13540  122304  0.2
13560  34054.6  0.06
13580  153065  0.24
13600  58147.6  0.1
13620  77965  0.12
13640  79943.8  0.12
13660  44768.4  0.08
13680  74644.8  0.12
13700  101953  0.16
13720  140025  0.22
13740  52847.4  0.08
13760  110770  0.18
13780  45124.5  0.08
13800  53360.1  0.08
13820  45837  0.08
13840  80863.7  0.12
13860  34439.6  0.06
13880  96666.2  0.14
13900  80849  0.12
13920  24081.1  0.04
13940  67482.3  0.1
13960  69749.5  0.1
13980  115427  0.18
14000  60972.1  0.1
14020  143642  0.22
14040  115287  0.18
14060  42166.6  0.06
14080  24204.1  0.04
14100  73164.3  0.12
14120  70881  0.12
14140  20953.7  0.04
14160  45373.1  0.08
14180  20982.1  0.04
14200  82105.9  0.12
14220  54222.5  0.08
14240  36089.5  0.06
14260  54364.9  0.08
14280  42984.9  0.08
14300  54576.9  0.08
14320  40909.3  0.06
14340  39955.6  0.06
14360  68854.1  0.1
14380  69215.5  0.1
14400  57208.4  0.08
14420  75650.1  0.12
14440  148061  0.22
14460  83899  0.12
14480  98249  0.14
14500  68538.4  0.1
14520  132047  0.2
14540  98329.6  0.14
14560  34133.4  0.06
14580  40479.6  0.06
14600  63351.9  0.1
14620  104682  0.16
14640  99026.7  0.14
14660  84835.9  0.12
14680  29090.6  0.04
14700  49219.6  0.08
14720  150722  0.22
14740  84958.5  0.12
14760  70374.4  0.1
14780  58173.6  0.08
14800  56334.6  0.08
14820  71162.2  0.1
14840  135696  0.2
14860  129698  0.18
14880  51409.8  0.08
14900  94354.4  0.14
14920  95476.7  0.14
14940  92194.2  0.14
14960  80880.1  0.12
14980  63084.6  0.1
