100  4577.32  1
120  5809.22  1
140  6821.46  1
160  8095.98  1
180  9541.04  1
200  10398.5  1
220  10838.8  0.96
240  11462.1  0.94
260  12067.2  0.92
280  12023.7  0.86
300  13757.2  0.94
320  14246.2  0.88
340  15439.2  0.92
360  15622.1  0.88
380  15535  0.82
400  15804  0.8
420  15521.8  0.76
440  15948.4  0.74
460  19665.3  0.86
480  18314.8  0.76
500  20580.9  0.84
520  20256.6  0.78
540  22041.6  0.8
560  20874.6  0.74
580  21136.8  0.72
600  23843.3  0.8
620  23206.1  0.74
640  22483.1  0.7
660  22390.6  0.68
680  22608.1  0.68
700  23441.3  0.68
720  24990.9  0.7
740  27089.9  0.74
760  26199.9  0.7
780  27332.2  0.72
800  28921  0.72
820  28744.5  0.7
840  23685.3  0.58
860  27623.5  0.64
880  31997.2  0.74
900  33103.6  0.74
920  33982.1  0.74
940  27079.2  0.58
960  31223.8  0.66
980  24111.1  0.5
1000  33334.8  0.68
1020  35510.4  0.7
1040  34525.9  0.68
1060  25517.9  0.5
1080  33765.3  0.64
1100  32221.8  0.6
1120  30512.8  0.56
1140  34230.8  0.6
1160  34763.9  0.6
1180  36780.6  0.64
1200  38186.3  0.64
1220  38181.1  0.64
1240  37388.8  0.62
1260  42656.1  0.68
1280  36535.2  0.58
1300  43151.7  0.68
1320  32839.4  0.5
1340  34932.6  0.54
1360  36410.6  0.54
1380  41411.7  0.6
1400  26198.8  0.38
1420  34721.3  0.5
1440  27810.6  0.4
1460  34137  0.48
1480  32181.1  0.44
1500  30283.6  0.42
1520  33263.9  0.44
1540  45003  0.6
1560  38991  0.5
1580  25306.7  0.32
1600  43761.5  0.56
1620  39007  0.48
1640  42564.2  0.52
1660  33409.7  0.42
1680  54723.9  0.66
1700  34043.6  0.4
1720  37694.2  0.44
1740  39511.1  0.46
1760  38799.7  0.44
1780  35674.5  0.4
1800  34462.9  0.4
1820  52577.8  0.58
1840  39109.4  0.44
1860  44692.6  0.48
1880  37379.9  0.4
1900  43635.4  0.46
1920  32407.6  0.34
1940  28312.5  0.3
1960  41233.5  0.42
1980  25397.9  0.26
2000  41188.4  0.42
2020  51451.2  0.52
2040  27337.2  0.28
2060  37305.6  0.36
2080  39926.6  0.4
2100  33167.4  0.32
2120  31368.3  0.3
2140  23303.4  0.22
2160  49034.4  0.46
2180  54221.9  0.5
2200  39759.5  0.38
2220  41807  0.38
2240  46343.5  0.42
2260  34806.9  0.32
2280  45530.6  0.42
2300  46108.7  0.4
2320  28632.4  0.26
2340  36653.2  0.32
2360  33903.8  0.3
2380  49457.1  0.42
2400  70482.2  0.6
2420  47474.3  0.4
2440  38291.2  0.32
2460  31450.2  0.26
2480  57374.9  0.48
2500  45091.1  0.38
2520  58543.5  0.48
2540  45954.5  0.38
2560  48983.3  0.4
2580  33667.3  0.26
2600  57123.3  0.44
2620  47429.4  0.38
2640  39856.8  0.32
2660  43177.3  0.34
2680  46127  0.36
2700  30287.6  0.24
2720  41185.5  0.32
2740  35527.6  0.26
2760  44631.2  0.34
2780  39327.6  0.3
2800  44773  0.32
2820  28319.9  0.22
2840  76479  0.54
2860  30612.7  0.22
2880  57722.2  0.4
2900  51959.1  0.36
2920  36933.4  0.26
2940  41268.2  0.28
2960  26216.5  0.18
2980  32593.7  0.22
3000  38965.4  0.26
3020  33432  0.24
3040  61258.3  0.42
3060  42456.3  0.28
3080  38768.9  0.26
3100  52582.7  0.34
3120  38836.4  0.26
3140  64910  0.42
3160  68692.6  0.44
3180  44886.8  0.3
3200  57140.9  0.36
3220  58663  0.38
3240  51257.3  0.32
3260  66877.5  0.42
3280  68350.2  0.42
3300  56680.9  0.36
3320  49757.2  0.3
3340  67245.7  0.42
3360  57931.8  0.36
3380  56827.6  0.34
3400  58376.3  0.36
3420  33114.8  0.2
3440  38271.5  0.24
3460  51677.8  0.3
3480  48777.4  0.3
3500  17432.4  0.1
3520  24514.5  0.14
3540  66422.3  0.38
3560  44341.8  0.26
3580  62919.9  0.36
3600  79304.8  0.44
3620  42255.4  0.24
3640  36357.1  0.2
3660  69348.5  0.38
3680  62447.1  0.34
3700  24515.5  0.14
3720  81807.1  0.44
3740  32232.4  0.18
3760  86520.6  0.46
3780  60356.9  0.32
3800  72226.5  0.38
3820  28988.5  0.16
3840  60934.7  0.32
3860  73126  0.38
3880  53682.1  0.28
3900  54285.8  0.28
3920  39039.8  0.2
3940  70782.3  0.36
3960  27745.8  0.14
3980  59369.8  0.3
4000  47159.6  0.24
4020  27881.9  0.14
4040  18396.5  0.1
4060  52254.4  0.26
4080  48380  0.24
4100  48908.5  0.24
4120  69357.6  0.34
4140  82127  0.4
4160  86660.5  0.42
4180  20453.7  0.1
4200  20403.9  0.1
4220  92332.4  0.44
4240  62900.5  0.3
4260  20593  0.1
4280  37806.4  0.18
4300  72536.9  0.34
4320  42519  0.2
4340  55805.2  0.26
4360  60275.4  0.28
4380  34154.9  0.16
4400  47828.2  0.22
4420  34755.5  0.16
4440  35082  0.16
4460  57396.5  0.26
4480  17278.9  0.08
4500  80047.3  0.36
4520  52639.9  0.24
4540  17401.3  0.08
4560  44713.3  0.2
4580  31465.8  0.14
4600  42933  0.2
4620  35991.2  0.16
4640  73236.6  0.32
4660  30331.3  0.14
4680  31777.8  0.14
4700  31860  0.14
4720  43110.8  0.2
4740  56451.8  0.24
4760  51358.5  0.22
4780  65831.4  0.28
4800  85167.8  0.36
4820  95136.1  0.4
4840  71465.1  0.3
4860  47420.2  0.2
4880  23405.4  0.1
4900  40631.8  0.18
4920  40617.6  0.18
4940  47869  0.2
4960  48044.4  0.2
4980  48557.3  0.2
5000  30160.9  0.12
5020  53938.2  0.22
5040  99364  0.4
5060  29147.1  0.12
5080  59838.5  0.24
5100  24007.9  0.1
5120  39766.1  0.16
5140  38279.5  0.16
5160  29115.4  0.12
5180  101782  0.4
5200  50457.2  0.2
5220  41625.7  0.16
5240  71899  0.28
5260  70770.2  0.28
5280  30249.5  0.12
5300  23404  0.1
5320  62208.5  0.24
5340  104924  0.4
5360  78160.2  0.3
5380  30748.2  0.12
5400  36113.5  0.14
5420  31018.9  0.12
5440  74472.8  0.28
5460  23715  0.1
5480  34857.1  0.14
5500  21632.6  0.08
5520  47815.5  0.18
5540  19024.5  0.08
5560  29877.4  0.12
5580  26264.9  0.1
5600  58440.1  0.22
5620  59919.4  0.22
5640  34071.8  0.12
5660  40159.7  0.16
5680  38055.8  0.14
5700  22772.3  0.08
5720  28550.9  0.1
5740  35720.8  0.14
5760  36287.7  0.14
5780  43742.5  0.16
5800  32868.9  0.12
5820  17233  0.06
5840  32727.5  0.12
5860  44698.5  0.16
5880  21596.6  0.08
5900  67365.6  0.24
5920  27672.7  0.1
5940  33676.2  0.12
5960  63049.7  0.22
5980  33875.3  0.12
6000  76904.9  0.26
6020  44491.1  0.16
6040  124467  0.42
6060  46249.3  0.16
6080  58407.8  0.2
6100  16380.8  0.06
6120  52110.9  0.18
6140  40316.9  0.14
6160  71298  0.24
6180  34435.1  0.12
6200  46774  0.16
6220  19926.5  0.08
6240  41263.8  0.14
6260  78910.8  0.26
6280  47645.2  0.16
6300  72902.8  0.24
6320  47851.9  0.16
6340  48015.1  0.16
6360  105261  0.34
6380  28332.1  0.1
6400  99605.9  0.32
6420  99825.7  0.32
6440  93724.8  0.3
6460  94235  0.3
6480  81558.1  0.26
6500  120591  0.38
6520  94233.1  0.3
6540  29764.2  0.1
6560  70896.7  0.22
6580  76701.5  0.24
6600  82882  0.26
6620  45172.6  0.14
6640  90041  0.28
6660  77697  0.24
6680  109984  0.34
6700  124117  0.38
6720  33149.2  0.1
6740  97973  0.3
6760  132192  0.4
6780  78173.2  0.24
6800  26715.8  0.08
6820  70400.2  0.22
6840  37638  0.12
6860  44629.7  0.14
6880  65709.4  0.2
6900  37405.7  0.12
6920  59895.3  0.18
6940  80929  0.24
6960  43238.6  0.14
6980  71739.6  0.22
7000  22846.8  0.08
7020  129752  0.38
7040  80107.1  0.24
7060  123606  0.36
7080  53054.9  0.16
7100  145887  0.42
7120  132055  0.38
7140  69469.2  0.2
7160  118288  0.34
7180  61052.2  0.18
7200  38272.3  0.12
7220  68863.8  0.2
7240  55899.4  0.16
7260  148744  0.42
7280  32918  0.1
7300  26884.9  0.08
7320  80943.1  0.24
7340  55032.7  0.16
7360  55154.1  0.16
7380  29019.3  0.08
7400  47335.3  0.14
7420  63577  0.18
7440  41102.7  0.12
7460  85184.8  0.24
7480  18767.8  0.06
7500  46195.4  0.14
7520  77523.2  0.22
7540  86508.2  0.24
7560  64218.2  0.18
7580  140093  0.38
7600  64345.2  0.18
7620  48087.1  0.14
7640  133229  0.36
7660  57131.1  0.16
7680  72393.6  0.2
7700  65475  0.18
7720  64662.2  0.18
7740  143167  0.38
7760  88911.7  0.24
7780  56041.9  0.16
7800  51236.4  0.14
7820  105379  0.28
7840  23620.1  0.08
7860  136980  0.36
7880  121849  0.32
7900  66712.4  0.18
7920  161796  0.42
7940  130471  0.34
7960  123086  0.32
7980  15931.2  0.04
8000  65928.3  0.18
8020  52069.6  0.14
8040  116104  0.3
8060  92174.9  0.24
8080  108566  0.28
8100  87757.7  0.22
8120  69437.4  0.18
8140  69244.4  0.18
8160  68967.3  0.18
8180  110002  0.28
8200  69473.5  0.18
8220  69603.3  0.18
8240  85125.1  0.22
8260  69765.6  0.18
8280  24316.3  0.06
8300  78207.8  0.2
8320  28562.5  0.08
8340  26399.3  0.08
8360  137461  0.34
8380  29167.8  0.08
8400  121385  0.3
8420  16287  0.04
8440  46409.3  0.12
8460  46179.7  0.12
8480  63263.3  0.16
8500  71655  0.18
8520  16366.7  0.04
8540  89195.7  0.22
8560  16400.3  0.04
8580  46951  0.12
8600  89596.3  0.22
8620  56008.8  0.14
8640  70580  0.18
8660  35556.3  0.1
8680  73479.8  0.18
8700  28665.9  0.08
8720  70159.9  0.18
8740  117434  0.28
8760  16564.9  0.04
8780  46526.9  0.12
8800  44831.3  0.12
8820  19691.3  0.06
8840  127376  0.3
8860  16648.9  0.04
8880  74946.6  0.18
8900  66029.1  0.16
8920  110598  0.26
8940  84956.2  0.2
8960  35938.3  0.1
8980  48452.8  0.12
9000  34718.8  0.08
9020  66780.2  0.16
9040  121092  0.28
9060  56402.5  0.14
9080  74178.3  0.18
9100  67395.5  0.16
9120  67684.3  0.16
9140  94885.6  0.22
9160  122644  0.28
9180  113807  0.26
9200  77384  0.18
9220  75929.7  0.18
9240  59126.3  0.14
9260  77392.1  0.18
9280  103822  0.24
9300  78730.8  0.18
9320  69573.8  0.16
9340  41354.4  0.1
9360  97271.8  0.22
9380  77664.9  0.18
9400  60988.1  0.14
9420  50688.2  0.12
9440  98073  0.22
9460  22520  0.06
9480  79430.9  0.18
9500  41963.8  0.1
9520  26585.4  0.06
9540  17197.1  0.04
9560  86600.9  0.2
9580  59116.1  0.14
9600  75602  0.16
9620  57785.3  0.14
9640  35188  0.08
9660  17298.4  0.04
9680  91110.6  0.2
9700  90968.6  0.2
9720  40214.5  0.1
9740  62482.7  0.14
9760  30934.1  0.08
9780  27122.8  0.06
9800  121144  0.26
9820  70965.2  0.16
9840  52184  0.12
9860  82709.8  0.18
9880  69257.9  0.16
9900  49373.5  0.1
9920  130726  0.28
9940  122813  0.26
9960  47408  0.1
9980  60260.3  0.14
10000  62233.7  0.14
10020  123028  0.26
10040  60731  0.14
10060  144512  0.3
10080  84528.2  0.18
10100  74453.1  0.16
10120  69111.5  0.14
10140  102396  0.22
10160  84935.6  0.18
10180  44524.6  0.1
10200  75289.9  0.16
10220  42247.4  0.1
10240  83918.2  0.18
10260  17789.4  0.04
10280  55378.6  0.12
10300  76006  0.16
10320  86346.2  0.18
10340  57436.7  0.12
10360  17870.1  0.04
10380  66288.4  0.14
10400  29371.5  0.06
10420  76577.4  0.16
10440  76746.7  0.16
10460  35211.8  0.08
10480  45839.2  0.1
10500  118925  0.24
10520  58732.6  0.12
10540  67461  0.14
10560  52544.9  0.1
10580  77288.5  0.16
10600  54739.8  0.12
10620  53057.2  0.1
10640  119793  0.24
10660  99322.3  0.2
10680  121193  0.24
10700  67909.6  0.14
10720  23927  0.06
10740  30372.4  0.06
10760  54116.5  0.12
10780  77283.8  0.16
10800  87822.2  0.18
10820  110630  0.22
10840  68710.6  0.14
10860  58448.8  0.12
10880  69362.1  0.14
10900  65119.7  0.12
10920  61009  0.12
10940  58797  0.12
10960  91292.2  0.18
10980  47860.9  0.1
11000  69548.3  0.14
11020  31560.8  0.06
11040  58942.2  0.12
11060  22010.2  0.04
11080  48145.3  0.1
11100  136692  0.26
11120  29461.7  0.06
11140  70524.6  0.14
11160  44408.6  0.08
11180  32990.2  0.06
11200  107453  0.2
11220  115890  0.22
11240  54170.2  0.1
11260  49050.7  0.1
11280  127559  0.24
11300  69530  0.14
11320  18654.9  0.04
11340  60523.4  0.12
11360  49250.4  0.1
11380  49376  0.1
11400  64842.6  0.12
11420  44992.8  0.08
11440  34247.6  0.06
11460  56390.3  0.1
11480  37487.7  0.08
11500  61534  0.12
11520  61143.6  0.12
11540  45832.1  0.08
11560  107683  0.2
11580  56929.8  0.1
11600  41940.8  0.08
11620  41014.8  0.08
11640  61967.5  0.12
11660  73487.6  0.14
11680  132099  0.24
11700  85935.5  0.16
11720  179312  0.32
11740  71956.1  0.14
11760  95656.6  0.18
11780  57617.7  0.1
11800  51247.1  0.1
11820  63091.7  0.12
11840  51402.8  0.1
11860  57761.1  0.1
11880  98598.8  0.18
11900  63618.4  0.12
11920  30909.2  0.06
11940  75247.7  0.14
11960  51511  0.1
11980  63520.6  0.12
12000  51806.3  0.1
12020  51942.6  0.1
12040  87959.1  0.16
12060  64156.5  0.12
12080  34618.8  0.06
12100  22759.5  0.04
12120  19304.4  0.04
12140  34725.6  0.06
12160  64799.5  0.12
12180  88857.9  0.16
12200  40584.6  0.08
12220  113579  0.2
12240  36717.8  0.06
12260  30581.7  0.06
12280  40420.1  0.08
12300  35020.3  0.06
12320  163603  0.28
12340  63220.7  0.12
12360  102410  0.18
12380  53369.2  0.1
12400  78211.2  0.14
12420  98257.8  0.16
12440  35263  0.06
12460  19581.4  0.04
12480  41055  0.08
12500  30406.9  0.06
12520  35452  0.06
12540  54079.1  0.1
12560  141613  0.24
12580  72803  0.12
12600  40104.5  0.08
12620  54427.1  0.1
12640  74546.8  0.12
12660  92286.3  0.16
12680  65988.4  0.12
12700  19778.6  0.04
12720  42077.7  0.08
12740  19806.1  0.04
12760  32547.3  0.06
12780  67923.8  0.12
12800  45250.4  0.08
12820  55185  0.1
12840  54349.6  0.1
12860  106676  0.18
12880  75831.2  0.12
12900  68463  0.12
12920  68669.8  0.12
12940  19972.6  0.04
12960  55663.9  0.1
12980  36507.9  0.06
13000  89552.5  0.14
13020  23432.7  0.04
13040  76708.8  0.12
13060  53913.8  0.1
13080  43112.1  0.08
13100  36374.2  0.06
13120  33091.5  0.06
13140  148286  0.24
13160  56481  0.1
13180  81813.8  0.14
13200  20185.7  0.04
13220  50947.3  0.08
13240  43599.7  0.08
13260  36800.7  0.06
13280  109950  0.18
13300  109980  0.18
13320  36841.8  0.06
13340  63380.3  0.1
13360  40521.1  0.08
13380  46375  0.08
13400  44389  0.08
13420  44099.9  0.08
13440  27288.3  0.06
13460  35328.6  0.06
13480  65442.7  0.1
13500  109514  0.18
13520  45812.4  0.08
13540  30997.3  0.06
13560  23825.2  0.04
13580  50965.6  0.08
13600  23855.1  0.04
13620  66074.5  0.1
13640  37433.8  0.06
13660  71884.2  0.12
13680  30930.5  0.06
13700  66190.6  0.1
13720  52784.6  0.08
13740  37499.4  0.06
13760  100077  0.16
13780  113950  0.18
13800  66649.5  0.1
13820  80540  0.12
13840  66968.7  0.1
13860  37499.5  0.06
13880  80880.5  0.12
13900  81148.8  0.12
13920  37880.6  0.06
13940  42927.4  0.08
13960  53477.1  0.08
13980  20819.4  0.04
14000  115732  0.18
14020  129659  0.2
14040  53548.1  0.08
14060  54051.2  0.08
14080  86088.4  0.14
14100  101788  0.16
14120  53954.3  0.08
14140  53659.1  0.08
14160  68346.5  0.1
14180  54047.5  0.08
14200  52107.7  0.08
14220  63087.3  0.1
14240  88377.4  0.14
14260  63311.8  0.1
14280  128855  0.2
14300  38460.3  0.06
14320  41020.9  0.06
14340  35332.6  0.06
14360  147356  0.22
14380  104345  0.16
14400  21164.5  0.04
14420  159045  0.24
14440  160226  0.24
14460  90356.4  0.14
14480  119168  0.18
14500  83874.5  0.12
14520  102729  0.16
14540  29004.6  0.04
14560  117811  0.18
14580  21310.4  0.04
14600  75470.4  0.12
14620  24596.5  0.04
14640  84440.8  0.12
14660  84666.1  0.12
14680  55519.9  0.08
14700  104046  0.16
14720  36018.3  0.06
14740  150907  0.22
14760  21458.2  0.04
14780  41345.4  0.06
14800  138963  0.2
14820  56160  0.08
14840  55765.5  0.08
14860  122374  0.18
14880  46504.9  0.08
14900  80631.4  0.12
14920  122141  0.18
14940  43938.7  0.06
14960  24841.7  0.04
14980  63289.6  0.1
