100  4577.32  1
120  5689.14  0.98
140  6681.28  0.98
160  7936.23  0.98
180  9361.19  0.98
200  9998.58  0.96
220  10397.9  0.92
240  11256.3  0.92
260  11588.5  0.88
280  12420.3  0.88
300  12428.3  0.84
320  13566.2  0.84
340  14395.9  0.84
360  14935  0.84
380  15913.3  0.84
400  15803.6  0.8
420  15627.8  0.76
440  16407.2  0.76
460  17408.1  0.76
480  17839.5  0.74
500  18412.5  0.74
520  19602.5  0.74
540  19866.1  0.72
560  20308.6  0.72
580  21043.9  0.72
600  21650.5  0.72
620  21347.3  0.68
640  21210.1  0.66
660  21088.7  0.64
680  21571  0.64
700  22107  0.64
720  22706.3  0.64
740  23344.5  0.64
760  24474.7  0.64
780  24903.3  0.64
800  24914.9  0.62
820  23757.9  0.58
840  23509.5  0.56
860  24211.2  0.56
880  24666.2  0.56
900  25252.8  0.56
920  25750.7  0.56
940  26312.2  0.56
960  27180.9  0.56
980  27627.6  0.56
1000  28066.4  0.56
1020  28589.5  0.56
1040  29012.9  0.56
1060  29531.8  0.56
1080  32316.1  0.6
1100  32769.1  0.6
1120  33563.5  0.6
1140  34361.3  0.6
1160  33649  0.58
1180  34298.8  0.58
1200  35240.7  0.58
1220  35605.2  0.58
1240  36071.7  0.58
1260  36383.3  0.58
1280  36934.3  0.58
1300  37669.5  0.58
1320  38148.8  0.58
1340  38759  0.58
1360  36564.3  0.54
1380  37256.9  0.54
1400  37770.7  0.54
1420  38380.9  0.54
1440  37485.8  0.52
1460  38104.7  0.52
1480  38494.7  0.52
1500  38881.1  0.52
1520  37837.5  0.5
1540  38436.5  0.5
1560  37509.9  0.48
1580  38083.9  0.48
1600  38354.8  0.48
1620  38855.1  0.48
1640  39355.2  0.48
1660  39684.9  0.48
1680  40265.2  0.48
1700  37520.4  0.44
1720  37826.3  0.44
1740  38534.3  0.44
1760  35230.5  0.4
1780  35498.7  0.4
1800  35975.2  0.4
1820  36257.9  0.4
1840  36702.2  0.4
1860  35192.9  0.38
1880  35477.2  0.38
1900  36021.3  0.38
1920  32556.1  0.34
1940  29059  0.3
1960  29673.8  0.3
1980  29847.6  0.3
2000  30107.9  0.3
2020  26311.6  0.26
2040  26466.2  0.26
2060  22665.8  0.22
2080  31160  0.3
2100  31474.6  0.3
2120  31794.8  0.3
2140  32084.7  0.3
2160  32382.7  0.3
2180  32714.9  0.3
2200  33007.6  0.3
2220  35529.4  0.32
2240  33580.2  0.3
2260  33868.1  0.3
2280  34112.6  0.3
2300  34363.9  0.3
2320  34680.9  0.3
2340  34974.9  0.3
2360  35553.8  0.3
2380  35862  0.3
2400  24082.1  0.2
2420  24198.6  0.2
2440  41436.9  0.34
2460  36897.9  0.3
2480  37349  0.3
2500  37586.2  0.3
2520  37867.5  0.3
2540  40691.1  0.32
2560  35872.2  0.28
2580  36071.7  0.28
2600  36417.8  0.28
2620  36609.3  0.28
2640  36857  0.28
2660  37312  0.28
2680  37559  0.28
2700  35163.5  0.26
2720  32611.9  0.24
2740  32898  0.24
2760  33095.8  0.24
2780  33384.6  0.24
2800  44813.7  0.32
2820  45121.5  0.32
2840  59394  0.42
2860  60140.1  0.42
2880  60445.6  0.42
2900  60726.8  0.42
2920  61427.2  0.42
2940  61869.1  0.42
2960  62334.9  0.42
2980  62679.4  0.42
3000  63102.4  0.42
3020  63412.3  0.42
3040  57639  0.38
3060  54952.9  0.36
3080  52576  0.34
3100  52788.5  0.34
3120  49988.9  0.32
3140  50173.7  0.32
3160  44169.9  0.28
3180  44384.1  0.28
3200  44731.2  0.28
3220  44938.9  0.28
3240  45121.9  0.28
3260  45717.1  0.28
3280  49444.1  0.3
3300  46388.7  0.28
3320  46596.3  0.28
3340  57058.1  0.34
3360  57224.2  0.34
3380  57473.7  0.34
3400  54369.5  0.32
3420  27356.1  0.16
3440  27449.8  0.16
3460  27720.5  0.16
3480  27821.1  0.16
3500  27922  0.16
3520  28065.6  0.16
3540  24741.5  0.14
3560  24883.4  0.14
3580  24984.2  0.14
3600  25259  0.14
3620  25352.3  0.14
3640  25496  0.14
3660  21935.3  0.12
3680  22058.7  0.12
3700  18444.9  0.1
3720  52180.1  0.28
3740  52593.2  0.28
3760  52829  0.28
3780  52987.6  0.28
3800  53156.4  0.28
3820  53273.8  0.28
3840  53632.1  0.28
3860  53912.4  0.28
3880  54212.2  0.28
3900  54448  0.28
3920  54823  0.28
3940  55329.1  0.28
3960  63448.6  0.32
3980  63987.5  0.32
4000  60175.8  0.3
4020  60519.9  0.3
4040  60727.6  0.3
4060  60892  0.3
4080  61139.5  0.3
4100  61429.6  0.3
4120  61653.6  0.3
4140  57935.5  0.28
4160  58322  0.28
4180  58483.3  0.28
4200  58734  0.28
4220  59018.9  0.28
4240  59220  0.28
4260  59430.8  0.28
4280  55700.8  0.26
4300  56047.6  0.26
4320  56243.5  0.26
4340  65342.9  0.3
4360  65545.9  0.3
4380  61407.9  0.28
4400  61613.4  0.28
4420  62044.6  0.28
4440  62261.7  0.28
4460  62425  0.28
4480  62668  0.28
4500  62846.5  0.28
4520  63181.5  0.28
4540  49718.9  0.22
4560  50228.5  0.22
4580  45783.3  0.2
4600  45942.3  0.2
4620  46064.7  0.2
4640  46564  0.2
4660  46681.2  0.2
4680  46840.2  0.2
4700  47095.4  0.2
4720  47257.5  0.2
4740  47374.7  0.2
4760  47748.2  0.2
4780  47867.4  0.2
4800  76863.2  0.32
4820  77053.7  0.32
4840  77387  0.32
4860  77804.1  0.32
4880  78049.3  0.32
4900  73368  0.3
4920  73558.5  0.3
4940  73790.1  0.3
4960  74026.8  0.3
4980  75015.5  0.3
5000  75320  0.3
5020  75505.3  0.3
5040  75671.3  0.3
5060  75878.4  0.3
5080  76246.2  0.3
5100  76617.8  0.3
5120  76808.3  0.3
5140  77112.7  0.3
5160  20640.2  0.08
5180  20720.9  0.08
5200  20796.4  0.08
5220  20877.1  0.08
5240  20958.8  0.08
5260  21037.4  0.08
5280  21183.5  0.08
5300  21244.6  0.08
5320  21305.8  0.08
5340  21366.2  0.08
5360  21422.3  0.08
5380  21481.4  0.08
5400  21542.5  0.08
5420  21603  0.08
5440  21664.1  0.08
5460  21725.3  0.08
5480  21784.4  0.08
5500  21844.9  0.08
5520  22220.4  0.08
5540  22276.4  0.08
5560  22337.6  0.08
5580  22396  0.08
5600  22457.1  0.08
5620  22518.3  0.08
5640  22579.4  0.08
5660  22639.9  0.08
5680  22699  0.08
5700  22760.2  0.08
5720  22816.2  0.08
5740  22876.6  0.08
5760  22937.8  0.08
5780  22999  0.08
5800  23057.4  0.08
5820  23432.9  0.08
5840  23494  0.08
5860  23555.2  0.08
5880  23615.7  0.08
5900  23669.6  0.08
5920  17758.2  0.06
5940  17819.3  0.06
5960  17879.8  0.06
5980  17941  0.06
6000  18000.1  0.06
6020  18061.2  0.06
6040  18121.7  0.06
6060  42654.8  0.14
6080  36650.5  0.12
6100  36709.8  0.12
6120  36772.2  0.12
6140  36831.5  0.12
6160  36893.9  0.12
6180  36954.2  0.12
6200  37149.4  0.12
6220  37211.9  0.12
6240  37477.4  0.12
6260  37539.8  0.12
6280  37599.1  0.12
6300  37658.4  0.12
6320  37720.8  0.12
6340  38258.4  0.12
6360  38320.8  0.12
6380  108515  0.34
6400  108775  0.34
6420  109202  0.34
6440  109545  0.34
6460  110036  0.34
6480  110290  0.34
6500  110515  0.34
6520  110837  0.34
6540  111140  0.34
6560  111368  0.34
6580  111608  0.34
6600  112185  0.34
6620  112365  0.34
6640  112750  0.34
6660  112987  0.34
6680  113794  0.34
6700  114010  0.34
6720  114289  0.34
6740  114683  0.34
6760  115135  0.34
6780  115391  0.34
6800  115668  0.34
6820  115881  0.34
6840  116137  0.34
6860  116370  0.34
6880  117097  0.34
6900  117307  0.34
6920  117563  0.34
6940  117988  0.34
6960  118171  0.34
6980  118544  0.34
7000  118829  0.34
7020  119526  0.34
7040  119756  0.34
7060  119992  0.34
7080  120246  0.34
7100  120908  0.34
7120  121204  0.34
7140  121586  0.34
7160  121814  0.34
7180  122009  0.34
7200  122439  0.34
7220  122635  0.34
7240  122885  0.34
7260  108602  0.3
7280  109143  0.3
7300  109539  0.3
7320  109777  0.3
7340  110035  0.3
7360  110270  0.3
7380  110796  0.3
7400  110958  0.3
7420  111403  0.3
7440  111761  0.3
7460  111978  0.3
7480  112231  0.3
7500  112405  0.3
7520  105346  0.28
7540  105595  0.28
7560  105901  0.28
7580  106065  0.28
7600  106278  0.28
7620  106681  0.28
7640  106854  0.28
7660  107059  0.28
7680  107295  0.28
7700  107618  0.28
7720  108338  0.28
7740  108499  0.28
7760  108790  0.28
7780  109125  0.28
7800  109338  0.28
7820  109701  0.28
7840  109871  0.28
7860  110058  0.28
7880  110191  0.28
7900  110513  0.28
7920  102712  0.26
7940  103127  0.26
7960  103623  0.26
7980  103829  0.26
8000  103922  0.26
8020  104137  0.26
8040  104326  0.26
8060  104872  0.26
8080  104996  0.26
8100  105404  0.26
8120  105527  0.26
8140  105911  0.26
8160  106288  0.26
8180  98285.5  0.24
8200  98405.9  0.24
8220  98569.3  0.24
8240  98894.5  0.24
8260  99070.6  0.24
8280  99194.2  0.24
8300  99594.2  0.24
8320  99691.7  0.24
8340  99855  0.24
8360  100186  0.24
8380  92158.6  0.22
8400  92630.7  0.22
8420  92751.1  0.22
8440  92943.5  0.22
8460  93064  0.22
8480  93335.5  0.22
8500  93591.9  0.22
8520  93785.3  0.22
8540  93908.9  0.22
8560  94029.3  0.22
8580  94433.2  0.22
8600  94553.6  0.22
8620  94651.1  0.22
8640  95090.9  0.22
8660  95280.2  0.22
8680  95410.3  0.22
8700  95525.6  0.22
8720  95714.9  0.22
8740  96180.8  0.22
8760  96310.5  0.22
8780  96827.4  0.22
8800  96947.8  0.22
8820  97239.2  0.22
8840  97362.8  0.22
8860  97552.1  0.22
8880  97670.5  0.22
8900  97800.2  0.22
8920  98125.4  0.22
8940  98226  0.22
8960  98346.5  0.22
8980  98641  0.22
9000  99041.7  0.22
9020  99171.4  0.22
9040  99295  0.22
9060  99615.1  0.22
9080  100081  0.22
9100  100179  0.22
9120  100306  0.22
9140  100507  0.22
9160  100799  0.22
9180  101058  0.22
9200  92155.5  0.2
9220  92275.9  0.2
9240  92371.4  0.2
9260  92491.8  0.2
9280  92693.5  0.2
9300  92813.9  0.2
9320  93241.3  0.2
9340  93437.7  0.2
9360  93558.1  0.2
9380  93681.7  0.2
9400  93852.2  0.2
9420  94314.9  0.2
9440  94438.5  0.2
9460  94694.9  0.2
9480  94887.3  0.2
9500  85660.6  0.18
9520  85790.3  0.18
9540  85989.3  0.18
9560  86086.8  0.18
9580  86205.2  0.18
9600  86325.6  0.18
9620  86514.9  0.18
9640  86638.5  0.18
9660  86939.1  0.18
9680  87131.6  0.18
9700  87252  0.18
9720  87349.5  0.18
9740  87473.1  0.18
9760  87999.5  0.18
9780  78354.9  0.16
9800  78475.4  0.16
9820  78595.8  0.16
9840  78890.3  0.16
9860  78987.8  0.16
9880  79111.4  0.16
9900  79241.1  0.16
9920  79361.5  0.16
9940  79479.9  0.16
9960  79606.9  0.16
9980  79730.5  0.16
10000  79851  0.16
10020  80128.7  0.16
10040  80252.2  0.16
10060  80372.7  0.16
10080  80493.1  0.16
10100  80959  0.16
10120  50500.7  0.1
10140  50560  0.1
10160  50627.9  0.1
10180  50858.1  0.1
10200  50917.4  0.1
10220  51291.1  0.1
10240  51349.7  0.1
10260  51409  0.1
10280  51472.4  0.1
10300  51531.7  0.1
10320  51590.3  0.1
10340  51649.6  0.1
10360  51879.8  0.1
10380  51939.1  0.1
10400  52007  0.1
10420  52066.3  0.1
10440  52125.6  0.1
10460  52179.7  0.1
10480  52238.3  0.1
10500  52297.6  0.1
10520  52527.9  0.1
10540  52910.8  0.1
10560  52969.4  0.1
10580  53028.7  0.1
10600  53088  0.1
10620  53147.2  0.1
10640  53200.7  0.1
10660  53269.3  0.1
10680  53328.6  0.1
10700  53558.8  0.1
10720  53617.4  0.1
10740  53676.7  0.1
10760  53736  0.1
10780  53803.9  0.1
10800  53863.1  0.1
10820  53917.3  0.1
10840  53976.6  0.1
10860  54520.5  0.1
10880  43638.6  0.08
10900  43677.7  0.08
10920  43726.1  0.08
10940  43765.2  0.08
10960  43804.3  0.08
10980  43838.3  0.08
11000  43877.4  0.08
11020  43916.5  0.08
11040  43964.9  0.08
11060  44004  0.08
11080  44043.1  0.08
11100  44082.2  0.08
11120  44121.4  0.08
11140  44160.5  0.08
11160  44518.1  0.08
11180  44557.2  0.08
11200  44596.3  0.08
11220  44635.4  0.08
11240  44674.5  0.08
11260  44713.6  0.08
11280  44762  0.08
11300  44801.1  0.08
11320  44840.2  0.08
11340  44874.2  0.08
11360  44913.3  0.08
11380  44952.4  0.08
11400  44991.6  0.08
11420  45039.9  0.08
11440  45079.1  0.08
11460  45118.2  0.08
11480  45471.6  0.08
11500  45510.8  0.08
11520  45544.7  0.08
11540  45593.1  0.08
11560  45632.2  0.08
11580  45671.3  0.08
11600  45710.4  0.08
11620  45749.6  0.08
11640  45788.7  0.08
11660  45837.1  0.08
11680  45876.2  0.08
11700  45910.1  0.08
11720  45949.3  0.08
11740  45988.4  0.08
11760  46027.5  0.08
11780  46066.6  0.08
11800  46429.3  0.08
11820  46468.4  0.08
11840  46507.6  0.08
11860  46541.5  0.08
11880  46580.6  0.08
11900  46619.8  0.08
11920  46668.1  0.08
11940  46707.3  0.08
11960  46746.4  0.08
11980  46785.5  0.08
12000  46824.6  0.08
12020  46863.7  0.08
12040  46907  0.08
12060  46946.1  0.08
12080  46985.2  0.08
12100  47024.3  0.08
12120  47377.8  0.08
12140  47416.9  0.08
12160  47456  0.08
12180  47504.4  0.08
12200  47543.5  0.08
12220  47577.5  0.08
12240  47616.6  0.08
12260  47655.7  0.08
12280  47694.8  0.08
12300  47743.2  0.08
12320  47782.3  0.08
12340  47821.4  0.08
12360  47860.5  0.08
12380  47899.7  0.08
12400  47933.6  0.08
12420  48296.3  0.08
12440  48335.5  0.08
12460  48374.6  0.08
12480  48413.7  0.08
12500  48452.8  0.08
12520  48491.9  0.08
12540  48540.3  0.08
12560  48574.3  0.08
12580  48613.4  0.08
12600  48652.5  0.08
12620  48691.6  0.08
12640  48730.7  0.08
12660  48769.9  0.08
12680  48818.2  0.08
12700  48857.4  0.08
12720  48896.5  0.08
12740  49244.8  0.08
12760  49283.9  0.08
12780  49323  0.08
12800  49371.4  0.08
12820  49410.5  0.08
12840  49449.6  0.08
12860  49488.7  0.08
12880  49527.9  0.08
12900  49567  0.08
12920  49610.2  0.08
12940  49649.3  0.08
12960  49688.4  0.08
12980  49727.6  0.08
13000  49766.7  0.08
13020  36917.5  0.06
13040  36956.7  0.06
13060  37005  0.06
13080  37044.1  0.06
13100  37078.1  0.06
13120  37117.2  0.06
13140  37156.3  0.06
13160  37195.5  0.06
13180  37243.8  0.06
13200  37283  0.06
13220  37322.1  0.06
13240  37361.2  0.06
13260  37400.3  0.06
13280  37434.3  0.06
13300  37482.7  0.06
13320  37521.8  0.06
13340  37560.9  0.06
13360  37600  0.06
13380  37639.1  0.06
13400  37678.2  0.06
13420  37717.4  0.06
13440  37760.6  0.06
13460  37799.7  0.06
13480  37838.8  0.06
13500  37877.9  0.06
13520  37917  0.06
13540  37956.2  0.06
13560  38004.5  0.06
13580  38043.7  0.06
13600  38082.8  0.06
13620  38116.7  0.06
13640  38155.9  0.06
13660  38195  0.06
13680  38243.4  0.06
13700  38282.5  0.06
13720  38321.6  0.06
13740  38360.7  0.06
13760  137412  0.2
13780  137562  0.2
13800  137656  0.2
13820  138138  0.2
13840  138285  0.2
13860  138602  0.2
13880  139092  0.2
13900  139194  0.2
13920  139344  0.2
13940  139582  0.2
13960  139685  0.2
13980  139787  0.2
14000  139929  0.2
14020  140040  0.2
14040  140182  0.2
14060  84449.8  0.12
14080  84593.7  0.12
14100  84653.3  0.12
14120  84797.2  0.12
14140  84856.8  0.12
14160  155671  0.22
14180  155751  0.22
14200  155913  0.22
14220  156475  0.22
14240  156749  0.22
14260  156836  0.22
14280  157167  0.22
14300  157290  0.22
14320  157648  0.22
14340  157883  0.22
14360  158121  0.22
14380  143853  0.2
14400  143973  0.2
14420  144099  0.2
14440  144219  0.2
14460  144345  0.2
14480  144465  0.2
14500  144930  0.2
14520  145053  0.2
14540  145175  0.2
14560  145881  0.2
14580  145961  0.2
14600  146124  0.2
14620  146343  0.2
14640  146505  0.2
14660  131928  0.18
14680  132065  0.18
14700  132336  0.18
14720  132481  0.18
14740  132540  0.18
14760  132821  0.18
14780  132881  0.18
14800  133263  0.18
14820  133325  0.18
14840  133424  0.18
14860  133525  0.18
14880  133624  0.18
14900  134204  0.18
14920  134518  0.18
14940  134620  0.18
14960  134722  0.18
14980  134824  0.18
