100  4577.32  1
120  5809.22  1
140  6681.28  0.98
160  7936.23  0.98
180  9541.04  1
200  9998.58  0.96
220  10397.9  0.92
240  11693.7  0.96
260  10976.2  0.84
280  12911.9  0.92
300  13072  0.88
320  13632.8  0.86
340  14395.9  0.84
360  15295.3  0.86
380  17000.6  0.9
400  16566.9  0.84
420  16097  0.78
440  17300.7  0.8
460  17659.8  0.78
480  17839.5  0.74
500  18912.4  0.76
520  20029.9  0.76
540  21938.2  0.8
560  19765.4  0.7
580  22812.3  0.78
600  21442.2  0.72
620  23250.2  0.74
640  21209.7  0.66
660  21088.7  0.64
680  22256.4  0.66
700  22741.5  0.66
720  26306.5  0.74
740  23676.6  0.66
760  25267.8  0.66
780  26469.9  0.68
800  28953.2  0.72
820  25365.9  0.62
840  26806.2  0.64
860  25318.5  0.58
880  22077.9  0.5
900  26152.3  0.58
920  27917.9  0.62
940  23805.8  0.52
960  31414.9  0.66
980  30934.5  0.64
1000  28395.8  0.58
1020  32879.2  0.66
1040  28379  0.56
1060  32044.3  0.62
1080  25054  0.48
1100  29742.4  0.56
1120  35081.9  0.64
1140  33275.9  0.6
1160  35172.7  0.62
1180  34760.5  0.6
1200  37737.8  0.64
1220  33572.1  0.56
1240  30320.3  0.5
1260  37998.4  0.62
1280  33474.1  0.54
1300  35535.2  0.56
1320  35675.4  0.56
1340  35896.9  0.54
1360  37651.6  0.56
1380  40046.6  0.58
1400  29679.4  0.44
1420  38953.7  0.56
1440  29294.6  0.42
1460  38572.4  0.54
1480  37491.8  0.52
1500  33354.7  0.46
1520  38231.7  0.52
1540  27527.3  0.36
1560  42065.4  0.54
1580  36131  0.46
1600  25532.6  0.32
1620  40089.2  0.5
1640  39355.2  0.48
1660  45829.6  0.56
1680  32060  0.38
1700  34470.3  0.42
1720  30938.2  0.36
1740  36769.2  0.42
1760  34559.9  0.4
1780  35498.7  0.4
1800  34671.1  0.4
1820  42008.6  0.48
1840  35977.5  0.4
1860  35192.9  0.38
1880  50535.8  0.54
1900  53146  0.56
1920  33526.9  0.36
1940  36724.9  0.38
1960  33542  0.34
1980  35724.5  0.36
2000  33866.6  0.34
2020  34172.2  0.34
2040  36109.9  0.36
2060  37113.7  0.36
2080  39306.3  0.38
2100  39500.1  0.38
2120  46105.8  0.44
2140  32001.5  0.3
2160  44928.2  0.42
2180  22173.7  0.22
2200  47863.2  0.44
2220  41455.1  0.38
2240  37416.9  0.34
2260  38310.8  0.34
2280  40243.2  0.36
2300  43000.5  0.38
2320  30265.3  0.26
2340  39067.7  0.34
2360  37875.3  0.32
2380  44545.5  0.38
2400  29715  0.26
2420  24893.5  0.22
2440  43905.7  0.38
2460  26329.6  0.22
2480  27716.8  0.24
2500  67222.4  0.54
2520  26179.5  0.22
2540  27820.2  0.22
2560  34588.1  0.28
2580  31324.9  0.26
2600  31848.8  0.26
2620  42320.8  0.34
2640  40035.3  0.32
2660  36971.2  0.28
2680  43286.4  0.34
2700  35530.2  0.28
2720  44091.5  0.34
2740  38829.6  0.3
2760  30741.8  0.24
2780  47191.6  0.34
2800  48614.2  0.36
2820  39309.5  0.28
2840  70668.7  0.5
2860  41891.4  0.3
2880  54974.5  0.4
2900  34559.8  0.24
2920  43748.2  0.3
2940  44336.7  0.32
2960  65050.6  0.44
2980  60005  0.42
3000  42498.4  0.3
3020  29183.9  0.2
3040  24848.7  0.18
3060  67104.3  0.44
3080  46532.7  0.32
3100  55915.5  0.36
3120  55289.6  0.36
3140  47203.9  0.32
3160  27539.5  0.18
3180  44409.4  0.3
3200  51416.1  0.34
3220  54756.2  0.36
3240  59783.3  0.38
3260  28809.5  0.18
3280  32034.6  0.2
3300  39196.9  0.24
3320  66420.9  0.42
3340  34817.3  0.22
3360  53956.4  0.32
3380  64186.3  0.38
3400  40168  0.24
3420  47191.9  0.28
3440  37752.1  0.22
3460  34529.3  0.22
3480  45043.6  0.28
3500  37129.8  0.22
3520  42367  0.24
3540  42512.2  0.24
3560  49781.2  0.28
3580  23699.8  0.14
3600  32358.2  0.18
3620  31419.7  0.18
3640  27781.6  0.16
3660  47488.5  0.26
3680  24340.9  0.14
3700  62879.6  0.36
3720  48157.9  0.26
3740  52434.8  0.28
3760  52690.5  0.28
3780  49005.9  0.26
3800  45604.2  0.24
3820  26189.7  0.14
3840  17860.7  0.1
3860  57638.4  0.3
3880  57980.8  0.3
3900  58197.9  0.3
3920  43001.9  0.22
3940  62636.2  0.32
3960  63080.2  0.32
3980  47760.4  0.24
4000  75778.2  0.38
4020  59928.2  0.3
4040  68290.4  0.34
4060  31855.9  0.16
4080  36136  0.18
4100  28180  0.14
4120  61081.5  0.3
4140  53307.3  0.26
4160  74286.8  0.36
4180  20513.7  0.1
4200  20555.4  0.1
4220  58631.8  0.28
4240  18602.9  0.1
4260  41930.3  0.2
4280  37687.3  0.18
4300  25084.1  0.12
4320  51129.6  0.24
4340  73079.2  0.34
4360  51640.8  0.24
4380  34314.3  0.16
4400  56616  0.26
4420  61029  0.28
4440  61358.6  0.28
4460  25884.5  0.12
4480  30756.1  0.14
4500  66839.7  0.3
4520  26212.7  0.12
4540  62501.2  0.28
4560  24464.9  0.12
4580  21799.9  0.1
4600  58894.9  0.26
4620  26651.5  0.12
4640  54578.2  0.24
4660  54804.6  0.24
4680  50335.9  0.22
4700  32270.7  0.14
4720  22537.1  0.1
4740  40885.5  0.18
4760  32136.4  0.14
4780  51351.4  0.22
4800  32162.5  0.14
4820  41084.2  0.18
4840  61558.8  0.26
4860  71734.4  0.3
4880  34502.1  0.16
4900  33601.4  0.14
4920  37963.7  0.16
4940  16166.4  0.08
4960  52979.3  0.22
4980  68439.7  0.28
5000  32474.4  0.14
5020  46339.3  0.2
5040  34135.9  0.14
5060  21916.8  0.1
5080  20739.3  0.1
5100  17460.5  0.08
5120  27205.8  0.12
5140  30611.2  0.12
5160  46121.9  0.18
5180  25669.3  0.1
5200  50421.7  0.2
5220  61140.9  0.24
5240  31228.9  0.12
5260  20774.3  0.08
5280  35646.1  0.14
5300  25179.6  0.1
5320  51436.7  0.2
5340  25302  0.1
5360  25337.8  0.1
5380  41190  0.16
5400  25350.7  0.1
5420  30981.5  0.12
5440  31081.8  0.12
5460  20186.1  0.08
5480  30219.9  0.12
5500  25572.9  0.1
5520  20621.4  0.08
5540  31706.1  0.12
5560  31905.2  0.12
5580  47134.7  0.18
5600  31880.5  0.12
5620  63866.5  0.24
5640  26549.2  0.1
5660  32358.4  0.12
5680  47578.9  0.18
5700  22774.2  0.08
5720  32511.3  0.12
5740  83982.5  0.3
5760  36990.8  0.14
5780  72543.9  0.26
5800  73186.2  0.26
5820  26812.8  0.1
5840  27416.6  0.1
5860  27457.5  0.1
5880  103492  0.36
5900  21690.7  0.08
5920  21687.5  0.08
5940  74837.6  0.26
5960  27738.8  0.1
5980  57051.6  0.2
6000  39525.4  0.14
6020  39586.6  0.14
6040  106270  0.36
6060  46172.7  0.16
6080  70485.3  0.24
6100  40239.6  0.14
6120  28090.6  0.1
6140  40317.5  0.14
6160  34388.5  0.12
6180  28213.2  0.1
6200  65498.3  0.22
6220  34627.2  0.12
6240  41183.6  0.14
6260  34980.6  0.12
6280  91591  0.3
6300  123188  0.4
6320  35152.5  0.12
6340  41658.7  0.14
6360  105298  0.34
6380  112106  0.36
6400  80426.7  0.26
6420  48337.2  0.16
6440  94050.5  0.3
6460  81550.4  0.26
6480  60815.6  0.2
6500  23185.7  0.08
6520  68723.3  0.22
6540  81955.5  0.26
6560  95361.2  0.3
6580  108713  0.34
6600  69930.1  0.22
6620  39530.8  0.12
6640  109843  0.34
6660  123474  0.38
6680  83823.9  0.26
6700  57175.3  0.18
6720  84173.3  0.26
6740  70938.3  0.22
6760  56698.5  0.18
6780  78421.7  0.24
6800  43922.8  0.14
6820  35760.5  0.12
6840  126415  0.38
6860  64166.9  0.2
6880  79486.9  0.24
6900  51413.2  0.16
6920  128196  0.38
6940  57254.1  0.18
6960  80111.3  0.24
6980  45623.7  0.14
7000  129584  0.38
7020  68330.7  0.2
7040  144049  0.42
7060  123437  0.36
7080  109546  0.32
7100  88768.2  0.26
7120  110565  0.32
7140  68021.7  0.2
7160  61002.7  0.18
7180  125624  0.36
7200  75629.3  0.22
7220  54075.9  0.16
7240  75929.2  0.22
7260  39996.6  0.12
7280  141913  0.4
7300  58731.1  0.18
7320  15049.2  0.06
7340  99163.6  0.28
7360  69886.7  0.2
7380  69960.4  0.2
7400  92523.1  0.26
7420  48910.2  0.14
7440  100388  0.28
7460  25208.9  0.08
7480  39704.6  0.12
7500  25388  0.08
7520  85770.9  0.24
7540  131853  0.36
7560  56590.4  0.16
7580  22979.3  0.08
7600  56016.2  0.16
7620  110423  0.3
7640  110391  0.3
7660  125988  0.34
7680  70614.1  0.2
7700  119007  0.32
7720  95340.6  0.26
7740  31921.3  0.1
7760  89086.8  0.24
7780  51842.2  0.14
7800  136168  0.36
7820  21146.6  0.06
7840  97823.6  0.26
7860  66565.9  0.18
7880  50329.1  0.14
7900  16392.4  0.06
7920  71583  0.2
7940  90864  0.24
7960  99316.2  0.26
7980  99559.6  0.26
8000  70689.4  0.18
8020  107761  0.28
8040  28173.3  0.08
8060  27782.3  0.08
8080  52089.1  0.14
8100  117022  0.3
8120  131529  0.34
8140  52425.4  0.14
8160  36578.3  0.1
8180  45866.5  0.12
8200  51956  0.14
8220  102217  0.26
8240  61289.4  0.16
8260  61415.5  0.16
8280  61487.1  0.16
8300  61800.9  0.16
8320  53461.8  0.14
8340  87179.6  0.22
8360  103930  0.26
8380  96026.6  0.24
8400  104459  0.26
8420  54173.7  0.14
8440  46084.4  0.12
8460  61952.7  0.16
8480  94901.6  0.24
8500  35602.8  0.1
8520  114391  0.28
8540  114647  0.28
8560  123193  0.3
8580  45651.2  0.12
8600  45051.2  0.12
8620  59875.9  0.14
8640  98751.1  0.24
8660  54144.5  0.14
8680  99253.3  0.24
8700  39611.9  0.1
8720  73682.5  0.18
8740  56112.1  0.14
8760  64893.2  0.16
8780  48631.5  0.12
8800  47962.4  0.12
8820  118413  0.28
8840  92034.4  0.22
8860  45893.5  0.12
8880  92435.8  0.22
8900  101402  0.24
8920  83907.4  0.2
8940  110705  0.26
8960  102150  0.24
8980  31506.8  0.08
9000  16762.2  0.04
9020  44234.4  0.1
9040  93975.1  0.22
9060  49359.6  0.12
9080  103457  0.24
9100  22399.3  0.06
9120  85942.4  0.2
9140  55664.4  0.14
9160  47323.6  0.12
9180  49911.9  0.12
9200  57197.5  0.14
9220  86689.6  0.2
9240  48107  0.12
9260  86885.5  0.2
9280  86215  0.2
9300  59889.2  0.14
9320  106229  0.24
9340  115899  0.26
9360  87913.1  0.2
9380  77068.2  0.18
9400  106931  0.24
9420  97701.8  0.22
9440  48718.7  0.12
9460  88808.3  0.2
9480  40738.3  0.1
9500  70754.2  0.16
9520  98892.8  0.22
9540  51334.9  0.12
9560  42052.4  0.1
9580  77065.2  0.18
9600  32739  0.08
9620  118798  0.26
9640  52026.4  0.12
9660  61606.8  0.14
9680  39225.8  0.1
9700  68238.5  0.16
9720  52281.7  0.12
9740  52638  0.12
9760  17379.1  0.04
9780  111143  0.24
9800  44195.8  0.1
9820  80299.1  0.18
9840  112123  0.24
9860  112243  0.24
9880  112454  0.24
9900  92643.6  0.2
9920  122830  0.26
9940  82420  0.18
9960  93231.4  0.2
9980  103196  0.22
10000  73897.9  0.16
10020  40124.7  0.08
10040  114041  0.24
10060  57403.1  0.12
10080  114492  0.24
10100  94394.6  0.2
10120  44301.7  0.1
10140  27860.7  0.06
10160  74630.1  0.16
10180  44599.2  0.1
10200  44638.3  0.1
10220  22560.9  0.06
10240  55211.8  0.12
10260  70405.9  0.14
10280  76193  0.16
10300  17819.7  0.04
10320  65788.6  0.14
10340  55565.2  0.12
10360  66706.1  0.14
10380  66306.7  0.14
10400  55862.8  0.12
10420  45567.3  0.1
10440  17937.2  0.04
10460  66544.8  0.14
10480  56274.2  0.12
10500  51976.2  0.1
10520  56503.6  0.12
10540  56702  0.12
10560  67503  0.14
10580  67581.6  0.14
10600  120218  0.24
10620  57051.8  0.12
10640  57076.5  0.12
10660  120736  0.24
10680  67973.6  0.14
10700  24221.3  0.06
10720  57556.7  0.12
10740  45813.8  0.1
10760  68387  0.14
10780  57726.3  0.12
10800  51540.8  0.1
10820  57915.6  0.12
10840  68705.3  0.14
10860  45712.1  0.1
10880  32444  0.06
10900  47534.1  0.1
10920  36767.2  0.08
10940  54408.6  0.1
10960  32881.9  0.06
10980  36538.4  0.08
11000  58614.4  0.12
11020  58667.7  0.12
11040  48044.9  0.1
11060  18440.8  0.04
11080  88502.3  0.16
11100  48224.2  0.1
11120  26013.4  0.06
11140  29607  0.06
11160  48759.2  0.1
11180  59978.8  0.12
11200  60048.1  0.12
11220  48866.6  0.1
11240  30333.4  0.06
11260  37754.7  0.08
11280  29847  0.06
11300  49138.2  0.1
11320  60420.9  0.12
11340  33275.6  0.06
11360  94601.9  0.18
11380  94721.9  0.18
11400  33384.1  0.06
11420  38081  0.08
11440  18751.4  0.04
11460  49627.7  0.1
11480  49669  0.1
11500  50063.2  0.1
11520  61543  0.12
11540  61581  0.12
11560  61901.9  0.12
11580  61850.2  0.12
11600  59954.3  0.12
11620  50430.9  0.1
11640  28116.8  0.06
11660  62350.9  0.12
11680  18948.6  0.04
11700  38951.2  0.08
11720  45655.1  0.08
11740  50767  0.1
11760  50845.9  0.1
11780  73865.9  0.14
11800  51285.3  0.1
11820  63136.4  0.12
11840  63258.1  0.12
11860  39582.6  0.08
11880  63307.4  0.12
11900  41701.3  0.08
11920  63450.9  0.12
11940  39748.4  0.08
11960  77975.5  0.14
11980  63724.3  0.12
12000  34474.1  0.06
12020  31169.7  0.06
12040  87983.5  0.16
12060  100088  0.18
12080  19271.8  0.04
12100  112441  0.2
12120  83642.3  0.14
12140  39996.5  0.08
12160  52636  0.1
12180  64884.5  0.12
12200  52776.5  0.1
12220  113620  0.2
12240  22863.3  0.04
12260  47352.4  0.08
12280  52993.2  0.1
12300  72751.1  0.12
12320  53149.5  0.1
12340  60542.4  0.1
12360  85350.1  0.14
12380  35162.7  0.06
12400  65725.5  0.12
12420  41337.4  0.08
12440  115578  0.2
12460  61109  0.1
12480  73788.5  0.12
12500  32002.4  0.06
12520  19632.7  0.04
12540  66561.3  0.12
12560  104042  0.18
12580  48195.5  0.08
12600  41704.9  0.08
12620  35594.5  0.06
12640  79489.3  0.14
12660  67023.4  0.12
12680  61906.4  0.1
12700  61967.1  0.1
12720  105400  0.18
12740  67644.7  0.12
12760  49091.2  0.08
12780  42364.1  0.08
12800  42412.5  0.08
12820  144581  0.24
12840  68050.4  0.12
12860  93590.2  0.16
12880  55441.2  0.1
12900  32772.2  0.06
12920  94035.6  0.16
12940  49122.4  0.08
12960  42729.5  0.08
12980  68739.7  0.12
13000  71335.3  0.12
13020  49133  0.08
13040  43069.5  0.08
13060  36397.4  0.06
13080  43085.8  0.08
13100  43337.9  0.08
13120  63845.6  0.1
13140  82220.8  0.14
13160  56455.4  0.1
13180  43487.5  0.08
13200  50784.9  0.08
13220  43637.9  0.08
13240  64525  0.1
13260  56796.7  0.1
13280  30475.4  0.06
13300  36829.3  0.06
13320  27049.6  0.06
13340  30602  0.06
13360  57194.6  0.1
13380  83789.4  0.14
13400  63740.9  0.1
13420  44248.2  0.08
13440  30801.7  0.06
13460  44215.5  0.08
13480  27365.5  0.06
13500  44295.6  0.08
13520  29393.4  0.06
13540  73908.4  0.12
13560  23826.6  0.04
13580  71523.6  0.12
13600  71618.4  0.12
13620  112471  0.18
13640  65817  0.1
13660  23897.6  0.04
13680  44816.1  0.08
13700  20593.7  0.04
13720  30262.2  0.06
13740  52819.5  0.08
13760  86113.3  0.14
13780  52805.1  0.08
13800  113875  0.18
13820  67017.6  0.1
13840  53131.5  0.08
13860  31640.6  0.06
13880  67049.7  0.1
13900  69946.5  0.12
13920  39468.5  0.06
13940  37920.1  0.06
13960  39552.7  0.06
13980  28210.8  0.06
14000  53460.5  0.08
14020  115568  0.18
14040  87730.3  0.14
14060  158330  0.24
14080  32084.3  0.06
14100  62819  0.1
14120  100416  0.16
14140  88752.1  0.14
14160  38263  0.06
14180  131136  0.2
14200  145470  0.22
14220  131497  0.2
14240  57512.5  0.1
14260  44886.3  0.08
14280  132111  0.2
14300  47107.3  0.08
14320  132547  0.2
14340  35353  0.06
14360  132820  0.2
14380  118697  0.18
14400  147565  0.22
14420  31000.4  0.06
14440  32748.1  0.06
14460  54659.6  0.08
14480  54750.4  0.08
14500  90581.4  0.14
14520  88313.9  0.14
14540  55018.8  0.08
14560  55256.2  0.08
14580  49935.6  0.08
14600  55360.4  0.08
14620  119766  0.18
14640  105013  0.16
14660  70179.4  0.1
14680  74600.2  0.12
14700  24652.5  0.04
14720  106641  0.16
14740  121425  0.18
14760  55849.1  0.08
14780  121766  0.18
14800  137026  0.2
14820  137090  0.2
14840  91409  0.14
14860  122381  0.18
14880  32472.1  0.06
14900  46389  0.08
14920  123093  0.18
14940  123129  0.18
14960  123248  0.18
14980  57227.6  0.08
