100  4577.32  1
120  5568.7  0.96
140  6542.31  0.96
160  7778.73  0.96
180  9185.16  0.96
200  9636.13  0.92
220  10016.9  0.88
240  10424.2  0.86
260  10676.9  0.82
280  11428.6  0.82
300  11521  0.78
320  12598.4  0.78
340  13433.1  0.78
360  13953.7  0.78
380  14914.6  0.78
400  15104.1  0.76
420  14870.6  0.72
440  15632.1  0.72
460  15991.4  0.7
480  16409.9  0.68
500  16964.4  0.68
520  17793.6  0.68
540  18038.7  0.66
560  18462.6  0.66
580  19753.8  0.68
600  20360.5  0.68
620  20057.2  0.64
640  19920  0.62
660  19798.6  0.6
680  20281  0.6
700  20817  0.6
720  21416.3  0.6
740  22054.4  0.6
760  22881.9  0.6
780  23310.6  0.6
800  24230.2  0.6
820  23073.3  0.56
840  22824.8  0.54
860  23184.2  0.54
880  23639.3  0.54
900  24225.8  0.54
920  23300.8  0.52
940  23809.5  0.52
960  24641.9  0.52
980  25052.8  0.52
1000  25455.1  0.52
1020  25925.6  0.52
1040  26312.5  0.52
1060  26795  0.52
1080  28469.1  0.54
1100  28842.8  0.54
1120  28374.2  0.52
1140  29092.6  0.52
1160  28343.9  0.5
1180  28957.3  0.5
1200  29461.3  0.5
1220  29789.3  0.5
1240  30177.1  0.5
1260  30452.2  0.5
1280  30923.9  0.5
1300  31606.4  0.5
1320  32006.4  0.5
1340  32580.1  0.5
1360  30306.1  0.46
1380  30643.8  0.46
1400  31078.3  0.46
1420  31652.1  0.46
1440  30744.1  0.44
1460  31326.9  0.44
1480  31663.8  0.44
1500  31971.1  0.44
1520  30891.5  0.42
1540  31410.7  0.42
1560  32738.4  0.42
1580  33269.5  0.42
1600  33540.4  0.42
1620  33997.7  0.42
1640  34497.8  0.42
1660  34784.6  0.42
1680  35062.1  0.42
1700  32274.4  0.38
1720  32580.3  0.38
1740  33245.4  0.38
1760  29941.6  0.34
1780  30209.7  0.34
1800  30643.3  0.34
1820  30926  0.34
1840  31327.3  0.34
1860  29818  0.32
1880  30059.4  0.32
1900  30261.1  0.32
1920  28685.9  0.3
1940  27005  0.28
1960  27619.8  0.28
1980  27793.6  0.28
2000  28053.9  0.28
2020  25982.4  0.26
2040  26117.1  0.26
2060  22297  0.22
2080  30771.3  0.3
2100  31066  0.3
2120  31364.7  0.3
2140  31634.8  0.3
2160  31912.8  0.3
2180  32225.3  0.3
2200  32498  0.3
2220  32703.9  0.3
2240  28517.3  0.26
2260  28753.8  0.26
2280  28961.4  0.26
2300  29175.8  0.26
2320  29455.9  0.26
2340  29714.9  0.26
2360  29926.2  0.26
2380  30197.5  0.26
2400  21685.8  0.18
2420  21802.2  0.18
2440  38162  0.32
2460  33587.9  0.28
2480  32800  0.28
2500  33000.8  0.28
2520  33245.7  0.28
2540  36017.1  0.3
2560  31161.9  0.26
2580  31324.9  0.26
2600  31634.7  0.26
2620  31773.5  0.26
2640  31984.7  0.26
2660  32403.3  0.26
2680  32614.6  0.26
2700  30166.3  0.24
2720  27644.9  0.22
2740  27894.2  0.22
2760  28055.9  0.22
2780  28308.7  0.22
2800  44813.7  0.32
2820  45121.5  0.32
2840  53850.3  0.38
2860  54522.7  0.38
2880  54747.3  0.38
2900  55012.2  0.38
2920  55305.8  0.38
2940  55731.4  0.38
2960  56180.8  0.38
2980  56444.4  0.38
3000  56851.2  0.38
3020  57096.5  0.38
3040  51306.9  0.34
3060  48832.8  0.32
3080  46407.7  0.3
3100  46620.3  0.3
3120  43772.4  0.28
3140  43957.2  0.28
3160  41088.9  0.26
3180  41303.1  0.26
3200  41650.2  0.26
3220  41857.9  0.26
3240  42040.9  0.26
3260  42293.8  0.26
3280  46020.8  0.28
3300  42965.3  0.26
3320  43172.9  0.26
3340  53634.8  0.32
3360  53800.9  0.32
3380  54050.3  0.32
3400  50946.2  0.3
3420  23932.8  0.14
3440  24026.5  0.14
3460  24297.1  0.14
3480  24397.7  0.14
3500  24498.7  0.14
3520  24642.3  0.14
3540  23501.1  0.14
3560  23621.8  0.14
3580  23701.4  0.14
3600  23954.5  0.14
3620  24027.2  0.14
3640  24149.7  0.14
3660  20762.6  0.12
3680  20865.9  0.12
3700  17232  0.1
3720  48295.6  0.26
3740  48690  0.26
3760  48903.9  0.26
3780  49043.8  0.26
3800  49190.6  0.26
3820  49289.3  0.26
3840  49628.9  0.26
3860  49887.3  0.26
3880  50168.3  0.26
3900  50382.2  0.26
3920  50738.5  0.26
3940  50883.5  0.26
3960  58981.1  0.3
3980  59501.3  0.3
4000  55667.7  0.28
4020  55993.1  0.28
4040  56182  0.28
4060  56324.5  0.28
4080  56553.2  0.28
4100  56821.5  0.28
4120  57026.7  0.28
4140  53289.8  0.26
4160  53654.5  0.26
4180  53797  0.26
4200  54025.8  0.26
4220  54292  0.26
4240  54474.3  0.26
4260  54663.2  0.26
4280  50572.1  0.24
4300  50897  0.24
4320  51074.2  0.24
4340  55804.3  0.26
4360  55985.4  0.26
4380  51828.6  0.24
4400  52012.2  0.24
4420  52313.2  0.24
4440  52511.5  0.24
4460  52652.9  0.24
4480  52877.1  0.24
4500  53033.7  0.24
4520  53238.5  0.24
4540  44330.8  0.2
4560  44818.5  0.2
4580  40354.6  0.18
4600  40494.8  0.18
4620  40595.3  0.18
4640  40733.5  0.18
4660  40828.8  0.18
4680  40969  0.18
4700  41205.5  0.18
4720  41345.7  0.18
4740  41444.1  0.18
4760  41795.8  0.18
4780  41896.3  0.18
4800  66076.5  0.28
4820  66245.1  0.28
4840  66559.7  0.28
4860  66843.4  0.28
4880  67069.8  0.28
4900  62369.8  0.26
4920  62538.4  0.26
4940  62751.2  0.26
4960  62966  0.26
4980  63482  0.26
5000  63767.8  0.26
5020  63931.2  0.26
5040  64078.4  0.26
5060  64263.7  0.26
5080  64501.2  0.26
5100  64854  0.26
5120  65022.6  0.26
5140  65308.3  0.26
5160  20477  0.08
5180  20537.9  0.08
5200  20593.6  0.08
5220  20654.5  0.08
5240  20715.4  0.08
5260  20774.3  0.08
5280  19824.5  0.08
5300  19865.5  0.08
5320  19906.5  0.08
5340  19947.5  0.08
5360  19983.3  0.08
5380  20022.2  0.08
5400  20063.2  0.08
5420  20104.2  0.08
5440  20145.2  0.08
5460  20186.1  0.08
5480  20225.1  0.08
5500  20266.1  0.08
5520  20621.4  0.08
5540  20657.2  0.08
5560  20698.2  0.08
5580  20737.1  0.08
5600  20778.1  0.08
5620  20819.1  0.08
5640  20860.1  0.08
5660  20901  0.08
5680  20940  0.08
5700  20981  0.08
5720  21016.8  0.08
5740  21057.8  0.08
5760  21098.7  0.08
5780  21139.7  0.08
5800  21178.7  0.08
5820  21534  0.08
5840  21575  0.08
5860  21615.9  0.08
5880  21656.9  0.08
5900  21690.7  0.08
5920  15759.1  0.06
5940  15800.1  0.06
5960  15841  0.06
5980  15882  0.06
6000  15921  0.06
6020  15961.9  0.06
6040  16002.9  0.06
6060  34032.6  0.12
6080  28009.6  0.1
6100  28050.1  0.1
6120  28090.6  0.1
6140  28131.2  0.1
6160  28171.7  0.1
6180  28213.2  0.1
6200  28389.7  0.1
6220  28430.2  0.1
6240  28677  0.1
6260  28717.6  0.1
6280  28758.1  0.1
6300  28798.6  0.1
6320  28839.2  0.1
6340  29015.7  0.1
6360  29056.2  0.1
6380  92873.2  0.3
6400  93113.9  0.3
6420  93407.8  0.3
6440  93731.7  0.3
6460  94204.9  0.3
6480  94436.3  0.3
6500  94642.5  0.3
6520  94942.9  0.3
6540  95115.2  0.3
6560  95325.2  0.3
6580  95542.8  0.3
6600  96101.3  0.3
6620  96259.3  0.3
6640  96514.4  0.3
6660  96731.9  0.3
6680  97174.8  0.3
6700  97371.8  0.3
6720  97629.1  0.3
6740  98005  0.3
6760  98326.1  0.3
6780  98560.9  0.3
6800  98818.3  0.3
6820  99009.9  0.3
6840  99246.7  0.3
6860  99461.2  0.3
6880  100055  0.3
6900  100246  0.3
6920  100481  0.3
6940  100886  0.3
6960  101050  0.3
6980  101290  0.3
7000  101557  0.3
7020  101890  0.3
7040  102100  0.3
7060  102318  0.3
7080  102550  0.3
7100  103081  0.3
7120  103356  0.3
7140  103719  0.3
7160  103929  0.3
7180  104101  0.3
7200  104401  0.3
7220  104575  0.3
7240  104807  0.3
7260  97755.3  0.28
7280  98274.3  0.28
7300  98651.6  0.28
7320  98867.6  0.28
7340  99107.5  0.28
7360  99323.5  0.28
7380  99484.8  0.28
7400  99628  0.28
7420  100052  0.28
7440  100391  0.28
7460  100589  0.28
7480  100820  0.28
7500  100976  0.28
7520  93894.2  0.26
7540  94124.6  0.26
7560  94412.4  0.26
7580  94553.8  0.26
7600  94748.6  0.26
7620  95129.9  0.26
7640  95283.8  0.26
7660  95470.3  0.26
7680  95683.8  0.26
7700  95988.4  0.26
7720  96344.5  0.26
7740  96486  0.26
7760  96758.9  0.26
7780  97071.3  0.26
7800  97266.1  0.26
7820  97607.3  0.26
7840  97758.5  0.26
7860  97927.1  0.26
7880  98038.1  0.26
7900  98341.5  0.26
7920  90518.3  0.24
7940  90914.1  0.24
7960  91391.6  0.24
7980  91576  0.24
8000  91649.6  0.24
8020  91843.3  0.24
8040  92013.8  0.24
8060  92198.3  0.24
8080  92299.9  0.24
8100  92689.2  0.24
8120  92790.9  0.24
8140  93155.5  0.24
8160  93514.5  0.24
8180  85489.8  0.22
8200  85591.5  0.22
8220  85733  0.22
8240  86039.5  0.22
8260  86196.8  0.22
8280  86298.5  0.22
8300  86679.7  0.22
8320  86758.5  0.22
8340  86899.9  0.22
8360  87211.9  0.22
8380  79162.9  0.2
8400  79273.8  0.2
8420  79375.5  0.2
8440  79546.1  0.2
8460  79647.7  0.2
8480  79897.4  0.2
8500  80135.1  0.2
8520  80309.7  0.2
8540  80411.4  0.2
8560  80513.1  0.2
8580  80895.1  0.2
8600  80996.7  0.2
8620  81075.5  0.2
8640  81493.3  0.2
8660  81663.9  0.2
8680  81772.1  0.2
8700  81868.7  0.2
8720  82039.2  0.2
8740  82140.9  0.2
8760  82251.8  0.2
8780  82746.8  0.2
8800  82848.5  0.2
8820  83121.1  0.2
8840  83222.8  0.2
8860  83393.4  0.2
8880  83489.9  0.2
8900  83600.8  0.2
8920  83907.4  0.2
8940  83986.1  0.2
8960  84087.8  0.2
8980  84360.4  0.2
9000  84742.4  0.2
9020  84853.3  0.2
9040  84955  0.2
9060  85256.4  0.2
9080  85358.1  0.2
9100  85436.8  0.2
9120  85545  0.2
9140  85724.8  0.2
9160  85997.5  0.2
9180  86235.1  0.2
9200  77313.7  0.18
9220  77415.4  0.18
9240  77489  0.18
9260  77590.7  0.18
9280  77770.5  0.18
9300  77872.1  0.18
9320  78280.8  0.18
9340  78455.3  0.18
9360  78557  0.18
9380  78658.6  0.18
9400  78810.3  0.18
9420  78912  0.18
9440  79013.7  0.18
9460  79251.4  0.18
9480  79421.9  0.18
9500  70176.4  0.16
9520  70287.4  0.16
9540  70464.5  0.16
9560  70543.2  0.16
9580  70639.7  0.16
9600  70741.4  0.16
9620  70911.9  0.16
9640  71013.6  0.16
9660  71295.5  0.16
9680  71466.1  0.16
9700  71567.7  0.16
9720  71646.5  0.16
9740  71748.1  0.16
9760  71913.5  0.16
9780  62247.1  0.14
9800  62348.8  0.14
9820  62450.4  0.14
9840  62723.1  0.14
9860  62801.8  0.14
9880  62903.5  0.14
9900  63014.4  0.14
9920  63116.1  0.14
9940  63212.6  0.14
9960  63320.9  0.14
9980  63422.6  0.14
10000  63524.3  0.14
10020  63783.2  0.14
10040  63884.9  0.14
10060  63986.6  0.14
10080  64088.2  0.14
10100  64189.9  0.14
10120  44301.7  0.1
10140  44340.8  0.1
10160  44389.2  0.1
10180  44599.2  0.1
10200  44638.3  0.1
10220  44991.8  0.1
10240  45030.9  0.1
10260  45070  0.1
10280  45113.3  0.1
10300  45152.4  0.1
10320  45191.5  0.1
10340  45230.6  0.1
10360  45440.7  0.1
10380  45479.8  0.1
10400  45528.2  0.1
10420  45567.3  0.1
10440  45606.4  0.1
10460  45640.4  0.1
10480  45679.5  0.1
10500  45718.6  0.1
10520  45928.7  0.1
10540  46291.4  0.1
10560  46330.5  0.1
10580  46369.7  0.1
10600  46408.8  0.1
10620  46447.9  0.1
10640  46481.9  0.1
10660  46530.2  0.1
10680  46569.4  0.1
10700  46779.4  0.1
10720  46818.5  0.1
10740  46857.7  0.1
10760  46896.8  0.1
10780  46945.2  0.1
10800  46984.3  0.1
10820  47018.2  0.1
10840  47057.4  0.1
10860  47581.8  0.1
10880  36679.7  0.08
10900  36718.8  0.08
10920  36767.2  0.08
10940  36806.3  0.08
10960  36845.4  0.08
10980  36879.4  0.08
11000  36918.5  0.08
11020  36957.6  0.08
11040  37006  0.08
11060  37045.1  0.08
11080  37084.2  0.08
11100  37123.3  0.08
11120  37162.5  0.08
11140  37201.6  0.08
11160  37559.2  0.08
11180  37598.3  0.08
11200  37637.4  0.08
11220  37676.5  0.08
11240  37715.6  0.08
11260  37754.7  0.08
11280  37803.1  0.08
11300  37842.2  0.08
11320  37881.3  0.08
11340  37915.3  0.08
11360  37954.4  0.08
11380  37993.5  0.08
11400  38032.7  0.08
11420  38081  0.08
11440  38120.2  0.08
11460  38159.3  0.08
11480  38512.7  0.08
11500  38551.8  0.08
11520  38585.8  0.08
11540  38634.2  0.08
11560  38673.3  0.08
11580  38712.4  0.08
11600  38751.5  0.08
11620  38790.7  0.08
11640  38829.8  0.08
11660  38878.2  0.08
11680  38917.3  0.08
11700  38951.2  0.08
11720  38990.4  0.08
11740  39029.5  0.08
11760  39068.6  0.08
11780  39107.7  0.08
11800  39470.4  0.08
11820  39509.5  0.08
11840  39548.7  0.08
11860  39582.6  0.08
11880  39621.7  0.08
11900  39660.9  0.08
11920  39709.2  0.08
11940  39748.4  0.08
11960  39787.5  0.08
11980  39826.6  0.08
12000  39865.7  0.08
12020  39904.8  0.08
12040  39948.1  0.08
12060  39987.2  0.08
12080  40026.3  0.08
12100  40065.4  0.08
12120  40418.9  0.08
12140  40458  0.08
12160  40497.1  0.08
12180  40545.5  0.08
12200  40584.6  0.08
12220  40618.6  0.08
12240  40657.7  0.08
12260  40696.8  0.08
12280  40735.9  0.08
12300  40784.3  0.08
12320  40823.4  0.08
12340  40862.5  0.08
12360  40901.6  0.08
12380  40940.8  0.08
12400  40974.7  0.08
12420  41337.4  0.08
12440  41376.6  0.08
12460  41415.7  0.08
12480  41454.8  0.08
12500  41493.9  0.08
12520  41533  0.08
12540  41581.4  0.08
12560  41615.4  0.08
12580  41654.5  0.08
12600  41693.6  0.08
12620  41732.7  0.08
12640  41771.8  0.08
12660  41811  0.08
12680  41859.3  0.08
12700  41898.4  0.08
12720  41937.6  0.08
12740  42285.9  0.08
12760  42325  0.08
12780  42364.1  0.08
12800  42412.5  0.08
12820  42451.6  0.08
12840  42490.7  0.08
12860  42529.8  0.08
12880  42569  0.08
12900  42608.1  0.08
12920  42651.3  0.08
12940  42690.4  0.08
12960  42729.5  0.08
12980  42768.7  0.08
13000  42807.8  0.08
13020  29958.6  0.06
13040  29997.8  0.06
13060  30046.1  0.06
13080  30085.2  0.06
13100  30119.2  0.06
13120  30158.3  0.06
13140  30197.4  0.06
13160  30236.6  0.06
13180  30284.9  0.06
13200  30324.1  0.06
13220  30363.2  0.06
13240  30402.3  0.06
13260  30441.4  0.06
13280  30475.4  0.06
13300  30523.8  0.06
13320  30562.9  0.06
13340  30602  0.06
13360  30641.1  0.06
13380  30680.2  0.06
13400  30719.3  0.06
13420  30758.4  0.06
13440  30801.7  0.06
13460  30840.8  0.06
13480  30879.9  0.06
13500  30919  0.06
13520  30958.1  0.06
13540  30997.3  0.06
13560  31045.6  0.06
13580  31084.8  0.06
13600  31123.9  0.06
13620  31157.8  0.06
13640  31197  0.06
13660  31236.1  0.06
13680  31284.5  0.06
13700  31323.6  0.06
13720  31362.7  0.06
13740  31401.8  0.06
13760  99859.5  0.16
13780  99991.2  0.16
13800  100066  0.16
13820  100286  0.16
13840  100414  0.16
13860  100709  0.16
13880  100838  0.16
13900  100921  0.16
13920  101050  0.16
13940  101269  0.16
13960  101349  0.16
13980  101433  0.16
14000  101556  0.16
14020  101645  0.16
14040  101768  0.16
14060  60077.4  0.1
14080  60200.6  0.1
14100  60241.1  0.1
14120  60364.4  0.1
14140  60404.9  0.1
14160  116895  0.18
14180  116956  0.18
14200  117100  0.18
14220  117297  0.18
14240  117553  0.18
14260  117618  0.18
14280  117931  0.18
14300  118035  0.18
14320  118131  0.18
14340  118346  0.18
14360  118562  0.18
14380  104276  0.16
14400  104377  0.16
14420  104481  0.16
14440  104582  0.16
14460  104687  0.16
14480  104788  0.16
14500  105234  0.16
14520  105335  0.16
14540  105439  0.16
14560  105540  0.16
14580  105601  0.16
14600  105745  0.16
14620  105942  0.16
14640  106086  0.16
14660  91487.3  0.14
14680  91605.4  0.14
14700  91857.4  0.14
14720  91980.6  0.14
14740  92021.1  0.14
14760  92280.3  0.14
14780  92320.9  0.14
14800  92444.1  0.14
14820  92484.6  0.14
14840  92564.9  0.14
14860  92643.2  0.14
14880  92723.5  0.14
14900  92942.9  0.14
14920  93234.7  0.14
14940  93318.1  0.14
14960  93398.4  0.14
14980  93481.9  0.14
