100  4577.32  1
120  5689.14  0.98
140  6681.28  0.98
160  7936.23  0.98
180  9361.19  0.98
200  9998.58  0.96
220  10397.9  0.92
240  10982.3  0.9
260  11253.5  0.86
280  12023.7  0.86
300  12428.3  0.84
320  13566.2  0.84
340  14395.9  0.84
360  14935  0.84
380  15913.3  0.84
400  15803.6  0.8
420  15627.8  0.76
440  16407.2  0.76
460  17408.1  0.76
480  17839.5  0.74
500  18412.5  0.74
520  19602.5  0.74
540  19866.1  0.72
560  20308.6  0.72
580  21043.9  0.72
600  21650.5  0.72
620  21347.3  0.68
640  21210.1  0.66
660  21088.7  0.64
680  21571  0.64
700  22107  0.64
720  22706.3  0.64
740  23344.5  0.64
760  24474.7  0.64
780  24903.3  0.64
800  24914.9  0.62
820  23757.9  0.58
840  23509.5  0.56
860  24211.2  0.56
880  24666.2  0.56
900  25252.8  0.56
920  24327.8  0.54
940  24836.5  0.54
960  25668.9  0.54
980  26079.8  0.54
1000  26482.1  0.54
1020  26952.6  0.54
1040  27339.5  0.54
1060  27822  0.54
1080  30570  0.58
1100  30986.6  0.58
1120  31728.8  0.58
1140  32490.1  0.58
1160  31741.5  0.56
1180  32354.9  0.56
1200  33244.1  0.56
1220  33572.1  0.56
1240  34002.9  0.56
1260  34278  0.56
1280  34792.6  0.56
1300  35475.1  0.56
1320  35918  0.56
1340  36491.8  0.56
1360  34260.7  0.52
1380  34901.1  0.52
1400  35378.6  0.52
1420  35950.6  0.52
1440  35087.3  0.5
1460  35670.1  0.5
1480  36007  0.5
1500  36357.3  0.5
1520  35277.7  0.48
1540  35839.9  0.48
1560  37509.9  0.48
1580  38083.9  0.48
1600  38354.8  0.48
1620  38855.1  0.48
1640  39355.2  0.48
1660  39684.9  0.48
1680  40265.2  0.48
1700  37520.4  0.44
1720  37826.3  0.44
1740  38534.3  0.44
1760  35230.5  0.4
1780  35498.7  0.4
1800  35975.2  0.4
1820  36257.9  0.4
1840  36702.2  0.4
1860  35192.9  0.38
1880  35477.2  0.38
1900  36021.3  0.38
1920  32556.1  0.34
1940  29059  0.3
1960  29673.8  0.3
1980  29847.6  0.3
2000  30107.9  0.3
2020  25982.4  0.26
2040  26117.1  0.26
2060  22297  0.22
2080  30771.3  0.3
2100  31066  0.3
2120  31364.7  0.3
2140  31634.8  0.3
2160  31912.8  0.3
2180  32225.3  0.3
2200  32498  0.3
2220  32703.9  0.3
2240  30717.7  0.28
2260  30954.3  0.28
2280  31161.9  0.28
2300  31376.3  0.28
2320  31656.4  0.28
2340  31915.3  0.28
2360  32440.9  0.28
2380  32712.2  0.28
2400  24082.1  0.2
2420  24198.6  0.2
2440  38162  0.32
2460  33587.9  0.28
2480  32800  0.28
2500  33000.8  0.28
2520  33245.7  0.28
2540  36017.1  0.3
2560  31161.9  0.26
2580  31324.9  0.26
2600  31634.7  0.26
2620  31773.5  0.26
2640  31984.7  0.26
2660  32403.3  0.26
2680  32614.6  0.26
2700  30166.3  0.24
2720  27644.9  0.22
2740  27894.2  0.22
2760  28055.9  0.22
2780  28308.7  0.22
2800  44813.7  0.32
2820  45121.5  0.32
2840  59377.7  0.42
2860  60107.4  0.42
2880  60380.3  0.42
2900  60645.2  0.42
2920  61329.4  0.42
2940  61754.9  0.42
2960  62204.4  0.42
2980  62516.2  0.42
3000  62923  0.42
3020  63216.6  0.42
3040  57361.6  0.38
3060  54952.9  0.36
3080  52576  0.34
3100  52788.5  0.34
3120  49988.9  0.32
3140  50173.7  0.32
3160  44169.9  0.28
3180  44384.1  0.28
3200  44731.2  0.28
3220  44938.9  0.28
3240  45121.9  0.28
3260  45717.1  0.28
3280  49444.1  0.3
3300  46388.7  0.28
3320  46596.3  0.28
3340  57058.1  0.34
3360  57224.2  0.34
3380  57473.7  0.34
3400  54369.5  0.32
3420  27356.1  0.16
3440  27449.8  0.16
3460  27720.5  0.16
3480  27821.1  0.16
3500  27922  0.16
3520  28065.6  0.16
3540  23501.1  0.14
3560  23621.8  0.14
3580  23701.4  0.14
3600  23954.5  0.14
3620  24027.2  0.14
3640  24149.7  0.14
3660  20762.6  0.12
3680  20865.9  0.12
3700  17232  0.1
3720  48295.6  0.26
3740  48690  0.26
3760  48903.9  0.26
3780  49043.8  0.26
3800  49190.6  0.26
3820  49289.3  0.26
3840  49628.9  0.26
3860  49887.3  0.26
3880  50168.3  0.26
3900  50382.2  0.26
3920  50738.5  0.26
3940  50883.5  0.26
3960  58981.1  0.3
3980  59501.3  0.3
4000  55667.7  0.28
4020  55993.1  0.28
4040  56182  0.28
4060  56324.5  0.28
4080  56553.2  0.28
4100  56821.5  0.28
4120  57026.7  0.28
4140  53289.8  0.26
4160  53654.5  0.26
4180  53797  0.26
4200  54025.8  0.26
4220  54292  0.26
4240  54474.3  0.26
4260  54663.2  0.26
4280  50572.1  0.24
4300  50897  0.24
4320  51074.2  0.24
4340  60154.8  0.28
4360  60336  0.28
4380  56179.1  0.26
4400  56362.8  0.26
4420  56775.3  0.26
4440  56973.6  0.26
4460  57115  0.26
4480  57339.2  0.26
4500  57495.8  0.26
4520  57812.1  0.26
4540  44330.8  0.2
4560  44818.5  0.2
4580  40354.6  0.18
4600  40494.8  0.18
4620  40595.3  0.18
4640  40733.5  0.18
4660  40828.8  0.18
4680  40969  0.18
4700  41205.5  0.18
4720  41345.7  0.18
4740  41444.1  0.18
4760  41795.8  0.18
4780  41896.3  0.18
4800  70873.3  0.3
4820  71041.9  0.3
4840  71356.5  0.3
4860  71751.7  0.3
4880  71978.1  0.3
4900  67278.1  0.28
4920  67446.7  0.28
4940  67659.5  0.28
4960  67874.3  0.28
4980  68501.9  0.28
5000  68787.6  0.28
5020  68951.1  0.28
5040  69098.3  0.28
5060  69283.5  0.28
5080  69632.6  0.28
5100  69985.4  0.28
5120  70154  0.28
5140  70439.7  0.28
5160  20477  0.08
5180  20537.9  0.08
5200  20593.6  0.08
5220  20654.5  0.08
5240  20715.4  0.08
5260  20774.3  0.08
5280  19824.5  0.08
5300  19865.5  0.08
5320  19906.5  0.08
5340  19947.5  0.08
5360  19983.3  0.08
5380  20022.2  0.08
5400  20063.2  0.08
5420  20104.2  0.08
5440  20145.2  0.08
5460  20186.1  0.08
5480  20225.1  0.08
5500  20266.1  0.08
5520  20621.4  0.08
5540  20657.2  0.08
5560  20698.2  0.08
5580  20737.1  0.08
5600  20778.1  0.08
5620  20819.1  0.08
5640  20860.1  0.08
5660  20901  0.08
5680  20940  0.08
5700  20981  0.08
5720  21016.8  0.08
5740  21057.8  0.08
5760  21098.7  0.08
5780  21139.7  0.08
5800  21178.7  0.08
5820  21534  0.08
5840  21575  0.08
5860  21615.9  0.08
5880  21656.9  0.08
5900  21690.7  0.08
5920  15759.1  0.06
5940  15800.1  0.06
5960  15841  0.06
5980  15882  0.06
6000  15921  0.06
6020  15961.9  0.06
6040  16002.9  0.06
6060  34032.6  0.12
6080  28009.6  0.1
6100  28050.1  0.1
6120  28090.6  0.1
6140  28131.2  0.1
6160  28171.7  0.1
6180  28213.2  0.1
6200  28389.7  0.1
6220  28430.2  0.1
6240  28677  0.1
6260  28717.6  0.1
6280  28758.1  0.1
6300  28798.6  0.1
6320  28839.2  0.1
6340  29015.7  0.1
6360  29056.2  0.1
6380  99231.7  0.32
6400  99472.4  0.32
6420  99877.8  0.32
6440  100202  0.32
6460  100675  0.32
6480  100906  0.32
6500  101113  0.32
6520  101413  0.32
6540  101697  0.32
6560  101907  0.32
6580  102124  0.32
6600  102683  0.32
6620  102841  0.32
6640  103207  0.32
6660  103425  0.32
6680  103868  0.32
6700  104065  0.32
6720  104322  0.32
6740  104698  0.32
6760  105131  0.32
6780  105366  0.32
6800  105623  0.32
6820  105815  0.32
6840  106051  0.32
6860  106266  0.32
6880  106971  0.32
6900  107162  0.32
6920  107397  0.32
6940  107803  0.32
6960  107966  0.32
6980  108318  0.32
7000  108585  0.32
7020  108917  0.32
7040  109128  0.32
7060  109346  0.32
7080  109578  0.32
7100  110221  0.32
7120  110495  0.32
7140  110858  0.32
7160  111068  0.32
7180  111240  0.32
7200  111652  0.32
7220  111826  0.32
7240  112058  0.32
7260  97755.3  0.28
7280  98274.3  0.28
7300  98651.6  0.28
7320  98867.6  0.28
7340  99107.5  0.28
7360  99323.5  0.28
7380  99484.8  0.28
7400  99628  0.28
7420  100052  0.28
7440  100391  0.28
7460  100589  0.28
7480  100820  0.28
7500  100976  0.28
7520  93894.2  0.26
7540  94124.6  0.26
7560  94412.4  0.26
7580  94553.8  0.26
7600  94748.6  0.26
7620  95129.9  0.26
7640  95283.8  0.26
7660  95470.3  0.26
7680  95683.8  0.26
7700  95988.4  0.26
7720  96344.5  0.26
7740  96486  0.26
7760  96758.9  0.26
7780  97071.3  0.26
7800  97266.1  0.26
7820  97607.3  0.26
7840  97758.5  0.26
7860  97927.1  0.26
7880  98038.1  0.26
7900  98341.5  0.26
7920  90518.3  0.24
7940  90914.1  0.24
7960  91391.6  0.24
7980  91576  0.24
8000  91649.6  0.24
8020  91843.3  0.24
8040  92013.8  0.24
8060  92198.3  0.24
8080  92299.9  0.24
8100  92689.2  0.24
8120  92790.9  0.24
8140  93155.5  0.24
8160  93514.5  0.24
8180  85489.8  0.22
8200  85591.5  0.22
8220  85733  0.22
8240  86039.5  0.22
8260  86196.8  0.22
8280  86298.5  0.22
8300  86679.7  0.22
8320  86758.5  0.22
8340  86899.9  0.22
8360  87211.9  0.22
8380  79162.9  0.2
8400  79273.8  0.2
8420  79375.5  0.2
8440  79546.1  0.2
8460  79647.7  0.2
8480  79897.4  0.2
8500  80135.1  0.2
8520  80309.7  0.2
8540  80411.4  0.2
8560  80513.1  0.2
8580  80895.1  0.2
8600  80996.7  0.2
8620  81075.5  0.2
8640  81493.3  0.2
8660  81663.9  0.2
8680  81772.1  0.2
8700  81868.7  0.2
8720  82039.2  0.2
8740  82140.9  0.2
8760  82251.8  0.2
8780  82746.8  0.2
8800  82848.5  0.2
8820  83121.1  0.2
8840  83222.8  0.2
8860  83393.4  0.2
8880  83489.9  0.2
8900  83600.8  0.2
8920  83907.4  0.2
8940  83986.1  0.2
8960  84087.8  0.2
8980  84360.4  0.2
9000  84742.4  0.2
9020  84853.3  0.2
9040  84955  0.2
9060  85256.4  0.2
9080  85358.1  0.2
9100  85436.8  0.2
9120  85545  0.2
9140  85724.8  0.2
9160  85997.5  0.2
9180  86235.1  0.2
9200  77313.7  0.18
9220  77415.4  0.18
9240  77489  0.18
9260  77590.7  0.18
9280  77770.5  0.18
9300  77872.1  0.18
9320  78280.8  0.18
9340  78455.3  0.18
9360  78557  0.18
9380  78658.6  0.18
9400  78810.3  0.18
9420  78912  0.18
9440  79013.7  0.18
9460  79251.4  0.18
9480  79421.9  0.18
9500  70176.4  0.16
9520  70287.4  0.16
9540  70464.5  0.16
9560  70543.2  0.16
9580  70639.7  0.16
9600  70741.4  0.16
9620  70911.9  0.16
9640  71013.6  0.16
9660  71295.5  0.16
9680  71466.1  0.16
9700  71567.7  0.16
9720  71646.5  0.16
9740  71748.1  0.16
9760  71913.5  0.16
9780  62247.1  0.14
9800  62348.8  0.14
9820  62450.4  0.14
9840  62723.1  0.14
9860  62801.8  0.14
9880  62903.5  0.14
9900  63014.4  0.14
9920  63116.1  0.14
9940  63212.6  0.14
9960  63320.9  0.14
9980  63422.6  0.14
10000  63524.3  0.14
10020  63783.2  0.14
10040  63884.9  0.14
10060  63986.6  0.14
10080  64088.2  0.14
10100  64189.9  0.14
10120  44301.7  0.1
10140  44340.8  0.1
10160  44389.2  0.1
10180  44599.2  0.1
10200  44638.3  0.1
10220  44991.8  0.1
10240  45030.9  0.1
10260  45070  0.1
10280  45113.3  0.1
10300  45152.4  0.1
10320  45191.5  0.1
10340  45230.6  0.1
10360  45440.7  0.1
10380  45479.8  0.1
10400  45528.2  0.1
10420  45567.3  0.1
10440  45606.4  0.1
10460  45640.4  0.1
10480  45679.5  0.1
10500  45718.6  0.1
10520  45928.7  0.1
10540  46291.4  0.1
10560  46330.5  0.1
10580  46369.7  0.1
10600  46408.8  0.1
10620  46447.9  0.1
10640  46481.9  0.1
10660  46530.2  0.1
10680  46569.4  0.1
10700  46779.4  0.1
10720  46818.5  0.1
10740  46857.7  0.1
10760  46896.8  0.1
10780  46945.2  0.1
10800  46984.3  0.1
10820  47018.2  0.1
10840  47057.4  0.1
10860  47581.8  0.1
10880  36679.7  0.08
10900  36718.8  0.08
10920  36767.2  0.08
10940  36806.3  0.08
10960  36845.4  0.08
10980  36879.4  0.08
11000  36918.5  0.08
11020  36957.6  0.08
11040  37006  0.08
11060  37045.1  0.08
11080  37084.2  0.08
11100  37123.3  0.08
11120  37162.5  0.08
11140  37201.6  0.08
11160  37559.2  0.08
11180  37598.3  0.08
11200  37637.4  0.08
11220  37676.5  0.08
11240  37715.6  0.08
11260  37754.7  0.08
11280  37803.1  0.08
11300  37842.2  0.08
11320  37881.3  0.08
11340  37915.3  0.08
11360  37954.4  0.08
11380  37993.5  0.08
11400  38032.7  0.08
11420  38081  0.08
11440  38120.2  0.08
11460  38159.3  0.08
11480  38512.7  0.08
11500  38551.8  0.08
11520  38585.8  0.08
11540  38634.2  0.08
11560  38673.3  0.08
11580  38712.4  0.08
11600  38751.5  0.08
11620  38790.7  0.08
11640  38829.8  0.08
11660  38878.2  0.08
11680  38917.3  0.08
11700  38951.2  0.08
11720  38990.4  0.08
11740  39029.5  0.08
11760  39068.6  0.08
11780  39107.7  0.08
11800  39470.4  0.08
11820  39509.5  0.08
11840  39548.7  0.08
11860  39582.6  0.08
11880  39621.7  0.08
11900  39660.9  0.08
11920  39709.2  0.08
11940  39748.4  0.08
11960  39787.5  0.08
11980  39826.6  0.08
12000  39865.7  0.08
12020  39904.8  0.08
12040  39948.1  0.08
12060  39987.2  0.08
12080  40026.3  0.08
12100  40065.4  0.08
12120  40418.9  0.08
12140  40458  0.08
12160  40497.1  0.08
12180  40545.5  0.08
12200  40584.6  0.08
12220  40618.6  0.08
12240  40657.7  0.08
12260  40696.8  0.08
12280  40735.9  0.08
12300  40784.3  0.08
12320  40823.4  0.08
12340  40862.5  0.08
12360  40901.6  0.08
12380  40940.8  0.08
12400  40974.7  0.08
12420  41337.4  0.08
12440  41376.6  0.08
12460  41415.7  0.08
12480  41454.8  0.08
12500  41493.9  0.08
12520  41533  0.08
12540  41581.4  0.08
12560  41615.4  0.08
12580  41654.5  0.08
12600  41693.6  0.08
12620  41732.7  0.08
12640  41771.8  0.08
12660  41811  0.08
12680  41859.3  0.08
12700  41898.4  0.08
12720  41937.6  0.08
12740  42285.9  0.08
12760  42325  0.08
12780  42364.1  0.08
12800  42412.5  0.08
12820  42451.6  0.08
12840  42490.7  0.08
12860  42529.8  0.08
12880  42569  0.08
12900  42608.1  0.08
12920  42651.3  0.08
12940  42690.4  0.08
12960  42729.5  0.08
12980  42768.7  0.08
13000  42807.8  0.08
13020  29958.6  0.06
13040  29997.8  0.06
13060  30046.1  0.06
13080  30085.2  0.06
13100  30119.2  0.06
13120  30158.3  0.06
13140  30197.4  0.06
13160  30236.6  0.06
13180  30284.9  0.06
13200  30324.1  0.06
13220  30363.2  0.06
13240  30402.3  0.06
13260  30441.4  0.06
13280  30475.4  0.06
13300  30523.8  0.06
13320  30562.9  0.06
13340  30602  0.06
13360  30641.1  0.06
13380  30680.2  0.06
13400  30719.3  0.06
13420  30758.4  0.06
13440  30801.7  0.06
13460  30840.8  0.06
13480  30879.9  0.06
13500  30919  0.06
13520  30958.1  0.06
13540  30997.3  0.06
13560  31045.6  0.06
13580  31084.8  0.06
13600  31123.9  0.06
13620  31157.8  0.06
13640  31197  0.06
13660  31236.1  0.06
13680  31284.5  0.06
13700  31323.6  0.06
13720  31362.7  0.06
13740  31401.8  0.06
13760  113559  0.18
13780  113691  0.18
13800  113766  0.18
13820  114226  0.18
13840  114354  0.18
13860  114649  0.18
13880  114777  0.18
13900  114861  0.18
13920  114989  0.18
13940  115209  0.18
13960  115289  0.18
13980  115373  0.18
14000  115496  0.18
14020  115585  0.18
14040  115708  0.18
14060  74257.4  0.12
14080  74380.7  0.12
14100  74421.2  0.12
14120  74544.4  0.12
14140  74584.9  0.12
14160  131075  0.2
14180  131136  0.2
14200  131280  0.2
14220  131478  0.2
14240  131733  0.2
14260  131798  0.2
14280  132111  0.2
14300  132215  0.2
14320  132551  0.2
14340  132767  0.2
14360  132983  0.2
14380  118697  0.18
14400  118798  0.18
14420  118902  0.18
14440  119003  0.18
14460  119107  0.18
14480  119208  0.18
14500  119654  0.18
14520  119755  0.18
14540  119859  0.18
14560  120201  0.18
14580  120262  0.18
14600  120406  0.18
14620  120603  0.18
14640  120747  0.18
14660  106148  0.16
14680  106266  0.16
14700  106518  0.16
14720  106641  0.16
14740  106682  0.16
14760  106941  0.16
14780  106982  0.16
14800  107345  0.16
14820  107386  0.16
14840  107466  0.16
14860  107544  0.16
14880  107625  0.16
14900  107844  0.16
14920  108136  0.16
14940  108219  0.16
14960  108299  0.16
14980  108383  0.16
