100  4577.32  1
120  5809.22  1
140  6821.46  1
160  8095.98  1
180  9541.04  1
200  10398.5  1
220  11289.4  1
240  11933.3  0.98
260  12819.5  0.98
280  13183  0.94
300  13651.8  0.92
320  13720  0.86
340  16081  0.94
360  15977.9  0.9
380  15321.3  0.82
400  17937.7  0.9
420  17847.3  0.86
440  18593.9  0.86
460  19988.5  0.88
480  20990.5  0.88
500  21597.2  0.88
520  21922.1  0.84
540  23055.3  0.84
560  20283.3  0.72
580  23810.9  0.82
600  23284.6  0.78
620  23501.2  0.76
640  24770.3  0.78
660  28053.2  0.86
680  25893.4  0.78
700  26995.2  0.78
720  26596.1  0.76
740  27050.2  0.76
760  25963.6  0.7
780  28056.5  0.72
800  31637.2  0.8
820  26314.8  0.64
840  34285.6  0.82
860  33244.2  0.78
880  27663.7  0.64
900  37276.5  0.84
920  30781.7  0.68
940  36726.1  0.8
960  33150.6  0.7
980  31949.3  0.66
1000  34370.2  0.7
1020  31503.8  0.64
1040  23982.9  0.48
1060  32872.8  0.64
1080  38189.9  0.72
1100  31691.9  0.6
1120  38351.9  0.7
1140  36004.3  0.64
1160  38396.7  0.68
1180  35962.6  0.62
1200  35473  0.6
1220  39560.5  0.66
1240  38360.5  0.64
1260  35078.4  0.56
1280  33172.9  0.54
1300  38942.9  0.62
1320  33149.2  0.52
1340  36747.4  0.56
1360  33285.9  0.5
1380  39943.6  0.58
1400  34570  0.5
1420  30574.2  0.44
1440  42197.3  0.6
1460  32159.6  0.44
1480  51589.1  0.7
1500  47301.6  0.64
1520  33194.6  0.44
1540  42791.3  0.56
1560  45233.5  0.58
1580  41564  0.54
1600  32307.7  0.42
1620  37364.6  0.46
1640  55261.4  0.68
1660  45732.1  0.56
1680  48060.7  0.58
1700  47515.9  0.56
1720  51960.5  0.62
1740  30029.4  0.36
1760  35319  0.4
1780  31785.5  0.36
1800  47908  0.54
1820  40261.2  0.46
1840  57576.1  0.64
1860  44678.5  0.48
1880  36301.5  0.4
1900  44371.3  0.48
1920  43245.1  0.46
1940  48281.5  0.52
1960  39630.2  0.42
1980  41536  0.42
2000  49640.5  0.5
2020  31075.9  0.32
2040  34140.4  0.34
2060  45278.4  0.44
2080  40058  0.4
2100  35122.6  0.34
2120  45437.9  0.44
2140  34201.1  0.34
2160  50181.9  0.48
2180  56187.2  0.52
2200  43622.8  0.4
2220  46533.3  0.42
2240  36605.9  0.34
2260  48062.2  0.44
2280  35438.8  0.32
2300  43058.4  0.38
2320  46939.9  0.42
2340  35145.5  0.3
2360  39316.1  0.34
2380  41447.8  0.36
2400  40278.2  0.34
2420  26939.1  0.24
2440  57446.4  0.48
2460  45678.3  0.38
2480  55771.1  0.46
2500  48068.7  0.4
2520  56869.7  0.46
2540  34508.3  0.28
2560  54455.3  0.44
2580  52129.2  0.42
2600  47046.9  0.36
2620  46040.4  0.36
2640  58539.2  0.46
2660  48469.4  0.38
2680  79202.3  0.6
2700  39914.4  0.3
2720  39461.8  0.3
2740  25281.5  0.2
2760  32154.6  0.24
2780  35460.6  0.26
2800  62093.5  0.46
2820  45964.8  0.34
2840  54025.4  0.4
2860  63744  0.46
2880  43150.1  0.3
2900  45501.1  0.32
2920  48603.7  0.34
2940  45250.1  0.32
2960  77169.2  0.54
2980  71825.3  0.5
3000  52326.4  0.36
3020  26670.5  0.18
3040  33039.9  0.22
3060  76247  0.5
3080  53464.5  0.36
3100  57097.2  0.38
3120  44736.5  0.3
3140  46808.2  0.3
3160  56034.1  0.36
3180  30728.7  0.2
3200  42014.5  0.28
3220  27705.3  0.18
3240  36764.2  0.24
3260  38633  0.24
3280  67457  0.42
3300  36100  0.22
3320  41133.4  0.26
3340  60744.6  0.38
3360  58481.3  0.36
3380  40233.6  0.24
3400  54626  0.34
3420  58637.5  0.36
3440  44501.8  0.26
3460  50804.9  0.3
3480  39054.4  0.24
3500  53781.8  0.32
3520  74094.7  0.44
3540  67137.6  0.38
3560  44100.9  0.26
3580  42542.7  0.24
3600  48643.8  0.28
3620  36350.8  0.22
3640  55698.9  0.32
3660  36456.1  0.2
3680  48342.7  0.28
3700  56916.9  0.32
3720  35834.4  0.2
3740  43382.3  0.24
3760  48491.2  0.26
3780  43087  0.24
3800  28105  0.16
3820  45461.1  0.24
3840  57301.2  0.3
3860  40150.1  0.22
3880  69129.6  0.36
3900  50666.7  0.26
3920  40188.4  0.22
3940  22155.9  0.12
3960  78781.5  0.4
3980  59287.5  0.3
4000  30178.4  0.16
4020  59578  0.3
4040  61915.1  0.32
4060  38620.6  0.2
4080  48333.2  0.24
4100  58995.1  0.3
4120  61051.2  0.3
4140  30501.5  0.16
4160  67837.2  0.34
4180  68047.1  0.34
4200  87575  0.42
4220  92511  0.44
4240  34559.7  0.18
4260  33175.8  0.16
4280  43027.2  0.22
4300  71033  0.34
4320  69783.8  0.34
4340  34534.4  0.16
4360  81278.3  0.38
4380  33170.1  0.16
4400  69649.7  0.32
4420  58302.2  0.28
4440  71552.6  0.34
4460  97241.5  0.44
4480  61189.8  0.28
4500  77683.4  0.36
4520  84105.2  0.38
4540  30661.2  0.14
4560  43706  0.2
4580  48930.3  0.22
4600  48044.1  0.22
4620  42552.4  0.2
4640  36452  0.16
4660  53798.9  0.24
4680  44346.4  0.2
4700  27538.7  0.12
4720  55466.1  0.24
4740  78623.6  0.34
4760  63420.6  0.28
4780  73558.5  0.32
4800  45339.3  0.2
4820  85480.4  0.36
4840  28237.8  0.12
4860  66168.2  0.28
4880  80966  0.34
4900  42203.7  0.18
4920  86397.9  0.36
4940  37516.1  0.16
4960  57699.2  0.24
4980  36724.1  0.16
5000  56442  0.24
5020  47819.5  0.2
5040  23486.3  0.1
5060  44367.3  0.18
5080  58439.9  0.24
5100  59926.9  0.24
5120  83010  0.34
5140  40713.7  0.16
5160  101112  0.4
5180  74985.4  0.3
5200  39520  0.16
5220  64981.5  0.26
5240  44164.7  0.18
5260  38174.5  0.16
5280  49035.1  0.2
5300  26071.2  0.1
5320  58677.5  0.24
5340  39903.9  0.16
5360  94641.1  0.36
5380  49802.9  0.2
5400  40979.2  0.16
5420  61823  0.24
5440  58068.8  0.22
5460  33522.9  0.14
5480  41535.4  0.16
5500  28450.1  0.12
5520  61305.1  0.24
5540  28490  0.12
5560  40979.8  0.16
5580  98292.6  0.36
5600  74460.1  0.28
5620  48697.3  0.18
5640  51196  0.2
5660  117111  0.42
5680  58460.4  0.22
5700  60829.3  0.22
5720  45170.9  0.16
5740  31114.3  0.12
5760  61142.8  0.22
5780  70537.9  0.26
5800  78717  0.28
5820  42976.8  0.16
5840  54427.7  0.2
5860  74080.3  0.26
5880  66390.7  0.24
5900  58742.3  0.2
5920  61990.4  0.22
5940  50647.7  0.18
5960  80777  0.28
5980  69583.5  0.24
6000  81090  0.28
6020  45326.6  0.16
6040  68269  0.24
6060  55315.6  0.2
6080  43577.4  0.16
6100  81765.9  0.28
6120  46363.2  0.16
6140  89326.7  0.3
6160  21453.2  0.08
6180  28619.6  0.1
6200  87953.6  0.3
6220  64509.7  0.22
6240  81314.2  0.26
6260  85061.7  0.28
6280  43063.3  0.14
6300  79310.8  0.26
6320  109450  0.36
6340  22876.9  0.08
6360  54561.7  0.18
6380  33938.6  0.12
6400  64705.7  0.22
6420  24440.7  0.08
6440  49965.6  0.16
6460  67511.8  0.22
6480  65479.8  0.22
6500  45778.4  0.16
6520  101450  0.32
6540  41662.3  0.14
6560  30032.8  0.1
6580  68787.1  0.22
6600  53183.5  0.18
6620  73012.8  0.24
6640  35706.2  0.12
6660  61876.6  0.2
6680  56100.3  0.18
6700  115524  0.36
6720  59616.6  0.18
6740  78780.5  0.24
6760  62820.7  0.2
6780  78453.9  0.24
6800  92415.3  0.28
6820  90971.2  0.28
6840  58140.6  0.18
6860  31956.2  0.1
6880  79550  0.24
6900  50175.5  0.16
6920  118431  0.36
6940  53490.9  0.16
6960  104867  0.32
6980  36261.4  0.12
7000  36513.8  0.12
7020  56544.7  0.18
7040  78307  0.24
7060  58866.3  0.18
7080  53646.8  0.16
7100  35609.7  0.12
7120  61147.8  0.18
7140  45179.6  0.14
7160  97816.1  0.28
7180  125170  0.36
7200  51059.7  0.16
7220  77339.7  0.22
7240  65645.3  0.2
7260  60090.6  0.18
7280  69984.5  0.2
7300  44822.5  0.14
7320  62133.4  0.18
7340  106439  0.3
7360  44626.7  0.14
7380  54199.3  0.16
7400  78503.9  0.22
7420  42618.2  0.12
7440  38995.5  0.12
7460  79683.5  0.22
7480  53646.7  0.16
7500  121803  0.34
7520  48292.8  0.14
7540  94565.1  0.26
7560  77125.2  0.22
7580  43774.2  0.12
7600  78328.4  0.22
7620  92242  0.26
7640  38670.3  0.12
7660  49410.3  0.14
7680  118563  0.32
7700  117354  0.32
7720  94196.3  0.26
7740  34904.8  0.1
7760  97017.5  0.26
7780  120504  0.32
7800  17306.7  0.06
7820  87334.4  0.24
7840  127736  0.34
7860  39204  0.1
7880  113127  0.3
7900  58897.8  0.16
7920  26354.1  0.08
7940  20595.8  0.06
7960  41407.4  0.12
7980  56735.4  0.16
8000  89268  0.24
8020  38843.2  0.1
8040  37582.3  0.1
8060  92063.2  0.24
8080  81260.6  0.22
8100  100891  0.26
8120  49559.2  0.14
8140  55665.2  0.14
8160  30744.9  0.08
8180  58826.9  0.16
8200  101963  0.26
8220  48028.3  0.12
8240  104910  0.26
8260  83906.7  0.22
8280  33199.5  0.08
8300  93105.7  0.24
8320  60565.8  0.16
8340  103631  0.26
8360  64361  0.16
8380  84163.3  0.22
8400  40381.7  0.1
8420  41641.3  0.1
8440  84115.9  0.2
8460  79707.2  0.2
8480  94445.5  0.24
8500  97473.5  0.24
8520  70254  0.18
8540  114628  0.28
8560  46982.1  0.12
8580  16419  0.04
8600  35244.3  0.1
8620  36827.1  0.1
8640  63467.7  0.16
8660  68217.4  0.16
8680  99289.1  0.24
8700  47035.7  0.12
8720  107042  0.26
8740  114517  0.28
8760  106786  0.26
8780  38792.7  0.1
8800  96410.7  0.22
8820  80493.7  0.2
8840  16632.1  0.04
8860  123418  0.28
8880  72853.2  0.18
8900  51920.5  0.12
8920  38317.9  0.1
8940  50775.2  0.12
8960  46230.8  0.12
8980  63371.2  0.16
9000  34773.5  0.08
9020  25722.7  0.06
9040  92965.7  0.22
9060  56171.8  0.14
9080  37083.6  0.1
9100  74626.7  0.18
9120  34828  0.08
9140  120243  0.28
9160  49310.4  0.12
9180  16909.1  0.04
9200  122182  0.28
9220  60104.8  0.14
9240  20106.2  0.06
9260  139904  0.32
9280  40616.6  0.1
9300  66886.8  0.16
9320  44892.5  0.1
9340  115802  0.26
9360  35439.6  0.08
9380  64356.7  0.14
9400  35732.3  0.08
9420  41594.8  0.1
9440  135659  0.3
9460  77938.5  0.18
9480  17153.4  0.04
9500  59959.5  0.14
9520  88065.6  0.2
9540  58163.8  0.14
9560  51803  0.12
9580  134192  0.3
9600  60124.5  0.14
9620  106175  0.24
9640  101720  0.22
9660  61878.5  0.14
9680  46154.5  0.1
9700  71452.4  0.16
9720  76624.6  0.16
9740  59774.9  0.14
9760  40376.3  0.1
9780  30986.3  0.08
9800  110475  0.24
9820  36842.2  0.08
9840  98802.5  0.22
9860  119237  0.26
9880  161852  0.34
9900  54738.5  0.12
9920  24240.9  0.06
9940  27483.9  0.06
9960  82573.2  0.18
9980  46061.1  0.1
10000  67290.9  0.14
10020  17591.2  0.04
10040  47381.6  0.1
10060  85840.6  0.18
10080  90822.4  0.2
10100  55318.5  0.12
10120  111699  0.24
10140  64096.1  0.14
10160  17705.5  0.04
10180  89584  0.18
10200  115588  0.24
10220  60778.5  0.12
10240  39506.4  0.08
10260  123474  0.26
10280  72683.2  0.16
10300  67097.3  0.14
10320  37356.2  0.08
10340  56017.9  0.12
10360  85560.8  0.18
10380  64414.3  0.14
10400  79099.1  0.16
10420  80104  0.16
10440  121931  0.24
10460  53755  0.12
10480  70507.5  0.14
10500  87115.9  0.18
10520  73534  0.16
10540  120038  0.24
10560  56688.1  0.12
10580  65673.5  0.14
10600  32633  0.08
10620  49485.1  0.1
10640  58230.8  0.12
10660  97311.5  0.2
10680  181413  0.36
10700  65309.2  0.14
10720  39378.9  0.08
10740  76057.5  0.16
10760  73677.2  0.14
10780  86185.9  0.16
10800  79371.4  0.16
10820  78765.2  0.16
10840  120930  0.24
10860  75504.7  0.14
10880  50004.5  0.1
10900  43536.6  0.08
10920  110719  0.22
10940  91380.9  0.18
10960  78690  0.16
10980  91204.2  0.18
11000  112612  0.22
11020  89574.1  0.18
11040  117307  0.22
11060  76650  0.14
11080  29404.4  0.06
11100  32755.6  0.06
11120  112474  0.22
11140  51406.1  0.1
11160  39663.3  0.08
11180  62793  0.12
11200  35081.5  0.08
11220  33314.8  0.06
11240  136636  0.26
11260  63399.3  0.12
11280  61765.8  0.12
11300  89069.7  0.16
11320  163776  0.3
11340  66740.3  0.12
11360  137647  0.26
11380  56643.6  0.1
11400  101648  0.18
11420  29907.4  0.06
11440  71417.5  0.14
11460  88531.6  0.16
11480  40800.7  0.08
11500  33569.6  0.06
11520  30203.2  0.06
11540  153491  0.28
11560  69206.9  0.12
11580  53484.1  0.1
11600  22401.2  0.04
11620  68395.6  0.12
11640  33958.9  0.06
11660  22447.5  0.04
11680  123081  0.22
11700  73475  0.14
11720  49045.7  0.1
11740  70730.7  0.14
11760  109976  0.2
11780  30790.1  0.06
11800  27959.8  0.06
11820  19062.9  0.04
11840  47040.3  0.08
11860  22585.3  0.04
11880  22605.9  0.04
11900  98864.2  0.18
11920  45986  0.08
11940  80191.6  0.14
11960  137193  0.24
11980  34268.5  0.06
12000  39755.7  0.08
12020  69660.1  0.12
12040  56765.2  0.1
12060  100040  0.18
12080  43044.9  0.08
12100  122698  0.22
12120  127901  0.22
12140  120897  0.2
12160  77296.7  0.14
12180  80703.2  0.14
12200  111797  0.2
12220  46417.8  0.08
12240  31499.8  0.06
12260  148782  0.26
12280  59412.5  0.1
12300  79101.1  0.14
12320  59659.6  0.1
12340  66649.5  0.12
12360  47340.6  0.08
12380  44167.8  0.08
12400  47329.9  0.08
12420  41039.1  0.08
12440  114900  0.2
12460  111034  0.18
12480  65070.4  0.12
12500  89075.9  0.16
12520  111445  0.18
12540  23088  0.04
12560  114475  0.2
12580  30967.8  0.06
12600  35711.1  0.06
12620  52374.2  0.1
12640  104319  0.18
12660  32344.8  0.06
12680  35739.9  0.06
12700  168045  0.28
12720  166041  0.28
12740  45094  0.08
12760  115071  0.2
12780  97556.7  0.16
12800  77480.5  0.14
12820  119429  0.2
12840  120248  0.2
12860  44411.8  0.08
12880  34248.4  0.06
12900  85594.5  0.14
12920  23356.6  0.04
12940  76442.3  0.12
12960  96923.8  0.16
12980  32926.7  0.06
13000  68534.5  0.12
13020  104307  0.18
13040  32996.1  0.06
13060  49299.5  0.08
13080  120151  0.2
13100  55434  0.1
13120  73337.1  0.12
13140  125605  0.2
13160  79521.6  0.14
13180  20168.9  0.04
13200  66580  0.12
13220  49612.6  0.08
13240  53168.6  0.1
13260  72748.8  0.12
13280  64035.9  0.1
13300  78459.6  0.12
13320  41717.2  0.08
13340  46846.6  0.08
13360  74981.3  0.12
13380  78432.9  0.12
13400  38766.2  0.06
13420  165805  0.26
13440  60380.4  0.1
13460  50570.1  0.08
13480  23765.4  0.04
13500  97797.3  0.16
13520  37216.2  0.06
13540  120336  0.18
13560  76014.1  0.12
13580  39017.4  0.06
13600  140844  0.22
13620  48966.8  0.08
13640  69202.4  0.12
13660  56204.9  0.1
13680  29642.3  0.06
13700  68703.5  0.12
13720  112142  0.18
13740  154681  0.24
13760  80295.6  0.12
13780  124438  0.2
13800  111168  0.18
13820  55584.1  0.1
13840  168820  0.26
13860  140077  0.22
13880  89875.3  0.14
13900  170532  0.26
13920  51620  0.08
13940  141658  0.22
13960  95241.3  0.14
13980  139331  0.2
14000  113967  0.18
14020  24160.6  0.04
14040  59017.9  0.1
14060  95735.4  0.14
14080  92402  0.14
14100  51998.5  0.08
14120  184782  0.28
14140  43551.4  0.08
14160  49170.6  0.08
14180  44983.7  0.08
14200  198927  0.3
14220  80153.2  0.12
14240  199867  0.3
14260  24336.3  0.04
14280  40522.6  0.06
14300  38531.4  0.06
14320  117357  0.18
14340  35380  0.06
14360  87031.8  0.14
14380  53084.6  0.08
14400  24437.2  0.04
14420  24452.1  0.04
14440  134011  0.2
14460  65406.3  0.1
14480  69948.9  0.1
14500  38741.4  0.06
14520  64194.1  0.1
14540  69126.2  0.1
14560  29021.1  0.04
14580  119000  0.18
14600  24575.9  0.04
14620  67263.7  0.1
14640  53647.8  0.08
14660  135236  0.2
14680  93270.8  0.14
14700  151338  0.22
14720  61607.1  0.1
14740  53630.8  0.08
14760  70373.9  0.1
14780  64403  0.1
14800  78526.9  0.12
14820  82565.4  0.12
14840  95377.8  0.14
14860  24768.4  0.04
14880  108125  0.16
14900  122939  0.18
14920  175750  0.24
14940  63495.5  0.1
14960  196575  0.28
14980  105899  0.16
