100  4577.32  1
120  5689.14  0.98
140  6681.28  0.98
160  7936.23  0.98
180  9361.19  0.98
200  9998.58  0.96
220  10621  0.94
240  11205.4  0.92
260  11476.7  0.88
280  12358.4  0.88
300  12763  0.86
320  13900.9  0.86
340  14730.5  0.86
360  15269.6  0.86
380  16248  0.86
400  16725.6  0.84
420  16966.7  0.82
440  17764.8  0.82
460  18330.1  0.8
480  18761.5  0.78
500  19334.5  0.78
520  20636.1  0.78
540  20899.7  0.76
560  21500.8  0.76
580  22236.1  0.76
600  22842.8  0.76
620  23334.9  0.74
640  23197.7  0.72
660  23076.3  0.7
680  23558.6  0.7
700  24094.7  0.7
720  24852.6  0.7
740  25602.3  0.7
760  26732.5  0.7
780  27332.1  0.7
800  26488.9  0.66
820  26052.9  0.64
840  25916  0.62
860  26858.1  0.62
880  27471.7  0.62
900  28058.3  0.62
920  27133.3  0.6
940  27642  0.6
960  28585.9  0.6
980  28996.8  0.6
1000  29399.2  0.6
1020  29869.6  0.6
1040  30415.2  0.6
1060  31009.2  0.6
1080  33757.2  0.64
1100  34414.1  0.64
1120  35156.3  0.64
1140  35917.7  0.64
1160  35169  0.62
1180  35894  0.62
1200  36941.8  0.62
1220  37269.9  0.62
1240  37700.6  0.62
1260  37975.7  0.62
1280  38490.3  0.62
1300  39284.4  0.62
1320  39727.3  0.62
1340  40541.4  0.62
1360  35702.7  0.54
1380  36343.2  0.54
1400  36820.7  0.54
1420  37392.6  0.54
1440  36529.4  0.52
1460  37112.2  0.52
1480  37449.1  0.52
1500  37799.4  0.52
1520  36719.7  0.5
1540  37281.9  0.5
1560  38951.9  0.5
1580  39766.3  0.5
1600  40037.2  0.5
1620  40537.4  0.5
1640  41037.5  0.5
1660  41367.3  0.5
1680  41947.6  0.5
1700  37520.4  0.44
1720  37826.3  0.44
1740  38534.3  0.44
1760  35230.5  0.4
1780  35498.7  0.4
1800  35975.2  0.4
1820  36257.9  0.4
1840  36702.2  0.4
1860  35192.9  0.38
1880  35477.2  0.38
1900  36021.3  0.38
1920  34436.6  0.36
1940  30939.5  0.32
1960  31554.3  0.32
1980  31899.1  0.32
2000  32159.4  0.32
2020  28033.9  0.28
2040  28168.6  0.28
2060  24348.4  0.24
2080  36941.3  0.36
2100  37286.2  0.36
2120  37584.9  0.36
2140  38076  0.36
2160  38512.7  0.36
2180  38825.2  0.36
2200  39148.1  0.36
2220  39353.9  0.36
2240  35195.5  0.32
2260  35432  0.32
2280  35639.6  0.32
2300  36062.8  0.32
2320  36342.9  0.32
2340  36652  0.32
2360  37177.7  0.32
2380  37449  0.32
2400  24082.1  0.2
2420  24198.6  0.2
2440  42999  0.36
2460  36045.6  0.3
2480  35257.7  0.3
2500  35508.7  0.3
2520  35753.6  0.3
2540  36017.1  0.3
2560  31161.9  0.26
2580  31324.9  0.26
2600  31634.7  0.26
2620  31773.5  0.26
2640  31984.7  0.26
2660  32403.3  0.26
2680  32614.6  0.26
2700  30166.3  0.24
2720  30380.2  0.24
2740  30629.5  0.24
2760  30791.2  0.24
2780  31044  0.24
2800  50357.8  0.36
2820  50665.6  0.36
2840  65143  0.46
2860  65872.7  0.46
2880  66145.6  0.46
2900  66460.6  0.46
2920  67144.8  0.46
2940  67620.5  0.46
2960  68069.9  0.46
2980  68381.8  0.46
3000  69009.6  0.46
3020  69303.3  0.46
3040  60421.3  0.4
3060  58012.5  0.38
3080  55635.6  0.36
3100  55898.3  0.36
3120  56197.2  0.36
3140  56501  0.36
3160  50497.1  0.32
3180  50711.4  0.32
3200  51108.6  0.32
3220  51385.2  0.32
3240  51618.3  0.32
3260  52213.5  0.32
3280  55984.1  0.34
3300  52997.4  0.32
3320  53223.5  0.32
3340  67182.4  0.4
3360  67367  0.4
3380  67635  0.4
3400  50424.1  0.3
3420  30775.3  0.18
3440  30869  0.18
3460  31139.6  0.18
3480  31240.2  0.18
3500  31341.2  0.18
3520  31655.7  0.18
3540  27091.1  0.16
3560  27211.9  0.16
3580  27291.5  0.16
3600  27544.6  0.16
3620  27617.3  0.16
3640  27739.8  0.16
3660  24352.6  0.14
3680  24626.9  0.14
3700  20993  0.12
3720  55768.3  0.3
3740  56212.8  0.3
3760  56426.8  0.3
3780  56566.7  0.3
3800  52970.9  0.28
3820  53069.5  0.28
3840  53459.3  0.28
3860  53777.1  0.28
3880  54058.1  0.28
3900  54322.2  0.28
3920  54678.4  0.28
3940  54873.6  0.28
3960  62971.2  0.32
3980  63379.8  0.32
4000  63612.3  0.32
4020  64108.6  0.32
4040  64347.7  0.32
4060  64490.2  0.32
4080  64718.9  0.32
4100  65037.3  0.32
4120  65242.6  0.32
4140  57452.9  0.28
4160  53661.5  0.26
4180  53783.4  0.26
4200  54041.6  0.26
4220  54287.1  0.26
4240  54498.9  0.26
4260  54667.2  0.26
4280  50555.3  0.24
4300  50909.7  0.24
4320  51066.2  0.24
4340  64518.5  0.3
4360  64699.7  0.3
4380  60542.9  0.28
4400  60776.7  0.28
4420  61189.1  0.28
4440  61437.7  0.28
4460  61579  0.28
4480  61803.2  0.28
4500  62010  0.28
4520  62326.3  0.28
4540  44330.8  0.2
4560  44818.5  0.2
4580  40354.6  0.18
4600  40494.8  0.18
4620  40595.3  0.18
4640  40733.5  0.18
4660  40828.8  0.18
4680  40969  0.18
4700  41205.5  0.18
4720  41345.7  0.18
4740  41444.1  0.18
4760  41795.8  0.18
4780  41896.3  0.18
4800  80487.6  0.34
4820  80674.7  0.34
4840  81007.8  0.34
4860  81481  0.34
4880  81726  0.34
4900  77094.6  0.32
4920  77281.8  0.32
4940  77513.1  0.32
4960  77796.6  0.32
4980  78452  0.32
5000  78806.4  0.32
5020  78988.4  0.32
5040  79154.1  0.32
5060  79408.1  0.32
5080  79775.6  0.32
5100  80197.1  0.32
5120  80393.5  0.32
5140  80697.8  0.32
5160  20477  0.08
5180  20537.9  0.08
5200  20593.6  0.08
5220  20654.5  0.08
5240  20715.4  0.08
5260  20774.3  0.08
5280  19824.5  0.08
5300  19865.5  0.08
5320  19906.5  0.08
5340  19947.5  0.08
5360  19983.3  0.08
5380  20022.2  0.08
5400  20063.2  0.08
5420  20104.2  0.08
5440  20145.2  0.08
5460  20186.1  0.08
5480  20225.1  0.08
5500  20266.1  0.08
5520  20621.4  0.08
5540  20657.2  0.08
5560  20698.2  0.08
5580  20737.1  0.08
5600  20778.1  0.08
5620  20819.1  0.08
5640  20860.1  0.08
5660  20901  0.08
5680  20940  0.08
5700  20981  0.08
5720  21016.8  0.08
5740  21057.8  0.08
5760  21098.7  0.08
5780  21139.7  0.08
5800  21178.7  0.08
5820  21534  0.08
5840  21575  0.08
5860  21615.9  0.08
5880  21656.9  0.08
5900  21690.7  0.08
5920  15759.1  0.06
5940  15800.1  0.06
5960  15841  0.06
5980  15882  0.06
6000  15921  0.06
6020  15961.9  0.06
6040  16002.9  0.06
6060  34032.6  0.12
6080  28009.6  0.1
6100  28050.1  0.1
6120  28090.6  0.1
6140  28131.2  0.1
6160  28171.7  0.1
6180  28213.2  0.1
6200  28389.7  0.1
6220  28430.2  0.1
6240  28677  0.1
6260  28717.6  0.1
6280  28758.1  0.1
6300  28798.6  0.1
6320  28839.2  0.1
6340  29015.7  0.1
6360  29056.2  0.1
6380  112091  0.36
6400  112382  0.36
6420  112787  0.36
6440  113111  0.36
6460  113634  0.36
6480  113866  0.36
6500  114122  0.36
6520  114423  0.36
6540  114706  0.36
6560  114967  0.36
6580  115184  0.36
6600  115793  0.36
6620  116191  0.36
6640  116558  0.36
6660  116826  0.36
6680  117268  0.36
6700  117516  0.36
6720  117773  0.36
6740  118149  0.36
6760  111870  0.34
6780  112084  0.34
6800  112371  0.34
6820  112542  0.34
6840  112758  0.34
6860  113243  0.34
6880  113927  0.34
6900  114148  0.34
6920  114362  0.34
6940  114747  0.34
6960  114940  0.34
6980  115271  0.34
7000  115567  0.34
7020  115879  0.34
7040  116090  0.34
7060  116337  0.34
7080  116548  0.34
7100  117461  0.34
7120  117715  0.34
7140  118057  0.34
7160  111172  0.32
7180  111296  0.32
7200  111647  0.32
7220  111772  0.32
7240  112004  0.32
7260  112212  0.32
7280  112752  0.32
7300  113200  0.32
7320  113388  0.32
7340  113889  0.32
7360  114128  0.32
7380  114310  0.32
7400  114524  0.32
7420  114920  0.32
7440  115280  0.32
7460  115500  0.32
7480  115752  0.32
7500  115979  0.32
7520  101345  0.28
7540  101575  0.28
7560  101863  0.28
7580  102245  0.28
7600  102440  0.28
7620  102821  0.28
7640  102975  0.28
7660  103161  0.28
7680  103375  0.28
7700  103679  0.28
7720  104035  0.28
7740  104177  0.28
7760  104450  0.28
7780  104762  0.28
7800  104957  0.28
7820  105538  0.28
7840  105690  0.28
7860  105858  0.28
7880  105969  0.28
7900  106273  0.28
7920  98449.5  0.26
7940  98845.4  0.26
7960  99322.8  0.26
7980  99507.2  0.26
8000  99580.8  0.26
8020  99774.5  0.26
8040  99945  0.26
8060  100370  0.26
8080  100471  0.26
8100  100861  0.26
8120  100962  0.26
8140  101327  0.26
8160  101686  0.26
8180  93661.4  0.24
8200  93763.1  0.24
8220  93904.5  0.24
8240  94211  0.24
8260  94368.3  0.24
8280  94470  0.24
8300  95091.6  0.24
8320  95170.4  0.24
8340  95311.8  0.24
8360  95623.8  0.24
8380  87574.8  0.22
8400  87685.7  0.22
8420  87787.4  0.22
8440  87957.9  0.22
8460  88059.6  0.22
8480  88309.3  0.22
8500  88547  0.22
8520  88721.6  0.22
8540  89063.6  0.22
8560  89165.3  0.22
8580  89547.3  0.22
8600  89649  0.22
8620  89727.7  0.22
8640  90145.6  0.22
8660  90316.1  0.22
8680  90424.4  0.22
8700  90520.9  0.22
8720  90691.4  0.22
8740  90793.1  0.22
8760  90904.1  0.22
8780  91639.4  0.22
8800  91741.1  0.22
8820  92013.7  0.22
8840  92115.4  0.22
8860  92285.9  0.22
8880  92382.5  0.22
8900  92493.4  0.22
8920  92799.9  0.22
8940  92878.6  0.22
8960  92980.3  0.22
8980  93253  0.22
9000  93634.9  0.22
9020  93986.2  0.22
9040  94087.9  0.22
9060  94389.3  0.22
9080  94491  0.22
9100  94569.7  0.22
9120  94677.9  0.22
9140  94857.7  0.22
9160  95130.4  0.22
9180  95368  0.22
9200  86446.6  0.2
9220  86548.3  0.2
9240  86621.9  0.2
9260  86963.9  0.2
9280  87143.7  0.2
9300  87245.4  0.2
9320  87654  0.2
9340  87828.5  0.2
9360  87930.2  0.2
9380  88031.9  0.2
9400  88183.6  0.2
9420  88285.3  0.2
9440  88386.9  0.2
9460  88624.6  0.2
9480  88795.1  0.2
9500  79790  0.18
9520  79900.9  0.18
9540  80078  0.18
9560  80156.8  0.18
9580  80253.3  0.18
9600  80355  0.18
9620  80525.5  0.18
9640  80627.2  0.18
9660  80909.1  0.18
9680  81079.6  0.18
9700  81181.3  0.18
9720  81260.1  0.18
9740  81602.1  0.18
9760  71990.1  0.16
9780  72101  0.16
9800  72202.7  0.16
9820  72304.4  0.16
9840  72577  0.16
9860  72655.7  0.16
9880  72757.4  0.16
9900  72868.4  0.16
9920  72970  0.16
9940  73066.6  0.16
9960  73174.8  0.16
9980  73516.8  0.16
10000  73618.5  0.16
10020  73877.5  0.16
10040  73979.1  0.16
10060  74080.8  0.16
10080  74182.5  0.16
10100  74284.2  0.16
10120  54395.9  0.12
10140  54435  0.12
10160  54483.4  0.12
10180  54693.5  0.12
10200  54732.6  0.12
10220  55326.4  0.12
10240  55365.5  0.12
10260  55404.7  0.12
10280  55447.9  0.12
10300  55487  0.12
10320  55526.1  0.12
10340  55565.2  0.12
10360  55775.3  0.12
10380  55814.4  0.12
10400  55862.8  0.12
10420  55901.9  0.12
10440  55941  0.12
10460  56215.3  0.12
10480  56254.5  0.12
10500  56293.6  0.12
10520  56503.6  0.12
10540  56866.4  0.12
10560  56905.5  0.12
10580  56944.6  0.12
10600  56983.7  0.12
10620  57022.8  0.12
10640  57056.8  0.12
10660  57105.2  0.12
10680  57144.3  0.12
10700  57594.7  0.12
10720  57633.8  0.12
10740  57672.9  0.12
10760  57712.1  0.12
10780  57760.4  0.12
10800  57799.6  0.12
10820  57833.5  0.12
10840  57872.6  0.12
10860  58397.1  0.12
10880  47495  0.1
10900  47534.1  0.1
10920  47582.5  0.1
10940  47861.9  0.1
10960  47901  0.1
10980  47935  0.1
11000  47974.1  0.1
11020  48013.2  0.1
11040  48061.6  0.1
11060  48100.7  0.1
11080  48139.9  0.1
11100  48179  0.1
11120  48218.1  0.1
11140  48257.2  0.1
11160  48614.8  0.1
11180  48894.2  0.1
11200  48933.4  0.1
11220  48972.5  0.1
11240  49011.6  0.1
11260  49050.7  0.1
11280  49099.1  0.1
11300  49138.2  0.1
11320  49177.3  0.1
11340  49211.3  0.1
11360  49250.4  0.1
11380  49289.5  0.1
11400  49328.6  0.1
11420  49617.3  0.1
11440  49656.5  0.1
11460  49695.6  0.1
11480  50049  0.1
11500  50088.2  0.1
11520  50122.1  0.1
11540  50170.5  0.1
11560  50209.6  0.1
11580  50248.7  0.1
11600  50287.9  0.1
11620  50327  0.1
11640  50366.1  0.1
11660  50654.8  0.1
11680  50693.9  0.1
11700  50727.9  0.1
11720  50767  0.1
11740  50806.1  0.1
11760  50845.2  0.1
11780  50884.3  0.1
11800  51247.1  0.1
11820  51286.2  0.1
11840  51325.3  0.1
11860  51359.3  0.1
11880  51398.4  0.1
11900  51677.8  0.1
11920  51726.2  0.1
11940  51765.3  0.1
11960  51804.5  0.1
11980  51843.6  0.1
12000  51882.7  0.1
12020  51921.8  0.1
12040  51965  0.1
12060  52004.2  0.1
12080  52043.3  0.1
12100  52082.4  0.1
12120  52435.9  0.1
12140  52715.3  0.1
12160  52754.4  0.1
12180  52802.8  0.1
12200  52841.9  0.1
12220  52875.9  0.1
12240  52915  0.1
12260  52954.1  0.1
12280  52993.2  0.1
12300  53041.6  0.1
12320  53080.7  0.1
12340  53119.8  0.1
12360  53159  0.1
12380  53438.4  0.1
12400  53472.4  0.1
12420  53835.1  0.1
12440  53874.2  0.1
12460  53913.3  0.1
12480  53952.5  0.1
12500  53991.6  0.1
12520  54030.7  0.1
12540  54079.1  0.1
12560  54113  0.1
12580  54152.2  0.1
12600  54191.3  0.1
12620  54470.7  0.1
12640  54509.8  0.1
12660  54549  0.1
12680  54597.3  0.1
12700  54636.5  0.1
12720  54675.6  0.1
12740  55023.9  0.1
12760  55063  0.1
12780  55102.1  0.1
12800  55150.5  0.1
12820  55189.6  0.1
12840  55228.7  0.1
12860  55508.2  0.1
12880  55547.3  0.1
12900  55586.4  0.1
12920  55629.6  0.1
12940  55668.8  0.1
12960  55707.9  0.1
12980  55747  0.1
13000  55786.1  0.1
13020  29958.6  0.06
13040  29997.8  0.06
13060  30046.1  0.06
13080  30085.2  0.06
13100  30119.2  0.06
13120  30158.3  0.06
13140  30197.4  0.06
13160  30236.6  0.06
13180  30284.9  0.06
13200  30324.1  0.06
13220  30363.2  0.06
13240  30402.3  0.06
13260  30441.4  0.06
13280  30475.4  0.06
13300  30523.8  0.06
13320  30562.9  0.06
13340  30602  0.06
13360  30641.1  0.06
13380  30680.2  0.06
13400  30719.3  0.06
13420  30758.4  0.06
13440  30801.7  0.06
13460  30840.8  0.06
13480  30879.9  0.06
13500  30919  0.06
13520  30958.1  0.06
13540  30997.3  0.06
13560  31045.6  0.06
13580  31084.8  0.06
13600  31123.9  0.06
13620  31157.8  0.06
13640  31197  0.06
13660  31236.1  0.06
13680  31284.5  0.06
13700  31323.6  0.06
13720  31362.7  0.06
13740  31401.8  0.06
13760  127280  0.2
13780  127523  0.2
13800  127598  0.2
13820  128058  0.2
13840  128187  0.2
13860  128481  0.2
13880  128610  0.2
13900  128805  0.2
13920  128934  0.2
13940  129153  0.2
13960  129233  0.2
13980  129317  0.2
14000  129552  0.2
14020  129640  0.2
14040  129764  0.2
14060  74257.4  0.12
14080  74380.7  0.12
14100  74421.2  0.12
14120  74544.4  0.12
14140  74584.9  0.12
14160  131075  0.2
14180  131136  0.2
14200  131280  0.2
14220  131478  0.2
14240  131733  0.2
14260  131798  0.2
14280  132111  0.2
14300  132215  0.2
14320  132551  0.2
14340  132767  0.2
14360  132983  0.2
14380  118697  0.18
14400  118798  0.18
14420  118902  0.18
14440  119003  0.18
14460  119107  0.18
14480  119208  0.18
14500  119654  0.18
14520  119755  0.18
14540  119859  0.18
14560  120201  0.18
14580  120262  0.18
14600  120406  0.18
14620  120603  0.18
14640  120747  0.18
14660  106148  0.16
14680  106266  0.16
14700  106518  0.16
14720  106641  0.16
14740  106682  0.16
14760  106941  0.16
14780  106982  0.16
14800  107345  0.16
14820  107386  0.16
14840  107466  0.16
14860  107544  0.16
14880  107625  0.16
14900  107844  0.16
14920  108136  0.16
14940  108219  0.16
14960  108299  0.16
14980  108383  0.16
