100  3385.65  0.82
120  4942.42  0.76
140  5978.81  0.76
160  6534.25  0.76
180  6928.83  0.74
200  7792.76  0.74
220  7103.04  0.64
240  7840.06  0.66
260  8086.94  0.64
280  8346.13  0.62
300  8803.61  0.62
320  9482.39  0.62
340  10183.1  0.6
360  10453.5  0.56
380  10085.4  0.52
400  10711.1  0.52
420  11090  0.52
440  11561.3  0.52
460  11945.8  0.52
480  12301.6  0.52
500  12228.3  0.5
520  12845.2  0.5
540  13910.3  0.52
560  14007.4  0.5
580  14064.9  0.48
600  14670.8  0.48
620  14973.9  0.48
640  16908  0.52
660  17285.6  0.52
680  18404.4  0.54
700  18723.1  0.54
720  18675.7  0.52
740  17660  0.48
760  16648.2  0.44
780  16223.6  0.42
800  16693.7  0.42
820  17299.1  0.42
840  17798.2  0.42
860  18119.4  0.42
880  18343.7  0.42
900  18967.2  0.42
920  19412  0.42
940  20669  0.44
960  20114.2  0.42
980  20570.8  0.42
1000  22711.2  0.46
1020  23199.3  0.46
1040  23612.2  0.46
1060  24113.4  0.46
1080  23608.4  0.44
1100  23848  0.44
1120  24230  0.44
1140  24702.4  0.44
1160  22962.3  0.4
1180  27385.5  0.46
1200  21670.9  0.36
1220  21890.5  0.36
1240  22336.1  0.36
1260  21281  0.34
1280  21812.9  0.34
1300  20743.1  0.32
1320  18657.2  0.28
1340  18852.8  0.28
1360  20182.4  0.3
1380  24588  0.36
1400  23993.5  0.34
1420  24227.3  0.34
1440  25592.4  0.36
1460  26035.6  0.36
1480  26274.5  0.36
1500  28318.2  0.38
1520  27476  0.36
1540  27642.5  0.36
1560  28166.5  0.36
1580  28324  0.36
1600  30191  0.38
1620  29092.1  0.36
1640  27932.1  0.34
1660  28334.2  0.34
1680  28716.4  0.34
1700  28909.2  0.34
1720  30811.9  0.36
1740  31234  0.36
1760  31584.7  0.36
1780  31900.1  0.36
1800  32484.2  0.36
1820  32884.5  0.36
1840  32477.6  0.36
1860  32711.7  0.36
1880  30967.4  0.34
1900  31635.5  0.34
1920  31943  0.34
1940  32260  0.34
1960  32492.5  0.34
1980  32856  0.34
2000  33094.4  0.34
2020  33232.2  0.34
2040  33998.7  0.34
2060  34197.9  0.34
2080  38336.6  0.38
2100  23903.8  0.24
2120  24311.5  0.24
2140  26573.9  0.26
2160  24747.6  0.24
2180  24895.6  0.24
2200  29365.1  0.28
2220  29556.1  0.28
2240  27474.9  0.26
2260  25609.2  0.24
2280  25970.6  0.24
2300  26134.4  0.24
2320  24044.3  0.22
2340  25654.1  0.22
2360  35226.8  0.3
2380  35361.4  0.3
2400  35803.3  0.3
2420  35941.7  0.3
2440  24473.8  0.2
2460  24599.6  0.2
2480  24724.1  0.2
2500  24920.1  0.2
2520  22771.7  0.18
2540  22850.7  0.18
2560  22975.6  0.18
2580  23355.1  0.18
2600  23414.2  0.18
2620  23507.7  0.18
2640  23572.8  0.18
2660  21074  0.16
2680  21364.6  0.16
2700  21475.2  0.16
2720  21523.2  0.16
2740  21633.8  0.16
2760  21931.9  0.16
2780  22036.4  0.16
2800  22324.6  0.16
2820  38271.1  0.28
2840  38580.5  0.28
2860  38688.6  0.28
2880  38832.8  0.28
2900  39466  0.28
2920  39869.4  0.28
2940  40005.3  0.28
2960  40280.9  0.28
2980  40384.7  0.28
3000  40821.6  0.28
3020  41140.7  0.28
3040  41287  0.28
3060  41431.1  0.28
3080  41580.9  0.28
3100  41862.5  0.28
3120  41960.3  0.28
3140  42385.2  0.28
3160  39693.1  0.26
3180  39886.5  0.26
3200  39990.2  0.26
3220  40134.4  0.26
3240  40882.1  0.26
3260  41016.8  0.26
3280  41168.2  0.26
3300  41264.2  0.26
3320  38250.2  0.24
3340  38347.5  0.24
3360  48845.9  0.3
3380  49010.2  0.3
3400  49429.1  0.3
3420  49566.7  0.3
3440  49774.7  0.3
3460  50110.1  0.3
3480  50546.1  0.3
3500  50819  0.3
3520  50934.1  0.3
3540  51360.3  0.3
3560  51483.6  0.3
3580  51687.8  0.3
3600  52038.2  0.3
3620  52348.3  0.3
3640  52517  0.3
3660  52923.2  0.3
3680  53080.9  0.3
3700  53482  0.3
3720  53840.4  0.3
3740  54007.5  0.3
3760  54524.2  0.3
3780  54688.5  0.3
3800  54844.5  0.3
3820  55028.6  0.3
3840  55421.7  0.3
3860  55541.1  0.3
3880  55873.5  0.3
3900  56001.2  0.3
3920  56686.9  0.3
3940  56806.3  0.3
3960  57433.3  0.3
3980  57594.9  0.3
4000  57709.9  0.3
4020  58049.4  0.3
4040  58184.2  0.3
4060  58574.5  0.3
4080  58738.9  0.3
4100  58916.9  0.3
4120  59074.6  0.3
4140  59456.4  0.3
4160  59977.3  0.3
4180  60396.5  0.3
4200  56547.5  0.28
4220  56155.9  0.28
4240  56330.1  0.28
4260  56452.3  0.28
4280  56653.2  0.28
4300  57023.4  0.28
4320  57220.4  0.28
4340  57342.6  0.28
4360  57739.9  0.28
4380  57901.5  0.28
4400  58282.3  0.28
4420  58701.2  0.28
4440  59064  0.28
4460  59272  0.28
4480  59384.3  0.28
4500  59565.1  0.28
4520  59965.4  0.28
4540  60113.1  0.28
4560  60281.8  0.28
4580  60686.3  0.28
4600  61011.8  0.28
4620  61224.3  0.28
4640  61343.7  0.28
4660  62046.9  0.28
4680  62164.7  0.28
4700  62296.3  0.28
4720  62504.3  0.28
4740  62623.8  0.28
4760  63059.5  0.28
4780  63193.8  0.28
4800  63572.9  0.28
4820  63951  0.28
4840  64132.4  0.28
4860  64285.6  0.28
4880  64452.6  0.28
4900  64799.5  0.28
4920  65238.2  0.28
4940  65401.4  0.28
4960  65554.7  0.28
4980  65968.7  0.28
5000  66079.3  0.28
5020  66514.9  0.28
5040  66859.1  0.28
5060  67071.6  0.28
5080  67179.4  0.28
5100  67338.2  0.28
5120  67517.9  0.28
5140  67876.3  0.28
5160  68088.8  0.28
5180  68466.6  0.28
5200  68671.9  0.28
5220  69018.5  0.28
5240  69410.9  0.28
5260  69801.1  0.28
5280  69957  0.28
5300  70121.3  0.28
5320  64970.6  0.26
5340  65426.3  0.26
5360  65567.5  0.26
5380  65923.2  0.26
5400  66009.6  0.26
5420  66398.3  0.26
5440  66495.7  0.26
5460  67097.7  0.26
5480  67422.1  0.26
5500  67807.2  0.26
5520  67909.9  0.26
5540  62516.4  0.24
5560  62598.4  0.24
5580  62728  0.24
5600  62801.7  0.24
5620  63115.6  0.24
5640  63241.4  0.24
5660  63323.4  0.24
5680  64152.9  0.24
5700  64458.1  0.24
5720  64565.7  0.24
5740  64902.6  0.24
5760  65031.2  0.24
5780  65117  0.24
5800  65242.8  0.24
5820  65306.6  0.24
5840  65391.4  0.24
5860  65756.2  0.24
5880  66055.8  0.24
5900  66181.6  0.24
5920  66951.9  0.24
5940  67080.5  0.24
5960  67162.5  0.24
5980  67292.1  0.24
6000  67629.1  0.24
6020  61638.7  0.22
6040  61702.5  0.22
6060  61832.1  0.22
6080  61914.2  0.22
6100  62451.7  0.22
6120  62577.5  0.22
6140  63096  0.22
6160  63225.6  0.22
6180  63562.2  0.22
6200  63688  0.22
6220  63770  0.22
6240  63877.6  0.22
6260  63966.2  0.22
6280  64092  0.22
6300  64174  0.22
6320  64469.8  0.22
6340  64816.4  0.22
6360  65128.1  0.22
6380  65485.4  0.22
6400  65567.4  0.22
6420  65693.2  0.22
6440  66022.7  0.22
6460  66141.3  0.22
6480  66223.3  0.22
6500  66349.1  0.22
6520  66433.8  0.22
6540  66722.5  0.22
6560  66841.1  0.22
6580  67162.1  0.22
6600  67745.3  0.22
6620  67827.3  0.22
6640  67953.1  0.22
6660  68020.8  0.22
6680  68401.1  0.22
6700  74866.2  0.24
6720  42831.2  0.14
6740  43086.3  0.14
6760  43175.2  0.14
6780  43282  0.14
6800  43323.3  0.14
6820  43408.4  0.14
6840  43681.2  0.14
6860  43846.6  0.14
6880  43876.9  0.14
6900  43961.9  0.14
6920  44003.2  0.14
6940  44164.8  0.14
6960  44423.8  0.14
6980  44497.8  0.14
7000  44539.1  0.14
7020  44656.5  0.14
7040  44741.6  0.14
7060  44786.7  0.14
7080  45103.3  0.14
7100  45209.8  0.14
7120  45294.8  0.14
7140  38280.5  0.12
7160  38445.6  0.12
7180  38486.9  0.12
7200  38560.9  0.12
7220  31405.9  0.1
7240  31447.2  0.1
7260  31536.1  0.1
7280  31577.4  0.1
7300  31882.9  0.1
7320  31924.2  0.1
7340  32009.2  0.1
7360  32054.4  0.1
7380  32139.4  0.1
7400  32180.7  0.1
7420  32254.7  0.1
7440  32299.9  0.1
7460  32384.9  0.1
7480  32426.2  0.1
7500  32467.5  0.1
7520  32541.5  0.1
7540  32818.2  0.1
7560  62301  0.18
7580  62411  0.18
7600  62515.3  0.18
7620  62617  0.18
7640  62725.2  0.18
7660  62785.8  0.18
7680  62939.5  0.18
7700  63386.2  0.18
7720  63496.1  0.18
7740  63593.3  0.18
7760  63885.5  0.18
7780  64041.9  0.18
7800  64102.5  0.18
7820  41047.5  0.12
7840  41099.6  0.12
7860  41203.8  0.12
7880  41267  0.12
7900  41371.2  0.12
7920  41434.3  0.12
7940  41483.7  0.12
7960  41590.6  0.12
7980  41655.5  0.12
8000  41989.5  0.12
8020  42054.4  0.12
8040  41860.1  0.12
8060  41892  0.12
8080  41976.9  0.12
8100  42019.8  0.12
8120  42106.4  0.12
8140  42147.6  0.12
8160  42223.2  0.12
8180  42264.4  0.12
8200  42307.3  0.12
8220  42623.7  0.12
8240  42666.6  0.12
8260  42740.5  0.12
8280  42783.4  0.12
8300  43123.2  0.12
8320  43166.1  0.12
8340  43251.1  0.12
8360  43294  0.12
8380  43367.8  0.12
8400  43410.7  0.12
8420  43451.9  0.12
8440  43538.5  0.12
8460  35397.8  0.1
8480  35473.4  0.1
8500  35514.5  0.1
8520  35601.2  0.1
8540  35644.1  0.1
8560  35729  0.1
8580  35760.9  0.1
8600  35845.8  0.1
8620  35888.7  0.1
8640  35929.8  0.1
8660  36016.5  0.1
8680  36057.6  0.1
8700  36364.8  0.1
8720  36406  0.1
8740  36492.6  0.1
8760  36533.8  0.1
8780  36620.4  0.1
8800  36650.5  0.1
8820  36737.2  0.1
8840  36778.3  0.1
8860  36865  0.1
8880  36906.2  0.1
8900  63232  0.16
8920  63561.5  0.16
8940  63630.4  0.16
8960  63730.1  0.16
8980  63797.3  0.16
9000  63896.9  0.16
9020  64197  0.16
9040  61246.3  0.14
9060  47016  0.12
9080  47102.6  0.12
9100  47143.8  0.12
9120  47175.7  0.12
9140  47260.6  0.12
9160  47535  0.12
9180  47619.9  0.12
9200  47662.8  0.12
9220  47736.7  0.12
9240  47779.6  0.12
9260  48117.8  0.12
9280  38789.2  0.1
9300  38874.1  0.1
9320  38917  0.1
9340  38947.1  0.1
9360  39033.8  0.1
9380  39306.5  0.1
9400  39393.1  0.1
9420  39436  0.1
9440  39509.9  0.1
9460  39552.8  0.1
9480  39637.7  0.1
9500  39680.6  0.1
9520  39765.5  0.1
9540  39797.4  0.1
9560  39882.3  0.1
9580  39925.2  0.1
9600  39966.3  0.1
9620  40284.5  0.1
9640  40325.7  0.1
9660  40401.3  0.1
9680  40442.5  0.1
9700  39979.8  0.1
9720  40021  0.1
9740  40107.7  0.1
9760  40137.8  0.1
9780  40224.4  0.1
9800  40265.6  0.1
9820  40308.5  0.1
9840  40395.1  0.1
9860  40656.8  0.1
9880  40743.5  0.1
9900  40784.6  0.1
9920  40871.3  0.1
9940  40912.4  0.1
9960  40999.1  0.1
9980  41029.2  0.1
10000  41115.9  0.1
10020  41157  0.1
10040  41199.9  0.1
10060  41284.8  0.1
10080  41548.2  0.1
10100  41633.2  0.1
10120  41676.1  0.1
10140  41761  0.1
10160  41803.9  0.1
10180  41877.7  0.1
10200  62183.6  0.14
10220  62268.6  0.14
10240  52127.1  0.12
10260  52213.8  0.12
10280  52254.9  0.12
10300  52286.8  0.12
10320  52734.7  0.12
10340  42392.1  0.1
10360  42477  0.1
10380  42519.9  0.1
10400  42593.7  0.1
10420  42636.6  0.1
10440  42721.6  0.1
10460  42764.5  0.1
10480  43762.2  0.1
10500  43794  0.1
10520  43835.2  0.1
10540  44153.4  0.1
10560  44194.5  0.1
10580  44281.2  0.1
10600  44322.4  0.1
10620  44398  0.1
10640  44439.1  0.1
10660  44525.8  0.1
10680  44568.7  0.1
10700  44653.6  0.1
10720  44685.5  0.1
10740  44726.6  0.1
10760  44813.3  0.1
10780  45086  0.1
10800  45172.6  0.1
10820  45202.7  0.1
10840  45289.4  0.1
10860  45330.6  0.1
10880  45417.2  0.1
10900  45458.4  0.1
10920  45545  0.1
10940  45575.1  0.1
10960  45661.8  0.1
10980  45703  0.1
11000  45977.4  0.1
11020  46062.3  0.1
11040  46094.2  0.1
11060  46179.1  0.1
11080  46222  0.1
11100  46308.6  0.1
11120  46349.8  0.1
11140  46425.4  0.1
11160  46466.6  0.1
11180  46553.2  0.1
11200  46594.4  0.1
11220  46637.3  0.1
11240  46953.7  0.1
11260  46985.6  0.1
11280  47070.5  0.1
11300  47113.4  0.1
11320  102881  0.2
11340  102954  0.2
11360  103105  0.2
11380  103289  0.2
11400  103406  0.2
11420  103505  0.2
11440  103562  0.2
11460  103980  0.2
11480  104264  0.2
11500  104366  0.2
11520  104808  0.2
11540  104917  0.2
11560  105026  0.2
11580  105128  0.2
11600  105193  0.2
11620  105344  0.2
11640  105535  0.2
11660  105694  0.2
11680  105751  0.2
11700  106033  0.2
11720  106438  0.2
11740  106714  0.2
11760  106857  0.2
11780  107046  0.2
11800  107166  0.2
11820  107265  0.2
11840  107366  0.2
11860  107473  0.2
11880  107582  0.2
11900  107774  0.2
11920  107881  0.2
11940  108425  0.2
11960  108532  0.2
11980  108880  0.2
12000  109002  0.2
12020  109104  0.2
12040  109285  0.2
12060  109438  0.2
12080  109511  0.2
12100  109654  0.2
12120  109712  0.2
12140  109991  0.2
12160  110366  0.2
12180  110555  0.2
12200  110698  0.2
12220  111025  0.2
12240  111126  0.2
12260  111226  0.2
12280  111342  0.2
12300  111580  0.2
12320  111677  0.2
12340  111954  0.2
12360  112104  0.2
12380  112154  0.2
12400  117088  0.2
12420  117205  0.2
12440  117386  0.2
12460  117537  0.2
12480  117857  0.2
12500  113606  0.2
12520  113664  0.2
12540  113977  0.2
12560  114218  0.2
12580  114319  0.2
12600  114418  0.2
12620  114723  0.2
12640  114827  0.2
12660  114926  0.2
12680  115042  0.2
12700  115281  0.2
12720  115626  0.2
12740  115736  0.2
12760  134757  0.22
12780  134837  0.22
12800  134987  0.22
12820  135210  0.22
12840  135339  0.22
12860  135695  0.22
12880  135783  0.22
12900  135959  0.22
12920  136040  0.22
12940  136205  0.22
12960  136614  0.22
12980  136992  0.22
13000  137114  0.22
13020  137254  0.22
13040  137376  0.22
13060  137503  0.22
13080  137599  0.22
13100  138084  0.22
13120  138185  0.22
13140  138314  0.22
13160  138653  0.22
13180  138733  0.22
13200  131045  0.2
13220  131242  0.2
13240  131647  0.2
13260  131697  0.2
13280  131798  0.2
13300  131920  0.2
13320  132204  0.2
13340  132355  0.2
13360  132763  0.2
13380  132906  0.2
13400  132966  0.2
13420  133083  0.2
13440  133182  0.2
13460  133284  0.2
13480  133776  0.2
13500  133885  0.2
13520  133943  0.2
13540  134042  0.2
13560  134594  0.2
13580  134704  0.2
13600  134797  0.2
13620  135002  0.2
13640  135152  0.2
13660  123710  0.2
13680  123860  0.2
13700  123933  0.2
13720  124027  0.2
13740  124519  0.2
13760  124636  0.2
13780  57890.9  0.1
13800  57908.8  0.1
13820  57976.5  0.1
13840  57994.4  0.1
13860  58056.1  0.1
13880  58080  0.1
13900  58141.7  0.1
13920  58165.6  0.1
13940  58227.2  0.1
13960  58245.2  0.1
13980  58516.7  0.1
14000  58534.6  0.1
14020  58784.1  0.1
14040  105437  0.16
14060  105487  0.16
14080  105641  0.16
14100  105706  0.16
14120  105856  0.16
14140  105914  0.16
14160  106010  0.16
14180  106133  0.16
14200  106234  0.16
14220  106333  0.16
14240  106661  0.16
14260  106993  0.16
14280  107092  0.16
14300  107209  0.16
14320  107319  0.16
14340  107412  0.16
14360  107470  0.16
14380  107628  0.16
14400  107686  0.16
14420  107839  0.16
14440  107904  0.16
14460  108006  0.16
14480  108344  0.16
14500  108664  0.16
14520  108814  0.16
14540  108872  0.16
14560  108965  0.16
14580  109090  0.16
14600  109184  0.16
14620  109291  0.16
14640  109408  0.16
14660  109460  0.16
14680  109611  0.16
14700  109668  0.16
14720  110014  0.16
14740  110370  0.16
14760  110477  0.16
14780  110586  0.16
14800  110644  0.16
14820  110794  0.16
14840  110862  0.16
14860  111013  0.16
14880  111063  0.16
14900  111164  0.16
14920  111289  0.16
14940  111570  0.16
14960  111721  0.16
14980  111794  0.16
