100  4696.27  1
120  5603.47  0.96
140  6924.75  0.96
160  7651.23  0.96
180  8454.9  0.92
200  8745.03  0.88
220  9952.38  0.88
240  10328.9  0.84
260  11011.5  0.84
280  11126  0.8
300  11407.8  0.78
320  11302.4  0.72
340  12247.8  0.72
360  12430.1  0.68
380  12969.1  0.68
400  12823.8  0.64
420  13532.5  0.64
440  13969.7  0.64
460  14678.4  0.64
480  14291.9  0.6
500  14589.4  0.58
520  14102.7  0.54
540  14519.6  0.54
560  14960.4  0.54
580  17596.1  0.6
600  16887  0.56
620  16862.9  0.54
640  17516.9  0.54
660  17267.6  0.52
680  17685.2  0.52
700  18143  0.52
720  16370.7  0.46
740  15997.4  0.44
760  16561.9  0.44
780  17070.2  0.44
800  18486.1  0.46
820  19044  0.46
840  18552.6  0.44
860  17073  0.4
880  17441.5  0.4
900  17685.5  0.4
920  18213.7  0.4
940  17691.8  0.38
960  17950.7  0.38
980  19323.2  0.4
1000  19585.9  0.4
1020  20091.7  0.4
1040  20547.2  0.4
1060  20876.7  0.4
1080  21315  0.4
1100  23180.6  0.42
1120  23441.7  0.42
1140  22732.5  0.4
1160  23289.9  0.4
1180  23561.5  0.4
1200  23821.4  0.4
1220  24202.3  0.4
1240  25087  0.4
1260  25323.1  0.4
1280  24416  0.38
1300  23416.9  0.36
1320  23678.6  0.36
1340  20849.2  0.32
1360  21181.6  0.32
1380  21396.7  0.32
1400  21588.8  0.32
1420  22045.7  0.32
1440  22241.6  0.32
1460  21330.8  0.3
1480  21515  0.3
1500  21835.5  0.3
1520  28190.9  0.38
1540  28589.6  0.38
1560  28790.9  0.38
1580  29492.3  0.38
1600  29690.4  0.38
1620  29895.2  0.38
1640  28641  0.36
1660  28838.2  0.36
1680  29110.4  0.36
1700  26033.8  0.32
1720  26488.6  0.32
1740  25111.3  0.3
1760  25290.2  0.3
1780  25621.8  0.3
1800  25862  0.3
1820  26052  0.3
1840  26683.7  0.3
1860  26918.4  0.3
1880  27111.4  0.3
1900  27455.2  0.3
1920  29799  0.32
1940  29944.5  0.32
1960  30205.7  0.32
1980  30571.7  0.32
2000  24750.3  0.26
2020  22877.9  0.24
2040  23053.4  0.24
2060  23472.4  0.24
2080  23600.1  0.24
2100  21650.6  0.22
2120  26138.4  0.26
2140  26276.8  0.26
2160  26551.6  0.26
2180  24706.9  0.24
2200  29323.9  0.28
2220  29529.6  0.28
2240  34952  0.32
2260  32979.5  0.3
2280  33205.3  0.3
2300  33383.1  0.3
2320  33709.3  0.3
2340  33982.9  0.3
2360  34411.1  0.3
2380  34603.2  0.3
2400  34980.1  0.3
2420  32760  0.28
2440  33143  0.28
2460  33328.9  0.28
2480  33504  0.28
2500  33694.9  0.28
2520  36507.3  0.3
2540  36807  0.3
2560  37140.3  0.3
2580  37320.8  0.3
2600  35107.1  0.28
2620  35383.2  0.28
2640  35772.6  0.28
2660  35957.1  0.28
2680  36120.3  0.28
2700  33562  0.26
2720  34012.9  0.26
2740  31452.5  0.24
2760  28951.3  0.22
2780  29073.5  0.22
2800  29338.5  0.22
2820  29493.7  0.22
2840  29663.6  0.22
2860  29814.9  0.22
2880  30075.6  0.22
2900  30450.7  0.22
2920  24716.2  0.18
2940  24834.8  0.18
2960  24961.7  0.18
2980  25169.1  0.18
3000  31291  0.22
3020  31446.5  0.22
3040  31580.4  0.22
3060  31900  0.22
3080  32213.6  0.22
3100  32340.1  0.22
3120  32491.9  0.22
3140  29514.1  0.2
3160  29663.1  0.2
3180  29891.6  0.2
3200  30018.1  0.2
3220  30330.6  0.2
3240  30468.8  0.2
3260  30711.6  0.2
3280  30849.1  0.2
3300  30935.8  0.2
3320  31070.7  0.2
3340  27926.4  0.18
3360  28153.6  0.18
3380  25045  0.16
3400  25139.8  0.16
3420  25249.5  0.16
3440  25436.7  0.16
3460  25542.9  0.16
3480  25630.1  0.16
3500  25724.2  0.16
3520  25835  0.16
3540  26024  0.16
3560  29843.6  0.18
3580  29939.9  0.18
3600  26497  0.16
3620  26684  0.16
3640  23145.2  0.14
3660  23232.9  0.14
3680  23309.5  0.14
3700  19715.2  0.12
3720  19968.4  0.12
3740  20044.9  0.12
3760  20132.7  0.12
3780  20206.5  0.12
3800  20280  0.12
3820  20370.8  0.12
3840  20440.8  0.12
3860  20532.3  0.12
3880  20770.6  0.12
3900  20847.2  0.12
3920  20932.2  0.12
3940  21008.7  0.12
3960  21096.5  0.12
3980  21173.1  0.12
4000  21243.8  0.12
4020  21334.6  0.12
4040  21572.9  0.12
4060  21664.4  0.12
4080  21734.4  0.12
4100  21811  0.12
4120  20599.7  0.1
4140  20674.9  0.1
4160  20760.9  0.1
4180  20836.1  0.1
4200  20926.2  0.1
4220  21166.1  0.1
4240  21237.8  0.1
4260  21327.9  0.1
4280  21403.1  0.1
4300  21492.5  0.1
4320  21564.2  0.1
4340  21640  0.1
4360  21729.5  0.1
4380  21969.4  0.1
4400  23355.8  0.12
4420  23425.8  0.12
4440  22924.9  0.12
4460  22990.6  0.12
4480  23172.3  0.12
4500  18703.7  0.1
4520  18758.6  0.1
4540  18975.6  0.1
4560  19044.8  0.1
4580  22935.6  0.1
4600  23032.7  0.1
4620  23087.1  0.1
4640  23168.7  0.1
4660  37267.3  0.16
4680  37358.6  0.16
4700  37662.4  0.16
4720  47278.7  0.2
4740  47373.8  0.2
4760  47511.7  0.2
4780  47719.8  0.2
4800  47857.7  0.2
4820  47945.7  0.2
4840  48074.2  0.2
4860  48295.3  0.2
4880  43653  0.18
4900  44008.4  0.18
4920  44125  0.18
4940  44248.6  0.18
4960  44355.1  0.18
4980  44483.5  0.18
5000  44621.4  0.18
5020  44716.5  0.18
5040  44997.8  0.18
5060  45134.4  0.18
5080  45508.4  0.18
5100  30408.4  0.12
5120  30491.3  0.12
5140  30574.1  0.12
5160  30642.7  0.12
5180  30725.5  0.12
5200  30987.3  0.12
5220  31041.6  0.12
5240  31123.6  0.12
5260  31220.7  0.12
5280  31032.6  0.12
5300  36604.2  0.14
5320  36830.8  0.14
5340  31532.6  0.12
5360  31767.3  0.12
5380  31852.3  0.12
5400  31940.5  0.12
5420  42859.9  0.16
5440  42933  0.16
5460  43114.7  0.16
5480  43267.7  0.16
5500  43357.8  0.16
5520  37934.3  0.14
5540  32654.5  0.12
5560  27141.4  0.1
5580  27175.8  0.1
5600  27366.1  0.1
5620  27400.5  0.1
5640  27434  0.1
5660  27482.7  0.1
5680  27517  0.1
5700  27730.5  0.1
5720  27764.9  0.1
5740  27940.9  0.1
5760  27988.7  0.1
5780  28023.1  0.1
5800  28071.8  0.1
5820  28106.1  0.1
5840  28154.8  0.1
5860  28354  0.1
5880  28530  0.1
5900  28577.8  0.1
5920  28612.2  0.1
5940  28660.9  0.1
5960  28695.2  0.1
5980  28729.6  0.1
6000  28778.3  0.1
6020  28618.5  0.1
6040  28808.8  0.1
6060  28964.7  0.1
6080  28999  0.1
6100  29047.7  0.1
6120  29082.1  0.1
6140  29130.7  0.1
6160  29164.3  0.1
6180  29505.1  0.1
6200  29553.8  0.1
6220  29588.1  0.1
6240  29636.8  0.1
6260  29671.2  0.1
6280  29705.6  0.1
6300  29753.4  0.1
6320  29929.4  0.1
6340  29978.1  0.1
6360  30177.2  0.1
6380  33237  0.12
6400  32781.4  0.12
6420  32815  0.12
6440  32863.6  0.12
6460  33039.7  0.12
6480  26645.4  0.1
6500  26694.1  0.1
6520  26893.2  0.1
6540  26941.9  0.1
6560  26975.4  0.1
6580  27009.8  0.1
6600  27200.1  0.1
6620  41067.2  0.14
6640  41152.8  0.14
6660  41187.2  0.14
6680  41422.5  0.14
6700  41471.1  0.14
6720  41542.4  0.14
6740  41840.3  0.14
6760  35135.3  0.12
6780  35169.7  0.12
6800  28456.3  0.1
6820  28489.9  0.1
6840  28703.3  0.1
6860  28737.7  0.1
6880  28913.7  0.1
6900  28962.4  0.1
6920  28996.8  0.1
6940  29045.4  0.1
6960  29079  0.1
6980  29113.4  0.1
7000  29162  0.1
7020  29502.8  0.1
7040  29551.5  0.1
7060  29585.9  0.1
7080  29619.4  0.1
7100  29668.1  0.1
7120  29702.5  0.1
7140  29751.1  0.1
7160  29927.2  0.1
7180  30126.3  0.1
7200  28877.3  0.08
7220  28910.9  0.08
7240  28959.5  0.08
7260  28993.9  0.08
7280  29028.3  0.08
7300  29218.6  0.08
7320  29253  0.08
7340  29459.7  0.08
7360  29474  0.08
7380  29488.2  0.08
7400  29516.8  0.08
7420  29531  0.08
7440  29701.2  0.08
7460  29715.5  0.08
7480  29744  0.08
7500  29923  0.08
7520  29937.3  0.08
7540  29965.8  0.08
7560  29980.1  0.08
7580  30150.3  0.08
7600  30164.5  0.08
7620  30178.8  0.08
7640  30207.3  0.08
7660  30221.6  0.08
7680  30414.9  0.08
7700  30429.1  0.08
7720  30443.4  0.08
7740  30613.6  0.08
7760  30627.8  0.08
7780  30656.4  0.08
7800  30670.6  0.08
7820  30684.9  0.08
7840  30878.2  0.08
7860  30892.4  0.08
7880  31062.6  0.08
7900  31076.9  0.08
7920  31091.2  0.08
7940  31119.7  0.08
7960  31133.9  0.08
7980  23229.3  0.06
8000  23408.4  0.06
8020  23422.6  0.06
8040  23451.2  0.06
8060  23465.4  0.06
8080  23493.9  0.06
8100  23508.2  0.06
8120  23522.5  0.06
8140  23551  0.06
8160  23730  0.06
8180  23758.6  0.06
8200  23772.8  0.06
8220  23787.1  0.06
8240  23815.6  0.06
8260  23829.9  0.06
8280  23858.4  0.06
8300  23872.6  0.06
8320  23886.9  0.06
8340  24080.2  0.06
8360  24094.5  0.06
8380  24123  0.06
8400  24137.3  0.06
8420  24151.5  0.06
8440  24180  0.06
8460  24194.3  0.06
8480  24222.8  0.06
8500  24401.9  0.06
8520  24416.1  0.06
8540  24444.6  0.06
8560  24458.9  0.06
8580  24487.4  0.06
8600  24501.7  0.06
8620  24515.9  0.06
8640  24544.5  0.06
8660  24723.5  0.06
8680  24752  0.06
8700  24766.3  0.06
8720  24780.6  0.06
8740  24809.1  0.06
8760  24823.3  0.06
8780  24851.9  0.06
8800  24866.1  0.06
8820  25045.2  0.06
8840  25073.7  0.06
8860  25087.9  0.06
8880  25116.5  0.06
8900  25130.7  0.06
8920  25145  0.06
8940  25173.5  0.06
8960  25187.8  0.06
8980  25216.3  0.06
9000  25395.3  0.06
9020  25409.6  0.06
9040  25438.1  0.06
9060  25452.4  0.06
9080  25480.9  0.06
9100  25495.2  0.06
9120  25509.4  0.06
9140  25537.9  0.06
9160  25717  0.06
9180  25745.5  0.06
9200  25759.8  0.06
9220  25788.3  0.06
9240  25802.6  0.06
9260  25816.8  0.06
9280  25845.3  0.06
9300  25859.6  0.06
9320  26052.9  0.06
9340  26067.2  0.06
9360  26081.4  0.06
9380  26109.9  0.06
9400  26124.2  0.06
9420  26152.7  0.06
9440  26167  0.06
9460  26181.2  0.06
9480  26374.6  0.06
9500  26388.8  0.06
9520  26417.3  0.06
9540  26431.6  0.06
9560  26445.9  0.06
9580  26474.4  0.06
9600  26488.6  0.06
9620  26517.2  0.06
9640  26696.2  0.06
9660  26710.5  0.06
9680  26739  0.06
9700  26753.2  0.06
9720  26781.8  0.06
9740  26796  0.06
9760  26810.3  0.06
9780  26838.8  0.06
9800  26853.1  0.06
9820  27046.4  0.06
9840  27060.6  0.06
9860  27074.9  0.06
9880  27103.4  0.06
9900  27117.7  0.06
9920  27146.2  0.06
9940  27160.5  0.06
9960  27174.7  0.06
9980  27368  0.06
10000  27382.3  0.06
10020  27410.8  0.06
10040  27425.1  0.06
10060  27439.3  0.06
10080  27467.9  0.06
10100  27482.1  0.06
10120  27510.6  0.06
10140  27689.7  0.06
10160  27703.9  0.06
10180  27732.5  0.06
10200  27746.7  0.06
10220  27775.2  0.06
10240  27789.5  0.06
10260  27803.8  0.06
10280  27832.3  0.06
10300  28011.3  0.06
10320  28039.9  0.06
10340  28054.1  0.06
10360  28068.4  0.06
10380  28096.9  0.06
10400  28111.2  0.06
10420  28139.7  0.06
10440  28153.9  0.06
10460  28168.2  0.06
10480  28361.5  0.06
10500  28375.8  0.06
10520  28404.3  0.06
10540  28418.5  0.06
10560  28432.8  0.06
10580  28461.3  0.06
10600  28475.6  0.06
10620  28504.1  0.06
10640  28683.2  0.06
10660  28697.4  0.06
10680  28725.9  0.06
10700  28740.2  0.06
10720  28768.7  0.06
10740  28783  0.06
10760  28797.2  0.06
10780  28825.8  0.06
10800  29004.8  0.06
10820  29033.3  0.06
10840  29047.6  0.06
10860  29076.1  0.06
10880  29090.4  0.06
10900  29104.6  0.06
10920  29133.2  0.06
10940  29147.4  0.06
10960  29340.7  0.06
10980  29355  0.06
11000  29369.2  0.06
11020  29397.8  0.06
11040  29412  0.06
11060  29440.5  0.06
11080  29454.8  0.06
11100  29469.1  0.06
11120  29497.6  0.06
11140  29676.6  0.06
11160  29705.2  0.06
11180  29719.4  0.06
11200  29733.7  0.06
11220  29762.2  0.06
11240  29776.5  0.06
11260  29805  0.06
11280  29819.2  0.06
11300  29998.3  0.06
11320  30026.8  0.06
11340  30041.1  0.06
11360  30069.6  0.06
11380  30083.9  0.06
11400  30098.1  0.06
11420  30126.6  0.06
11440  30140.9  0.06
11460  30334.2  0.06
11480  30348.5  0.06
11500  30362.7  0.06
11520  30391.2  0.06
11540  30405.5  0.06
11560  30434  0.06
11580  30448.3  0.06
11600  30462.5  0.06
11620  30655.8  0.06
11640  30670.1  0.06
11660  30698.6  0.06
11680  30712.9  0.06
11700  30727.2  0.06
11720  30755.7  0.06
11740  30769.9  0.06
11760  30798.5  0.06
11780  30812.7  0.06
11800  30991.8  0.06
11820  31020.3  0.06
11840  31034.5  0.06
11860  31063.1  0.06
11880  31077.3  0.06
11900  31091.6  0.06
11920  31120.1  0.06
11940  31134.4  0.06
11960  31327.7  0.06
11980  31341.9  0.06
12000  31356.2  0.06
12020  31384.7  0.06
12040  31399  0.06
12060  31427.5  0.06
12080  31441.8  0.06
12100  31456  0.06
12120  31649.3  0.06
12140  31663.6  0.06
12160  31692.1  0.06
12180  31706.4  0.06
12200  31720.6  0.06
12220  31749.2  0.06
12240  31763.4  0.06
12260  31791.9  0.06
12280  31971  0.06
12300  31985.2  0.06
12320  32013.8  0.06
12340  32028  0.06
12360  32056.5  0.06
12380  32070.8  0.06
12400  32085.1  0.06
12420  32113.6  0.06
12440  32127.8  0.06
12460  32321.1  0.06
12480  32335.4  0.06
12500  32363.9  0.06
12520  32378.2  0.06
12540  32392.5  0.06
12560  32421  0.06
12580  32435.2  0.06
12600  32463.8  0.06
12620  32642.8  0.06
12640  32657.1  0.06
12660  32685.6  0.06
12680  32699.8  0.06
12700  32728.4  0.06
12720  32742.6  0.06
12740  32756.9  0.06
12760  32785.4  0.06
12780  32964.5  0.06
12800  32993  0.06
12820  33007.2  0.06
12840  33021.5  0.06
12860  33050  0.06
12880  33064.3  0.06
12900  33092.8  0.06
12920  33107.1  0.06
12940  82444.7  0.14
12960  82516.8  0.14
12980  82574.7  0.14
13000  82705.8  0.14
13020  82877  0.14
13040  82927.9  0.14
13060  83059  0.14
13080  83116.9  0.14
13100  83353.8  0.14
13120  83469.7  0.14
13140  83527.5  0.14
13160  83736  0.14
13180  83828.9  0.14
13200  83901.1  0.14
13220  83958.9  0.14
13240  84068  0.14
13260  84140.1  0.14
13280  84362.7  0.14
13300  84629.2  0.14
13320  84687.1  0.14
13340  84722  0.14
13360  84852.2  0.14
13380  84910  0.14
13400  84982.2  0.14
13420  85098.1  0.14
13440  85457  0.14
13460  85522.2  0.14
13480  85638.2  0.14
13500  85687.3  0.14
13520  85745.2  0.14
13540  72555.5  0.12
13560  72646.9  0.12
13580  72724  0.12
13600  72980.2  0.12
13620  73045  0.12
13640  73122.1  0.12
13660  73206.6  0.12
13680  73283.7  0.12
13700  73375.1  0.12
13720  73447  0.12
13740  73517  0.12
13760  73773.2  0.12
13780  73850.3  0.12
13800  60140.8  0.1
13820  60194.6  0.1
13840  60248.4  0.1
13860  60313  0.1
13880  60366.8  0.1
13900  60438.5  0.1
13920  60492.3  0.1
13940  60714.6  0.1
13960  60775.6  0.1
13980  60833  0.1
14000  60901.1  0.1
14020  60958.6  0.1
14040  61012.4  0.1
14060  61084.1  0.1
14080  61130.8  0.1
14100  61367.3  0.1
14120  61421.1  0.1
14140  61489.2  0.1
14160  61546.6  0.1
14180  61600.5  0.1
14200  61665.1  0.1
14220  61718.9  0.1
14240  61790.6  0.1
14260  62009.2  0.1
14280  62066.7  0.1
14300  62127.6  0.1
14320  62185.1  0.1
14340  62253.2  0.1
14360  62310.6  0.1
14380  62364.4  0.1
14400  62436.2  0.1
14420  62647.7  0.1
14440  62715.7  0.1
14460  62773.2  0.1
14480  62827  0.1
14500  62898.7  0.1
14520  62952.5  0.1
14540  63017.2  0.1
14560  63071  0.1
14580  63128.4  0.1
14600  63361.3  0.1
14620  63418.7  0.1
14640  63479.7  0.1
14660  63537.2  0.1
14680  63591  0.1
14700  63662.7  0.1
14720  63716.5  0.1
14740  63788.2  0.1
14760  63999.7  0.1
14780  64053.6  0.1
14800  64125.3  0.1
14820  64179.1  0.1
14840  64250.8  0.1
14860  64304.6  0.1
14880  64355  0.1
14900  64423.1  0.1
14920  64645.3  0.1
14940  64713.4  0.1
14960  64770.8  0.1
14980  64817.5  0.1
