100  4567.83  1
120  5176.96  0.96
140  6011.84  0.92
160  6451.97  0.88
180  7161.07  0.86
200  8185.99  0.86
220  8984.53  0.86
240  9617.85  0.8
260  10806.9  0.8
280  11044.3  0.76
300  11827.1  0.76
320  12526  0.76
340  12771.6  0.74
360  13770.8  0.76
380  14746.6  0.76
400  16163.4  0.8
420  16144.8  0.76
440  16824.1  0.76
460  15152.8  0.66
480  15819.1  0.66
500  15830.7  0.64
520  16507.1  0.64
540  15915.1  0.6
560  16506.4  0.6
580  16955.3  0.6
600  17058.3  0.58
620  17911.2  0.6
640  17136.7  0.54
660  17592  0.54
680  18019.8  0.54
700  18481.1  0.54
720  20437.8  0.58
740  20177.4  0.56
760  19988.5  0.54
780  20130.5  0.52
800  20637.1  0.52
820  19479.1  0.48
840  19796.1  0.48
860  20185.6  0.48
880  21778.2  0.5
900  19934.4  0.44
920  18423  0.4
940  17815.8  0.38
960  18188.1  0.38
980  18623.2  0.38
1000  18931.7  0.38
1020  19284.6  0.38
1040  18263.7  0.36
1060  20039  0.38
1080  20403.5  0.38
1100  19601.1  0.36
1120  19956.3  0.36
1140  22555.2  0.4
1160  24092  0.42
1180  23268.3  0.4
1200  23593.5  0.4
1220  24047.9  0.4
1240  24392.4  0.4
1260  23463  0.38
1280  23799.1  0.38
1300  23136.8  0.36
1320  23541.9  0.36
1340  23880.1  0.36
1360  24125.3  0.36
1380  24464  0.36
1400  24860.7  0.36
1420  25123.9  0.36
1440  25442.1  0.36
1460  25705.6  0.36
1480  26117.7  0.36
1500  26441.3  0.36
1520  29245.9  0.4
1540  29641.4  0.4
1560  28487.3  0.38
1580  28794.6  0.38
1600  29112.6  0.38
1620  29417.8  0.38
1640  28350.6  0.36
1660  28722.1  0.36
1680  28972.9  0.36
1700  29332.8  0.36
1720  29715.4  0.36
1740  30098.7  0.36
1760  30386.3  0.36
1780  28468.2  0.32
1800  28753.7  0.32
1820  27575.7  0.3
1840  27796.1  0.3
1860  33528.9  0.36
1880  34075.5  0.36
1900  32623.8  0.34
1920  32901  0.34
1940  32113.3  0.34
1960  32364.6  0.34
1980  32718.5  0.34
2000  32911.8  0.34
2020  33309.1  0.34
2040  33568.7  0.34
2060  31810  0.32
2080  32071.9  0.32
2100  30179.1  0.3
2120  30656.8  0.3
2140  31012  0.3
2160  32519.6  0.3
2180  32780.1  0.3
2200  26401.6  0.24
2220  26600.5  0.24
2240  26827.9  0.24
2260  27151.5  0.24
2280  27376.1  0.24
2300  27616.9  0.24
2320  27812.2  0.24
2340  28040.3  0.24
2360  26247.1  0.24
2380  28304.8  0.24
2400  28488  0.24
2420  26476.8  0.22
2440  26644.1  0.22
2460  26867.2  0.22
2480  27000.7  0.22
2500  27295.2  0.22
2520  25180.1  0.2
2540  25377.8  0.2
2560  25522.8  0.2
2580  25763.8  0.2
2600  25927  0.2
2620  26073.6  0.2
2640  23627.2  0.18
2660  23774.8  0.18
2680  23938.7  0.18
2700  24092.6  0.18
2720  24282.4  0.18
2740  24409.3  0.18
2760  24605.3  0.18
2780  24752.8  0.18
2800  24882.1  0.18
2820  22266.1  0.16
2840  19543.1  0.14
2860  19675.9  0.14
2880  19804.4  0.14
2900  19905.1  0.14
2920  20037.9  0.14
2940  20166.6  0.14
2960  20267.3  0.14
2980  20400.1  0.14
3000  20497.8  0.14
3020  26762.4  0.18
3040  26935.9  0.18
3060  27035.6  0.18
3080  27209.1  0.18
3100  27347.3  0.18
3120  27488.7  0.18
3140  27621.7  0.18
3160  27757.2  0.18
3180  27892  0.18
3200  28064  0.18
3220  28161.8  0.18
3240  28335.4  0.18
3260  28465.4  0.18
3280  28606.8  0.18
3300  25615.5  0.16
3320  25752.4  0.16
3340  25885.4  0.16
3360  26056  0.16
3380  26153.9  0.16
3400  26327.4  0.16
3420  26428.5  0.16
3440  26599.1  0.16
3460  26741.8  0.16
3480  26880.2  0.16
3500  27013.2  0.16
3520  27186.8  0.16
3540  27284.8  0.16
3560  27455.5  0.16
3580  27556.4  0.16
3600  27726.9  0.16
3620  27859.9  0.16
3640  27999.8  0.16
3660  28131.5  0.16
3680  28305.1  0.16
3700  28402.9  0.16
3720  28576.5  0.16
3740  28675.8  0.16
3760  28843.5  0.16
3780  28978.2  0.16
3800  30843.5  0.18
3820  27178.4  0.16
3840  33847.1  0.18
3860  34044  0.18
3880  34446.3  0.18
3900  34529.7  0.18
3920  34636.9  0.18
3940  34793.1  0.18
3960  34872.1  0.18
3980  35134.8  0.18
4000  35250.4  0.18
4020  35374.5  0.18
4040  35481.6  0.18
4060  35605.7  0.18
4080  35719.8  0.18
4100  35982.5  0.18
4120  40077.1  0.2
4140  40230.3  0.2
4160  40337.5  0.2
4180  40460.1  0.2
4200  40687.6  0.2
4220  36572.5  0.18
4240  36688.1  0.18
4260  36841.3  0.18
4280  36917.8  0.18
4300  37074  0.18
4320  37301.5  0.18
4340  37420.2  0.18
4360  37529.9  0.18
4380  37654  0.18
4400  37762.6  0.18
4420  33487.6  0.16
4440  33686  0.16
4460  33796.2  0.16
4480  33876.6  0.16
4500  33990.7  0.16
4520  34097.8  0.16
4540  29687  0.14
4560  29914.7  0.14
4580  30021.8  0.14
4600  25507.2  0.12
4620  25621.2  0.12
4640  25696.2  0.12
4660  25811.8  0.12
4680  25927.4  0.12
4700  26002.4  0.12
4720  26116.5  0.12
4740  23089  0.1
4760  24721.1  0.12
4780  24830.1  0.12
4800  24909.1  0.12
4820  26771.5  0.12
4840  26884.1  0.12
4860  26963.2  0.12
4880  27077.3  0.12
4900  27189.2  0.12
4920  27268.2  0.12
4940  27380.8  0.12
4960  28083.7  0.12
4980  47335.5  0.2
5000  47483.9  0.2
5020  47730.7  0.2
5040  47885.2  0.2
5060  48030.1  0.2
5080  48149.6  0.2
5100  48303.4  0.2
5120  48727.1  0.2
5140  48862.2  0.2
5160  49029.1  0.2
5180  49139.4  0.2
5200  49294  0.2
5220  49444.4  0.2
5240  49673.3  0.2
5260  49827.1  0.2
5280  49961.9  0.2
5300  50270.9  0.2
5320  50437.8  0.2
5340  35363.3  0.14
5360  35498.2  0.14
5380  35588  0.14
5400  35690.8  0.14
5420  35785.1  0.14
5440  35972  0.14
5460  36055.5  0.14
5480  36188.9  0.14
5500  36251  0.14
5520  36470  0.14
5540  36532.2  0.14
5560  36667.1  0.14
5580  36757  0.14
5600  36933  0.14
5620  37027.3  0.14
5640  37162.2  0.14
5660  37224.4  0.14
5680  37443.4  0.14
5700  37504  0.14
5720  37638.9  0.14
5740  37722.4  0.14
5760  37909.3  0.14
5780  42983.2  0.16
5800  43133.4  0.16
5820  38130.7  0.14
5840  38265.7  0.14
5860  38411.9  0.14
5880  38536  0.14
5900  43890.5  0.16
5920  43991.7  0.16
5940  44170.1  0.16
5960  44305  0.16
5980  44364.3  0.16
6000  44488.4  0.16
6020  44633.1  0.16
6040  38775.7  0.14
6060  38870  0.14
6080  38972.8  0.14
6100  39151.1  0.14
6120  39286  0.14
6140  39335.9  0.14
6160  39470.8  0.14
6180  39614.1  0.14
6200  39749.1  0.14
6220  39843.3  0.14
6240  39944.6  0.14
6260  40038.9  0.14
6280  40247.1  0.14
6300  40309.2  0.14
6320  40444.2  0.14
6340  40504.8  0.14
6360  34345.6  0.12
6380  34439.9  0.12
6400  34488.3  0.12
6420  34582.6  0.12
6440  34761  0.12
6460  34821.6  0.12
6480  34915.9  0.12
6500  34978.1  0.12
6520  35156.5  0.12
6540  35240  0.12
6560  35300.6  0.12
6580  35394.9  0.12
6600  35570.3  0.12
6620  35632.5  0.12
6640  35726.8  0.12
6660  35789  0.12
6680  35870.9  0.12
6700  36049.3  0.12
6720  36111.5  0.12
6740  36205.7  0.12
6760  36267.9  0.12
6780  36444.7  0.12
6800  36536.1  0.12
6820  36587.5  0.12
6840  36681.8  0.12
6860  36860.2  0.12
6880  36920.8  0.12
6900  37015.1  0.12
6920  37077.2  0.12
6940  37244.8  0.12
6960  30361.4  0.1
6980  30423.6  0.1
7000  30513.4  0.1
7020  30607.7  0.1
7040  30669.9  0.1
7060  30764.2  0.1
7080  30815.6  0.1
7100  30908.3  0.1
7120  31002.6  0.1
7140  34726.2  0.1
7160  34820.5  0.1
7180  34914.8  0.1
7200  34974.1  0.1
7220  34882.7  0.1
7240  34944.8  0.1
7260  35039.1  0.1
7280  35133.4  0.1
7300  35195.6  0.1
7320  35288.3  0.1
7340  35382.6  0.1
7360  35434  0.1
7380  35528.3  0.1
7400  35587.6  0.1
7420  35681.9  0.1
7440  35774.6  0.1
7460  35836.8  0.1
7480  35920.3  0.1
7500  36014.6  0.1
7520  36076.8  0.1
7540  36169.5  0.1
7560  36231.7  0.1
7580  36326  0.1
7600  36417.4  0.1
7620  36468.7  0.1
7640  36561.5  0.1
7660  36655.8  0.1
7680  36717.9  0.1
7700  36812.2  0.1
7720  36874.4  0.1
7740  36968.7  0.1
7760  37050.6  0.1
7780  37112.8  0.1
7800  37207.1  0.1
7820  41758.9  0.12
7840  41872.1  0.12
7860  41983.7  0.12
7880  24554.5  0.08
7900  24627  0.08
7920  24699.6  0.08
7940  24738.7  0.08
7960  24811.2  0.08
7980  24851.7  0.08
8000  26672.5  0.08
8020  26742.1  0.08
8040  26782.6  0.08
8060  26855.1  0.08
8080  26927.7  0.08
8100  26966.8  0.08
8120  27039.3  0.08
8140  27079.8  0.08
8160  27152.3  0.08
8180  27224.9  0.08
8200  27265.3  0.08
8220  33333.7  0.1
8240  43692.7  0.12
8260  43733.3  0.12
8280  44293.2  0.12
8300  44332.2  0.12
8320  44445.5  0.12
8340  44518.2  0.12
8360  44599.4  0.12
8380  44672.1  0.12
8400  44783.8  0.12
8420  44821.5  0.12
8440  44934.8  0.12
8460  44975.4  0.12
8480  45088.7  0.12
8500  51425.8  0.14
8520  43058.3  0.12
8540  43131  0.12
8560  34705.9  0.1
8580  34746.5  0.1
8600  34859.8  0.1
8620  34895.9  0.1
8640  35009.3  0.1
8660  35082  0.1
8680  35163.1  0.1
8700  35235.8  0.1
8720  35349.2  0.1
8740  35388.2  0.1
8760  35501.5  0.1
8780  35542.1  0.1
8800  35655.4  0.1
8820  35725.2  0.1
8840  35804.8  0.1
8860  35877.5  0.1
8880  35958.7  0.1
8900  36031.4  0.1
8920  36144.7  0.1
8940  36183.7  0.1
8960  36297  0.1
8980  36369.7  0.1
9000  36450.9  0.1
9020  36520.7  0.1
9040  36601.9  0.1
9060  36673.1  0.1
9080  36786.4  0.1
9100  36826.9  0.1
9120  36899.6  0.1
9140  37012.9  0.1
9160  37052  0.1
9180  37165.3  0.1
9200  37205.9  0.1
9220  37316.3  0.1
9240  37389  0.1
9260  37470.2  0.1
9280  37103.3  0.08
9300  37216.6  0.08
9320  37257.1  0.08
9340  37370.5  0.08
9360  37411  0.08
9380  37522.8  0.08
9400  37595.5  0.08
9420  37676.7  0.08
9440  37746.5  0.08
9460  37859.8  0.08
9480  37898.8  0.08
9500  28505.8  0.06
9520  28546.3  0.06
9540  28619  0.06
9560  28691.7  0.06
9580  28732.3  0.06
9600  28803.4  0.06
9620  28866.7  0.06
9640  28884.1  0.06
9660  28936.5  0.06
9680  28956.8  0.06
9700  29009.2  0.06
9720  29061.6  0.06
9740  29081.9  0.06
9760  29134.3  0.06
9780  29186.7  0.06
9800  29207  0.06
9820  29259.4  0.06
9840  29276.8  0.06
9860  29329.2  0.06
9880  29381.6  0.06
9900  29401.9  0.06
9920  29454.3  0.06
9940  29474.6  0.06
9960  29527  0.06
9980  29579.4  0.06
10000  36900  0.08
10020  36965.4  0.08
10040  37041  0.08
10060  37087.4  0.08
10080  37152.8  0.08
10100  37199.2  0.08
10120  37264.6  0.08
10140  37343.1  0.08
10160  37376.4  0.08
10180  37454.9  0.08
10200  37520.4  0.08
10220  37566.7  0.08
10240  53700.5  0.12
10260  53767.7  0.12
10280  53854  0.12
10300  53953.3  0.12
10320  54183.4  0.12
10340  54282.7  0.12
10360  54382  0.12
10380  54436.1  0.12
10400  54531.9  0.12
10420  54586.1  0.12
10440  54682.5  0.12
10460  54768.7  0.12
10480  54832.5  0.12
10500  55098.1  0.12
10520  55197.4  0.12
10540  55251.6  0.12
10560  55347.4  0.12
10580  55401.6  0.12
10600  55500.9  0.12
10620  55587.1  0.12
10640  55651.4  0.12
10660  55747.2  0.12
10680  56012.9  0.12
10700  56080.1  0.12
10720  56166.4  0.12
10740  56230.1  0.12
10760  56316.3  0.12
10780  56415.6  0.12
10800  56469.8  0.12
10820  56565.6  0.12
10840  39792.6  0.08
10860  39837.5  0.08
10880  39902.3  0.08
10900  39947.3  0.08
10920  40012  0.08
10940  40089.1  0.08
10960  40134.1  0.08
10980  40198.8  0.08
11000  40275.9  0.08
11020  40320.9  0.08
11040  40385.7  0.08
11060  40427.8  0.08
11080  40492.5  0.08
11100  40569.6  0.08
11120  40614.6  0.08
11140  40679.3  0.08
11160  45065.5  0.1
11180  45148  0.1
11200  45245.4  0.1
11220  45310.6  0.1
11240  45395.6  0.1
11260  45490  0.1
11280  45555.3  0.1
11300  45640.3  0.1
11320  45705.5  0.1
11340  45790.5  0.1
11360  45887.9  0.1
11380  45950.6  0.1
11400  40961.3  0.08
11420  41033.2  0.08
11440  41073  0.08
11460  41142  0.08
11480  41181.8  0.08
11500  41253.7  0.08
11520  41330.5  0.08
11540  41370.3  0.08
11560  41442.2  0.08
11580  41514.1  0.08
11600  41553.8  0.08
11620  41625.7  0.08
11640  41665.5  0.08
11660  41734.5  0.08
11680  41806.4  0.08
11700  41851.1  0.08
11720  41923  0.08
11740  41994.9  0.08
11760  42034.6  0.08
11780  42106.5  0.08
11800  42146.3  0.08
11820  61777.2  0.12
11840  61881.2  0.12
11860  61918.1  0.12
11880  62022.1  0.12
11900  62131  0.12
11920  62170.8  0.12
11940  62274.8  0.12
11960  62314.6  0.12
11980  62418.6  0.12
12000  42642.4  0.08
12020  42688.8  0.08
12040  42754.2  0.08
12060  42829.8  0.08
12080  42863.1  0.08
12100  42941.6  0.08
12120  42988  0.08
12140  43486.1  0.08
12160  43538.5  0.08
12180  43558.8  0.08
12200  43611.2  0.08
12220  43631.5  0.08
12240  43683.9  0.08
12260  43733.4  0.08
12280  43753.7  0.08
12300  43806.1  0.08
12320  43858.5  0.08
12340  43878.8  0.08
12360  43931.2  0.08
12380  43951.5  0.08
12400  44003.9  0.08
12420  44056.3  0.08
12440  44076.6  0.08
12460  44126.1  0.08
12480  44178.5  0.08
12500  31902.1  0.06
12520  31954.5  0.06
12540  31974.8  0.06
12560  32027.2  0.06
12580  32079.6  0.06
12600  32099.9  0.06
12620  32152.3  0.06
12640  32204.7  0.06
12660  32225  0.06
12680  32274.5  0.06
12700  32294.8  0.06
12720  32347.2  0.06
12740  57602.9  0.1
12760  57652.9  0.1
12780  57752.6  0.1
12800  57852.3  0.1
12820  57907.6  0.1
12840  58007.3  0.1
12860  58069.6  0.1
12880  58146.2  0.1
12900  58245.9  0.1
12920  58301.2  0.1
12940  58395.6  0.1
12960  58495.3  0.1
12980  58550.6  0.1
13000  58650.3  0.1
13020  58701.8  0.1
13040  58789.2  0.1
13060  58888.9  0.1
13080  58944.2  0.1
13100  59038.6  0.1
13120  59138.3  0.1
13140  59182.8  0.1
13160  59282.5  0.1
13180  59332.4  0.1
13200  59432.2  0.1
13220  59531.9  0.1
13240  59587.2  0.1
13260  59681.6  0.1
13280  59738.4  0.1
13300  59825.8  0.1
13320  59925.5  0.1
13340  59975.4  0.1
13360  60075.2  0.1
13380  60174.9  0.1
13400  60230.2  0.1
13420  60313.8  0.1
13440  60381.4  0.1
13460  60468.7  0.1
13480  60568.5  0.1
13500  60618.4  0.1
13520  60718.1  0.1
13540  60807.1  0.1
13560  60862.3  0.1
13580  25413.3  0.04
13600  25413.3  0.04
13620  25445.5  0.04
13640  25477.6  0.04
13660  25477.6  0.04
13680  25509.7  0.04
13700  25541.8  0.04
13720  25541.8  0.04
13740  25573.9  0.04
13760  25573.9  0.04
13780  25606  0.04
13800  25638.2  0.04
13820  25638.2  0.04
13840  25670.3  0.04
13860  25702.4  0.04
13880  25702.4  0.04
13900  25734.5  0.04
13920  25734.5  0.04
13940  25766.6  0.04
13960  25798.7  0.04
13980  25798.7  0.04
14000  25830.9  0.04
14020  25863  0.04
14040  25863  0.04
14060  25895.1  0.04
14080  25895.1  0.04
14100  25927.2  0.04
14120  25959.3  0.04
14140  25959.3  0.04
14160  25991.4  0.04
14180  26023.6  0.04
14200  26023.6  0.04
14220  26055.7  0.04
14240  26055.7  0.04
14260  26087.8  0.04
14280  26119.9  0.04
14300  26119.9  0.04
14320  26152  0.04
14340  26152  0.04
14360  26184.1  0.04
14380  26216.3  0.04
14400  26216.3  0.04
14420  26248.4  0.04
14440  26280.5  0.04
14460  26280.5  0.04
14480  26312.6  0.04
14500  26312.6  0.04
14520  26344.7  0.04
14540  26376.8  0.04
14560  26376.8  0.04
14580  26409  0.04
14600  26441.1  0.04
14620  26441.1  0.04
14640  26473.2  0.04
14660  26473.2  0.04
14680  26505.3  0.04
14700  26537.4  0.04
14720  26537.4  0.04
14740  26569.5  0.04
14760  26601.7  0.04
14780  26601.7  0.04
14800  26633.8  0.04
14820  26633.8  0.04
14840  26665.9  0.04
14860  26698  0.04
14880  26698  0.04
14900  26730.1  0.04
14920  26762.2  0.04
14940  26762.2  0.04
14960  26794.4  0.04
14980  26794.4  0.04
