100  4769.83  1
120  5309.21  0.92
140  6195.89  0.92
160  6877.6  0.92
180  7713.95  0.92
200  8565.42  0.92
220  9496.32  0.92
240  10689.4  0.92
260  12246.8  0.9
280  11942.9  0.82
300  12999.1  0.82
320  13833  0.82
340  14346.5  0.82
360  14249.3  0.78
380  14578.9  0.76
400  15278.9  0.76
420  15507.7  0.74
440  16082.7  0.74
460  16636.7  0.74
480  16354.6  0.7
500  16155.1  0.66
520  16769.4  0.66
540  16767.8  0.64
560  17329.4  0.64
580  16175.5  0.56
600  15438.7  0.52
620  17149.7  0.56
640  17534.7  0.56
660  18242.4  0.56
680  18914.7  0.56
700  19396.1  0.56
720  19094.3  0.54
740  19636.1  0.54
760  18551.4  0.5
780  19111  0.5
800  19503.3  0.5
820  17638.5  0.44
840  18005.8  0.44
860  18367.2  0.44
880  17986.1  0.42
900  18401.6  0.42
920  18765.7  0.42
940  18135.2  0.4
960  18514.7  0.4
980  17863.9  0.38
1000  17209.7  0.36
1020  18501.7  0.38
1040  17750.2  0.36
1060  18037.5  0.36
1080  18580.9  0.36
1100  18936.6  0.36
1120  19249.7  0.36
1140  18338.4  0.34
1160  18595  0.34
1180  17491.8  0.3
1200  17768.3  0.3
1220  16758.1  0.28
1240  17137.5  0.28
1260  17527.5  0.28
1280  18280.3  0.28
1300  18482.1  0.28
1320  18722.7  0.28
1340  18899.3  0.28
1360  19125.1  0.28
1380  19297.7  0.28
1400  19662.9  0.28
1420  19845.7  0.28
1440  21450.4  0.3
1460  21934.6  0.3
1480  23575.5  0.32
1500  23845.2  0.32
1520  24057.9  0.32
1540  23363.3  0.32
1560  23588.7  0.32
1580  24838  0.32
1600  25061.7  0.32
1620  25283.2  0.32
1640  23842.8  0.3
1660  22661.5  0.28
1680  22842.7  0.28
1700  23074.2  0.28
1720  23239.6  0.28
1740  22004.9  0.26
1760  22175.5  0.26
1780  21118.5  0.24
1800  17735.9  0.2
1820  17933.8  0.2
1840  18068  0.2
1860  18250.8  0.2
1880  18381.3  0.2
1900  18532.6  0.2
1920  18713  0.2
1940  18844.7  0.2
1960  19026.3  0.2
1980  19176.4  0.2
2000  19358  0.2
2020  21416.2  0.22
2040  21794.2  0.22
2060  21941.5  0.22
2080  22124  0.22
2100  22258.9  0.22
2120  20328.2  0.2
2140  20442.6  0.2
2160  18443.6  0.18
2180  18544.1  0.18
2200  23017.6  0.22
2220  23115.4  0.22
2240  23681.9  0.22
2260  21467.9  0.2
2280  21642.8  0.2
2300  22291.9  0.2
2320  22432.1  0.2
2340  20247.7  0.18
2360  20347.3  0.18
2380  20528.5  0.18
2400  29070.1  0.26
2420  29321.4  0.26
2440  24516.1  0.22
2460  24673.2  0.22
2480  24847.5  0.22
2500  25464.9  0.22
2520  25637.7  0.22
2540  25798.7  0.22
2560  16644.3  0.14
2580  16767  0.14
2600  16846.3  0.14
2620  26301.5  0.22
2640  26457.2  0.22
2660  26596.1  0.22
2680  24247.8  0.2
2700  22538.6  0.18
2720  23120.9  0.18
2740  23077.4  0.18
2760  23168.5  0.18
2780  23307.3  0.18
2800  24008.5  0.18
2820  24102.9  0.18
2840  24255.9  0.18
2860  24346.9  0.18
2880  24482  0.18
2900  24679.3  0.18
2920  21900.3  0.16
2940  21979.6  0.16
2960  22098.3  0.16
2980  19251.1  0.14
3000  19372.2  0.14
3020  19452.5  0.14
3040  30502.2  0.2
3060  30657.5  0.2
3080  30799.2  0.2
3100  30902.9  0.2
3120  31099.9  0.2
3140  31193  0.2
3160  31334.9  0.2
3180  31492.7  0.2
3200  28630.9  0.18
3220  28732  0.18
3240  17898.8  0.12
3260  17958.4  0.12
3280  39079.7  0.24
3300  24168.3  0.16
3320  24757.2  0.16
3340  24932.4  0.16
3360  25008.6  0.16
3380  25133.5  0.16
3400  25266.8  0.16
3420  25389  0.16
3440  21964.8  0.14
3460  22085.9  0.14
3480  22162.2  0.14
3500  35202.7  0.2
3520  31779  0.18
3540  31910.4  0.18
3560  32043.9  0.18
3580  32254.6  0.18
3600  32388.1  0.18
3620  32506.9  0.18
3640  32590  0.18
3660  29147.1  0.16
3680  29226.4  0.16
3700  29351.7  0.16
3720  19175  0.12
3740  19293.8  0.12
3760  19007.9  0.12
3780  19088.6  0.12
3800  19211  0.12
3820  23168.3  0.14
3840  23274  0.14
3860  23369.1  0.14
3880  23469.8  0.14
3900  23567.6  0.14
3920  19807  0.12
3940  19902.2  0.12
3960  20001.7  0.12
3980  20100.6  0.12
4000  19509.9  0.1
4020  19563.1  0.1
4040  19665.8  0.1
4060  24018.6  0.12
4080  16542.1  0.1
4100  16604.9  0.1
4120  16706.1  0.1
4140  16765  0.1
4160  16869.6  0.1
4180  16928.5  0.1
4200  17029.2  0.1
4220  17087  0.1
4240  17150.9  0.1
4260  17251.6  0.1
4280  17309.4  0.1
4300  17413.9  0.1
4320  17474  0.1
4340  17574.7  0.1
4360  17426.9  0.08
4380  17527.6  0.08
4400  17586.5  0.08
4420  17687.3  0.08
4440  17750  0.08
4460  17850.7  0.08
4480  17908.4  0.08
4500  18014.1  0.08
4520  18073.1  0.08
4540  18172.6  0.08
4560  18235.3  0.08
4580  18317.5  0.08
4600  18356.7  0.08
4620  18436.6  0.08
4640  18479.6  0.08
4660  18560.6  0.08
4680  18598.7  0.08
4700  18641.7  0.08
4720  18722.6  0.08
4740  18760.7  0.08
4760  18845.5  0.08
4780  18884.7  0.08
4800  18964.6  0.08
4820  19003.8  0.08
4840  19088.6  0.08
4860  19127.8  0.08
4880  19207.6  0.08
4900  19250.6  0.08
4920  19331.6  0.08
4940  19369.7  0.08
4960  19454.5  0.08
4980  35032.5  0.16
5000  35169.9  0.16
5020  35265.1  0.16
5040  35557.2  0.16
5060  35661.1  0.16
5080  35803.9  0.16
5100  35894.6  0.16
5120  36054.4  0.16
5140  36140.4  0.16
5160  36281.1  0.16
5180  36527.7  0.16
5200  36631.6  0.16
5220  36774.4  0.16
5240  36865.1  0.16
5260  37010.8  0.16
5280  37111.8  0.16
5300  37252.6  0.16
5320  37506.9  0.16
5340  37643.9  0.16
5360  37748.7  0.16
5380  37668  0.14
5400  37771.9  0.14
5420  37914.7  0.14
5440  38013.7  0.14
5460  38310.8  0.14
5480  38405.9  0.14
5500  38551.6  0.14
5520  38647.2  0.14
5540  38763.1  0.14
5560  38845.9  0.14
5580  38961.8  0.14
5600  39049.5  0.14
5620  39311  0.14
5640  39380.6  0.14
5660  39468.4  0.14
5680  39584.3  0.14
5700  39667  0.14
5720  39783  0.14
5740  39870.7  0.14
5760  40135.9  0.14
5780  40201.8  0.14
5800  40331.3  0.14
5820  40405.4  0.14
5840  40530  0.14
5860  40612.8  0.14
5880  40733.6  0.14
5900  40957  0.14
5920  41064.7  0.14
5940  41152.4  0.14
5960  41272.1  0.14
5980  41351.1  0.14
6000  41475.7  0.14
6020  41541.6  0.14
6040  41666.2  0.14
6060  41894.5  0.14
6080  42015.3  0.14
6100  42093.2  0.14
6120  42172.2  0.14
6140  42296.8  0.14
6160  42366.5  0.14
6180  42487.3  0.14
6200  42715.7  0.14
6220  42836.4  0.14
6240  42914.4  0.14
6260  43030.7  0.14
6280  43118  0.14
6300  43229.4  0.14
6320  43308.4  0.14
6340  43578.6  0.14
6360  43661.4  0.14
6380  43777.3  0.14
6400  43851.8  0.14
6420  37696.8  0.12
6440  37753.3  0.12
6460  37856.5  0.12
6480  38063.1  0.12
6500  38161.4  0.12
6520  38222.4  0.12
6540  38325.6  0.12
6560  38390.4  0.12
6580  38443.2  0.12
6600  38546.4  0.12
6620  38607.4  0.12
6640  38851.3  0.12
6660  38921  0.12
6680  39015.5  0.12
6700  39080.3  0.12
6720  39174.8  0.12
6740  39236.3  0.12
6760  39342.8  0.12
6780  39541.1  0.12
6800  39652.6  0.12
6820  39705.4  0.12
6840  39811.9  0.12
6860  39873.4  0.12
6880  39967.9  0.12
6900  40032.7  0.12
6920  40272.8  0.12
6940  40342.5  0.12
6960  33481  0.1
6980  33516.4  0.1
7000  33601.7  0.1
7020  33637.1  0.1
7040  33684.5  0.1
7060  33907.2  0.1
7080  33950.8  0.1
7100  34031.7  0.1
7120  34067  0.1
7140  34152.4  0.1
7160  34191.6  0.1
7180  34276.9  0.1
7200  34312.3  0.1
7220  34543.2  0.1
7240  34582.4  0.1
7260  34659.5  0.1
7280  34703.1  0.1
7300  34784  0.1
7320  34827.6  0.1
7340  34904.8  0.1
7360  35097.7  0.1
7380  35174.8  0.1
7400  35210.2  0.1
7420  35295.6  0.1
7440  35334.7  0.1
7460  35420.1  0.1
7480  35455.4  0.1
7500  35690.1  0.1
7520  35725.5  0.1
7540  35760.9  0.1
7560  35850  0.1
7580  35885.4  0.1
7600  35970.8  0.1
7620  36006.1  0.1
7640  36095.3  0.1
7660  36276.2  0.1
7680  36353.3  0.1
7700  36400.7  0.1
7720  36477.8  0.1
7740  36521.4  0.1
7760  36602.3  0.1
7780  36645.9  0.1
7800  36868.6  0.1
7820  36904  0.1
7840  36993.1  0.1
7860  37028.5  0.1
7880  37113.9  0.1
7900  37153  0.1
7920  37230.2  0.1
7940  37419.3  0.1
7960  37500.2  0.1
7980  37543.8  0.1
8000  37579.2  0.1
8020  37668.3  0.1
8040  37703.7  0.1
8060  37780.8  0.1
8080  37970  0.1
8100  38050.9  0.1
8120  38094.5  0.1
8140  38171.6  0.1
8160  38219  0.1
8180  38296.2  0.1
8200  38331.5  0.1
8220  38420.7  0.1
8240  38601.6  0.1
8260  38687  0.1
8280  38722.3  0.1
8300  38811.5  0.1
8320  38846.8  0.1
8340  38924  0.1
8360  38971.4  0.1
8380  39194  0.1
8400  39237.6  0.1
8420  39318.6  0.1
8440  39362.2  0.1
8460  39397.5  0.1
8480  39474.7  0.1
8500  39522  0.1
8520  39744.7  0.1
8540  39788.3  0.1
8560  39869.2  0.1
8580  39912.8  0.1
8600  39990  0.1
8620  40029.1  0.1
8640  40114.5  0.1
8660  40149.8  0.1
8680  40380.8  0.1
8700  40419.9  0.1
8720  40505.3  0.1
8740  40540.7  0.1
8760  40621.6  0.1
8780  40665.2  0.1
8800  40742.3  0.1
8820  40935.2  0.1
8840  41012.4  0.1
8860  41047.7  0.1
8880  41133.1  0.1
8900  41172.2  0.1
8920  41215.8  0.1
8940  41293  0.1
8960  41485.9  0.1
8980  41563  0.1
9000  52794.6  0.12
9020  52937.9  0.12
9040  52973.3  0.12
9060  53058.6  0.12
9080  44124.2  0.1
9100  44213.4  0.1
9120  44302.9  0.1
9140  44380  0.1
9160  44427.4  0.1
9180  44558.6  0.1
9200  44602.2  0.1
9220  44683.1  0.1
9240  44780.9  0.1
9260  44858  0.1
9280  44893.4  0.1
9300  45036.7  0.1
9320  45072  0.1
9340  45211.5  0.1
9360  45250.7  0.1
9380  45336  0.1
9400  45425.5  0.1
9420  45464.6  0.1
9440  45550  0.1
9460  45639.5  0.1
9480  45724.9  0.1
9500  45818.2  0.1
9520  45903.5  0.1
9540  45938.9  0.1
9560  46073.9  0.1
9580  46117.5  0.1
9600  46194.7  0.1
9620  46296.2  0.1
9640  46373.3  0.1
9660  46416.9  0.1
9680  46548.2  0.1
9700  46587.3  0.1
9720  46726.8  0.1
9740  46762.2  0.1
9760  46851.3  0.1
9780  46940.8  0.1
9800  47017.9  0.1
9820  47065.3  0.1
9840  47196.6  0.1
9860  47240.2  0.1
9880  47329.7  0.1
9900  47418.8  0.1
9920  47454.2  0.1
9940  47585.5  0.1
9960  47632.8  0.1
9980  47710  0.1
10000  47807.7  0.1
10020  47888.6  0.1
10040  47986.3  0.1
10060  48063.5  0.1
10080  48098.8  0.1
10100  48242.1  0.1
10120  48277.5  0.1
10140  48362.9  0.1
10160  48456.1  0.1
10180  48541.5  0.1
10200  48576.8  0.1
10220  48711.9  0.1
10240  48755.5  0.1
10260  36400.6  0.08
10280  36433.5  0.08
10300  36512.1  0.08
10320  36559.1  0.08
10340  36592  0.08
10360  36684.6  0.08
10380  36717.6  0.08
10400  36792.3  0.08
10420  36843.1  0.08
10440  36917.8  0.08
10460  36964.9  0.08
10480  37039.6  0.08
10500  37090.4  0.08
10520  37165.1  0.08
10540  37198.1  0.08
10560  37290.7  0.08
10580  37323.6  0.08
10600  37412.4  0.08
10620  37449.2  0.08
10640  37538  0.08
10660  37570.9  0.08
10680  37645.7  0.08
10700  37696.5  0.08
10720  37771.2  0.08
10740  42315.8  0.08
10760  42380.2  0.08
10780  42399.1  0.08
10800  42417.9  0.08
10820  42482.3  0.08
10840  42501.2  0.08
10860  42561.9  0.08
10880  42580.7  0.08
10900  42645.1  0.08
10920  42857.1  0.08
10940  42917.8  0.08
10960  42940.4  0.08
10980  43001.1  0.08
11000  43019.9  0.08
11020  43084.3  0.08
11040  43103.2  0.08
11060  43163.9  0.08
11080  32174.7  0.06
11100  32239.1  0.06
11120  32258  0.06
11140  32318.6  0.06
11160  32341.3  0.06
11180  32401.9  0.06
11200  32420.8  0.06
11220  32485.2  0.06
11240  32504.1  0.06
11260  32522.9  0.06
11280  32583.6  0.06
11300  32606.2  0.06
11320  32666.9  0.06
11340  32685.7  0.06
11360  32750.2  0.06
11380  32769  0.06
11400  32829.7  0.06
11420  32852.3  0.06
11440  32913  0.06
11460  32931.8  0.06
11480  32992.5  0.06
11500  33015.1  0.06
11520  33075.8  0.06
11540  33094.6  0.06
11560  33159  0.06
11580  33177.9  0.06
11600  33238.6  0.06
11620  33261.2  0.06
11640  33321.8  0.06
11660  33340.7  0.06
11680  33401.4  0.06
11700  33424  0.06
11720  33484.6  0.06
11740  33503.5  0.06
11760  33526.1  0.06
11780  33586.8  0.06
11800  33605.7  0.06
11820  33670.1  0.06
11840  33688.9  0.06
11860  33749.6  0.06
11880  33768.5  0.06
11900  33832.9  0.06
11920  33851.7  0.06
11940  33912.4  0.06
11960  33935  0.06
11980  33995.7  0.06
12000  34014.6  0.06
12020  34079  0.06
12040  34097.8  0.06
12060  34158.5  0.06
12080  34181.1  0.06
12100  34241.8  0.06
12120  34260.6  0.06
12140  34321.3  0.06
12160  34343.9  0.06
12180  34404.6  0.06
12200  34423.4  0.06
12220  34446.1  0.06
12240  34506.7  0.06
12260  34525.6  0.06
12280  34590  0.06
12300  34608.9  0.06
12320  34669.5  0.06
12340  34688.4  0.06
12360  34752.8  0.06
12380  54068.6  0.1
12400  54155.9  0.1
12420  54231.7  0.1
12440  54331.5  0.1
12460  54391.1  0.1
12480  54494.6  0.1
12500  54554.1  0.1
12520  54653.9  0.1
12540  54711.9  0.1
12560  54817  0.1
12580  54875  0.1
12600  54976.3  0.1
12620  55038.1  0.1
12640  55151.9  0.1
12660  55197.4  0.1
12680  55259.2  0.1
12700  55360.5  0.1
12720  55418.5  0.1
12740  55532.3  0.1
12760  55581.6  0.1
12780  55681.4  0.1
12800  55740.9  0.1
12820  55844.5  0.1
12840  55916.5  0.1
12860  56003.8  0.1
12880  56079.6  0.1
12900  56166.9  0.1
12920  56224.9  0.1
12940  56338.7  0.1
12960  56388  0.1
12980  56501.8  0.1
13000  56547.3  0.1
13020  31653.4  0.06
13040  31672.3  0.06
13060  31732.9  0.06
13080  31755.6  0.06
13100  31816.2  0.06
13120  31835.1  0.06
13140  31854  0.06
13160  31918.4  0.06
13180  31937.2  0.06
13200  31997.9  0.06
13220  32020.5  0.06
13240  32081.2  0.06
13260  32100  0.06
13280  32164.5  0.06
13300  32183.3  0.06
13320  32244  0.06
13340  32262.8  0.06
13360  32327.3  0.06
13380  32346.1  0.06
13400  32406.8  0.06
13420  32429.4  0.06
13440  32490.1  0.06
13460  32508.9  0.06
13480  32573.3  0.06
13500  32592.2  0.06
13520  32652.9  0.06
13540  32671.7  0.06
13560  32736.1  0.06
13580  32755  0.06
13600  32815.7  0.06
13620  32838.3  0.06
13640  32857.2  0.06
13660  32917.8  0.06
13680  32940.5  0.06
13700  33001.1  0.06
13720  33020  0.06
13740  33080.6  0.06
13760  33103.3  0.06
13780  33163.9  0.06
13800  33182.8  0.06
13820  33247.2  0.06
13840  33266.1  0.06
13860  33326.7  0.06
13880  33349.3  0.06
13900  33410  0.06
13920  33428.9  0.06
13940  33489.5  0.06
13960  33512.1  0.06
13980  33572.8  0.06
14000  33591.7  0.06
14020  33656.1  0.06
14040  33674.9  0.06
14060  33735.6  0.06
14080  33758.2  0.06
14100  33777.1  0.06
14120  50119.4  0.08
14140  50138.3  0.08
14160  50255.4  0.08
14180  50274.2  0.08
14200  50334.9  0.08
14220  50410.2  0.08
14240  50470.8  0.08
14260  50489.7  0.08
14280  50606.8  0.08
14300  50625.7  0.08
14320  50739  0.08
14340  50757.9  0.08
14360  50822.3  0.08
14380  50893.8  0.08
14400  50954.5  0.08
14420  50977.1  0.08
14440  51090.5  0.08
14460  51109.3  0.08
14480  51226.4  0.08
14500  51245.3  0.08
14520  51305.9  0.08
14540  51377.5  0.08
14560  51400.1  0.08
14580  51460.8  0.08
14600  51532.3  0.08
14620  51596.7  0.08
14640  51615.6  0.08
14660  51728.9  0.08
14680  51751.6  0.08
14700  51864.9  0.08
14720  51883.8  0.08
14740  51944.4  0.08
14760  52019.7  0.08
14780  52080.4  0.08
14800  52099.2  0.08
14820  52216.3  0.08
14840  37480.5  0.06
14860  37541.1  0.06
14880  37563.8  0.06
14900  37624.4  0.06
14920  37643.3  0.06
14940  37703.9  0.06
14960  37726.6  0.06
14980  37787.2  0.06
