100  4027.32  0.92
120  5127.68  0.92
140  5941.69  0.92
160  7080.19  0.88
180  8119  0.84
200  8482.53  0.8
220  9121.97  0.8
240  9082.66  0.74
260  9209.46  0.7
280  9878.34  0.7
300  10155.4  0.68
320  9760.39  0.6
340  9923.01  0.58
360  10090.3  0.56
380  12123.2  0.64
400  12600.2  0.64
420  12559.4  0.6
440  10883.3  0.5
460  10873.7  0.48
480  10682.6  0.44
500  11067.4  0.44
520  12139.2  0.46
540  12586.6  0.46
560  13467.6  0.48
580  12935.1  0.44
600  13255.7  0.44
620  15090.8  0.48
640  12831  0.4
660  13147.4  0.4
680  12726.2  0.38
700  13182.4  0.38
720  15827.1  0.44
740  14959.9  0.4
760  14467.7  0.38
780  15014.5  0.38
800  12895.8  0.32
820  13216.6  0.32
840  12555.4  0.3
860  11946.8  0.28
880  11281.8  0.26
900  10679.8  0.24
920  11046.4  0.24
940  11235.9  0.24
960  11441.1  0.24
980  11657.1  0.24
1000  11841.5  0.24
1020  12040  0.24
1040  12248.5  0.24
1060  12431.7  0.24
1080  12817.8  0.24
1100  13001  0.24
1120  13209.5  0.24
1140  13394.7  0.24
1160  13612.7  0.24
1180  12639.9  0.22
1200  12803.7  0.22
1220  12989.1  0.22
1240  12086.5  0.2
1260  12247.7  0.2
1280  11099.1  0.18
1300  11257.5  0.18
1320  17264.1  0.26
1340  17471  0.26
1360  17633  0.26
1380  17834.4  0.26
1400  17981.7  0.26
1420  18274.2  0.26
1440  18781.7  0.26
1460  19008.1  0.26
1480  19196  0.26
1500  19488.2  0.26
1520  20003  0.26
1540  20216  0.26
1560  16624.2  0.22
1580  16787.1  0.22
1600  16907.8  0.22
1620  17107  0.22
1640  17228.7  0.22
1660  17438.5  0.22
1680  17559.8  0.22
1700  17724.1  0.22
1720  16154.3  0.2
1740  16684.7  0.2
1760  18565  0.22
1780  17965.9  0.2
1800  18130.5  0.2
1820  18271.2  0.2
1840  16647  0.18
1860  16789.5  0.18
1880  15082  0.16
1900  15212.9  0.16
1920  15365.9  0.16
1940  15509  0.16
1960  15629.6  0.16
1980  15772.1  0.16
2000  15905.5  0.16
2020  19012.5  0.2
2040  19133.3  0.2
2060  19456.4  0.2
2080  19576.9  0.2
2100  19735.2  0.2
2120  19894.1  0.2
2140  20016.1  0.2
2160  20379.5  0.2
2180  20500.2  0.2
2200  20658.3  0.2
2220  20943.3  0.2
2240  21102.2  0.2
2260  21224.2  0.2
2280  21383.1  0.2
2300  21500.3  0.2
2320  24071.2  0.22
2340  24190.5  0.22
2360  22198.3  0.2
2380  22300.8  0.2
2400  22593.8  0.2
2420  22695.1  0.2
2440  22838.7  0.2
2460  22940.1  0.2
2480  23082.5  0.2
2500  23173.9  0.2
2520  23533.7  0.2
2540  23636.5  0.2
2560  24147.3  0.2
2580  24250.1  0.2
2600  21764.9  0.18
2620  21868.9  0.18
2640  19342.9  0.16
2660  16788.1  0.14
2680  16879.5  0.14
2700  16982.3  0.14
2720  19983.8  0.16
2740  20083.8  0.16
2760  20236.2  0.16
2780  20326.5  0.16
2800  20429.4  0.16
2820  20577.3  0.16
2840  20680.2  0.16
2860  20829.6  0.16
2880  21087.1  0.16
2900  21163.4  0.16
2920  21286.1  0.16
2940  21367.7  0.16
2960  21490.4  0.16
2980  21765.3  0.16
3000  21886.6  0.16
3020  21969.7  0.16
3040  22255.1  0.16
3060  22338.2  0.16
3080  22448.3  0.16
3100  22531.4  0.16
3120  22652.7  0.16
3140  18082.7  0.12
3160  18164.6  0.12
3180  18304.2  0.12
3200  18386.2  0.12
3220  18445.2  0.12
3240  15329.7  0.1
3260  15413.3  0.1
3280  29426.1  0.18
3300  26314.9  0.16
3320  26524.2  0.16
3340  26604.7  0.16
3360  27044.3  0.16
3380  27124.8  0.16
3400  27243.3  0.16
3420  18085.7  0.12
3440  18145.1  0.12
3460  18206  0.12
3480  18264.3  0.12
3500  14803.9  0.1
3520  14863.3  0.1
3540  15088.4  0.1
3560  15147.8  0.1
3580  15208.7  0.1
3600  25270.9  0.14
3620  25331.3  0.14
3640  21764.5  0.12
3660  21823.5  0.12
3680  22295.6  0.12
3700  18636.5  0.1
3720  18696.9  0.1
3740  15057.4  0.08
3760  15117.8  0.08
3780  15176.7  0.08
3800  15238.3  0.08
3820  15297.3  0.08
3840  15357.7  0.08
3860  15417.8  0.08
3880  15478.3  0.08
3900  15537.2  0.08
3920  15597.3  0.08
3940  15657.8  0.08
3960  15716.7  0.08
3980  24582.2  0.14
4000  24888.2  0.14
4020  24951.6  0.14
4040  25216.4  0.14
4060  25268.7  0.14
4080  25370.2  0.14
4100  25432.8  0.14
4120  25534.3  0.14
4140  25584.2  0.14
4160  25687.2  0.14
4180  25749.2  0.14
4200  26219.9  0.14
4220  22082  0.12
4240  22134.2  0.12
4260  17902.2  0.1
4280  17965.6  0.1
4300  18027.5  0.1
4320  18090.1  0.1
4340  18140.9  0.1
4360  18367  0.1
4380  18429.5  0.1
4400  18491.4  0.1
4420  18554  0.1
4440  31925.6  0.16
4460  32007.7  0.16
4480  32086.9  0.16
4500  32386.6  0.16
4520  28131.4  0.14
4540  28212.1  0.14
4560  28289  0.14
4580  28372  0.14
4600  28450.4  0.14
4620  28533.3  0.14
4640  32659  0.14
4660  32737.7  0.14
4680  32869.8  0.14
4700  28336.5  0.12
4720  28377.1  0.12
4740  28456.6  0.12
4760  28497.2  0.12
4780  28666.6  0.12
4800  28706.2  0.12
4820  28786.1  0.12
4840  28825.7  0.12
4860  24123.7  0.1
4880  24498.8  0.1
4900  24539.9  0.1
4920  24579.5  0.1
4940  24619.8  0.1
4960  25069.9  0.1
4980  25111.1  0.1
5000  20162.2  0.08
5020  20203.3  0.08
5040  15197  0.06
5060  15236.6  0.06
5080  15277.7  0.06
5100  15316.5  0.06
5120  15357.6  0.06
5140  15397.3  0.06
5160  15437.5  0.06
5180  15477.1  0.06
5200  15518.2  0.06
5220  15557  0.06
5240  15598.1  0.06
5260  15637.8  0.06
5280  15996.3  0.06
5300  16037.5  0.06
5320  14330.3  0.06
5340  14371.4  0.06
5360  14411  0.06
5380  14452.1  0.06
5400  14491.8  0.06
5420  14522.7  0.06
5440  14562.4  0.06
5460  14603.5  0.06
5480  14643.1  0.06
5500  14682.8  0.06
5520  14723.9  0.06
5540  14763.5  0.06
5560  14794.5  0.06
5580  14834.1  0.06
5600  9410.64  0.04
5620  9429.96  0.04
5640  9450.77  0.04
5660  9470.09  0.04
5680  9490.9  0.04
5700  9510.22  0.04
5720  9529.55  0.04
5740  9550.35  0.04
5760  9569.68  0.04
5780  9590.48  0.04
5800  9609.81  0.04
5820  9630.61  0.04
5840  9649.94  0.04
5860  9670.75  0.04
5880  9690.07  0.04
5900  9710.88  0.04
5920  9730.2  0.04
5940  9749.52  0.04
5960  9770.33  0.04
5980  9789.65  0.04
6000  9810.46  0.04
6020  9829.78  0.04
6040  9850.59  0.04
6060  37388.4  0.14
6080  31286.8  0.12
6100  31365.7  0.12
6120  31406.6  0.12
6140  31485.5  0.12
6160  31690.5  0.12
6180  31769.5  0.12
6200  31808.8  0.12
6220  31889.3  0.12
6240  32133.1  0.12
6260  32213.5  0.12
6280  32252.8  0.12
6300  32333.3  0.12
6320  32412.2  0.12
6340  32616.5  0.12
6360  32695.5  0.12
6380  27861.9  0.1
6400  27924.2  0.1
6420  27985.6  0.1
6440  28048.5  0.1
6460  28328.8  0.1
6480  28391.7  0.1
6500  28453  0.1
6520  28493.9  0.1
6540  28555.3  0.1
6560  22068.1  0.08
6580  22107.5  0.08
6600  22148.4  0.08
6620  22187.8  0.08
6640  22224.7  0.08
6660  22265.6  0.08
6680  22524  0.08
6700  22564.9  0.08
6720  15817.1  0.06
6740  15858  0.06
6760  15897.4  0.06
6780  15938.3  0.06
6800  33843.9  0.1
6820  33885.9  0.1
6840  33924.9  0.1
6860  34054.7  0.1
6880  27523  0.08
6900  27898.4  0.08
6920  27940.4  0.08
6940  20916.4  0.06
6960  20956.9  0.06
6980  20995.9  0.06
7000  12059.9  0.04
7020  12079.2  0.04
7040  12100  0.04
7060  12119.4  0.04
7080  12138.7  0.04
7100  12159.5  0.04
7120  12178.8  0.04
7140  12199.6  0.04
7160  12218.9  0.04
7180  12239.7  0.04
7200  12259.1  0.04
7220  12279.9  0.04
7240  21836.6  0.06
7260  21877.1  0.06
7280  21916.1  0.06
7300  21956.6  0.06
7320  21995.7  0.06
7340  22036.3  0.06
7360  22076.9  0.06
7380  22115.9  0.06
7400  17178.5  0.06
7420  45282.9  0.14
7440  45361.8  0.14
7460  45433.7  0.14
7480  45883.6  0.14
7500  53324.2  0.16
7520  19910.2  0.06
7540  19929.6  0.06
7560  19948.9  0.06
7580  20321.8  0.06
7600  20341.1  0.06
7620  12615.1  0.04
7640  12634.4  0.04
7660  12655.2  0.04
7680  12674.6  0.04
7700  12695.4  0.04
7720  20009.2  0.06
7740  20030  0.06
7760  12297.8  0.04
7780  12317.1  0.04
7800  12337.9  0.04
7820  12357.3  0.04
7840  12378.1  0.04
7860  12397.4  0.04
7880  12418.2  0.04
7900  12437.5  0.04
7920  12458.3  0.04
7940  12477.6  0.04
7960  12498.5  0.04
7980  12517.8  0.04
8000  12537.1  0.04
8020  12557.9  0.04
8040  12577.2  0.04
8060  12598  0.04
8080  12617.4  0.04
8100  12638.2  0.04
8120  12657.5  0.04
8140  12678.3  0.04
8160  12697.6  0.04
8180  12718.4  0.04
8200  12737.7  0.04
8220  12757.1  0.04
8240  12777.9  0.04
8260  12797.2  0.04
8280  12818  0.04
8300  12837.3  0.04
8320  12858.1  0.04
8340  12877.5  0.04
8360  12898.3  0.04
8380  12917.6  0.04
8400  12938.4  0.04
8420  12957.7  0.04
8440  12978.5  0.04
8460  12997.9  0.04
8480  13017.2  0.04
8500  13038  0.04
8520  13057.3  0.04
8540  13078.1  0.04
8560  13097.4  0.04
8580  13118.2  0.04
8600  13137.6  0.04
8620  13158.4  0.04
8640  13177.7  0.04
8660  13198.5  0.04
8680  13217.8  0.04
8700  13237.1  0.04
8720  13258  0.04
8740  13277.3  0.04
8760  13298.1  0.04
8780  13317.4  0.04
8800  13338.2  0.04
8820  13357.5  0.04
8840  13378.3  0.04
8860  13397.7  0.04
8880  13418.5  0.04
8900  13437.8  0.04
8920  13457.1  0.04
8940  13477.9  0.04
8960  13497.3  0.04
8980  13518.1  0.04
9000  13537.4  0.04
9020  13558.2  0.04
9040  13577.5  0.04
9060  13598.3  0.04
9080  13617.6  0.04
9100  13638.5  0.04
9120  13657.8  0.04
9140  13677.1  0.04
9160  13697.9  0.04
9180  13717.2  0.04
9200  13738  0.04
9220  13757.4  0.04
9240  17373  0.04
9260  17392.3  0.04
9280  17413.1  0.04
9300  17432.4  0.04
9320  17453.2  0.04
9340  17472.6  0.04
9360  17491.9  0.04
9380  17512.7  0.04
9400  17532  0.04
9420  17552.8  0.04
9440  17572.1  0.04
9460  17592.9  0.04
9480  17612.3  0.04
9500  17633.1  0.04
9520  17652.4  0.04
9540  17673.2  0.04
9560  17692.5  0.04
9580  17713.3  0.04
9600  17732.7  0.04
9620  77730.1  0.18
9640  77855  0.18
9660  77936.9  0.18
9680  78335.8  0.18
9700  78473.8  0.18
9720  78769.9  0.18
9740  78907.9  0.18
9760  78951.7  0.18
9780  79244.9  0.18
9800  79321.9  0.18
9820  79451.7  0.18
9840  79494  0.18
9860  79633.5  0.18
9880  79723.7  0.18
9900  79807.1  0.18
9920  80157.9  0.18
9940  80404.7  0.18
9960  80472  0.18
9980  14822.7  0.04
10000  14842  0.04
10020  14862.8  0.04
10040  14882.2  0.04
10060  14901.5  0.04
10080  14922.3  0.04
10100  71567.1  0.16
10120  71811.1  0.16
10140  71949.1  0.16
10160  71992.8  0.16
10180  72074.7  0.16
10200  72174.5  0.16
10220  72256.4  0.16
10240  62165  0.14
10260  62303  0.14
10280  62485.8  0.14
10300  62625.3  0.14
10320  52341  0.12
10340  52628.8  0.12
10360  52671  0.12
10380  52754.4  0.12
10400  52796.7  0.12
10420  52880  0.12
10440  53062.8  0.12
10460  53146.1  0.12
10480  53228  0.12
10500  53271.7  0.12
10520  53353.6  0.12
10540  53600.3  0.12
10560  53683.6  0.12
10580  53702.9  0.12
10600  53949.7  0.12
10620  53992  0.12
10640  54075.3  0.12
10660  54117.6  0.12
10680  13058.9  0.04
10700  13078.2  0.04
10720  13099  0.04
10740  13118.4  0.04
10760  13137.7  0.04
10780  13158.5  0.04
10800  13177.8  0.04
10820  13198.6  0.04
10840  13217.9  0.04
10860  13238.7  0.04
10880  13258.1  0.04
10900  13278.9  0.04
10920  13298.2  0.04
10940  13319  0.04
10960  13338.3  0.04
10980  13357.6  0.04
11000  13378.5  0.04
11020  13397.8  0.04
11040  13418.6  0.04
11060  13437.9  0.04
11080  13458.7  0.04
11100  56347.2  0.12
11120  56407.6  0.12
11140  67504.4  0.14
11160  67787.9  0.14
11180  67825.9  0.14
11200  67903.5  0.14
11220  57039.1  0.12
11240  57098.1  0.12
11260  57282.3  0.12
11280  57341.2  0.12
11300  57362  0.12
11320  57421  0.12
11340  46078.2  0.1
11360  46341.6  0.1
11380  46362.4  0.1
11400  46421.3  0.1
11420  46604.1  0.1
11440  46664.5  0.1
11460  46683.8  0.1
11480  46744.3  0.1
11500  46763.6  0.1
11520  46824  0.1
11540  46843.3  0.1
11560  47108.2  0.1
11580  47290.9  0.1
11600  47351.4  0.1
11620  47370.7  0.1
11640  47431.1  0.1
11660  47450.4  0.1
11680  47509.4  0.1
11700  47530.2  0.1
11720  47589.1  0.1
11740  47773.4  0.1
11760  48036.7  0.1
11780  48057.6  0.1
11800  48116.5  0.1
11820  48137.3  0.1
11840  48196.2  0.1
11860  48217.1  0.1
11880  48276  0.1
11900  48295.3  0.1
11920  48519.2  0.1
11940  48538.5  0.1
11960  48803.4  0.1
11980  48822.7  0.1
12000  48883.1  0.1
12020  48902.4  0.1
12040  48962.9  0.1
12060  48982.2  0.1
12080  49206  0.1
12100  49225.4  0.1
12120  49284.3  0.1
12140  49305.1  0.1
12160  49364.1  0.1
12180  49589.3  0.1
12200  49648.2  0.1
12220  49669.1  0.1
12240  49891.4  0.1
12260  49912.2  0.1
12280  49971.2  0.1
12300  49992  0.1
12320  50050.9  0.1
12340  50070.2  0.1
12360  50130.7  0.1
12380  50354.4  0.1
12400  38176.7  0.08
12420  38196  0.08
12440  38216.8  0.08
12460  25765.8  0.06
12480  25786.6  0.06
12500  25805.9  0.06
12520  25826.7  0.06
12540  25846.1  0.06
12560  25865.4  0.06
12580  26049.6  0.06
12600  26068.9  0.06
12620  26089.7  0.06
12640  26109.1  0.06
12660  26129.9  0.06
12680  26149.2  0.06
12700  26170  0.06
12720  26189.3  0.06
12740  26373.6  0.06
12760  26392.9  0.06
12780  26413.7  0.06
12800  26433  0.06
12820  26452.3  0.06
12840  26473.1  0.06
12860  26492.5  0.06
12880  26513.3  0.06
12900  26696  0.06
12920  26716.8  0.06
12940  26736.2  0.06
12960  26757  0.06
12980  26776.3  0.06
13000  26797.1  0.06
13020  26816.4  0.06
13040  13895.9  0.04
13060  13916.7  0.04
13080  13936  0.04
13100  52454.8  0.08
13120  52474.2  0.08
13140  52534.6  0.08
13160  52553.9  0.08
13180  52614.4  0.08
13200  52633.7  0.08
13220  52694.1  0.08
13240  39586.8  0.06
13260  39645.8  0.06
13280  39986.4  0.06
13300  40045.4  0.06
13320  40066.2  0.06
13340  40125.1  0.06
13360  40145.9  0.06
13380  40204.9  0.06
13400  40225.7  0.06
13420  40284.6  0.06
13440  40305.4  0.06
13460  40364.4  0.06
13480  53877.7  0.08
13500  53898.6  0.08
13520  53917.9  0.08
13540  53938.7  0.08
13560  54048.7  0.08
13580  54069.5  0.08
13600  54408.7  0.08
13620  54429.5  0.08
13640  54785.1  0.08
13660  54896.6  0.08
13680  54915.9  0.08
13700  54935.3  0.08
13720  41262.8  0.06
13740  41282.1  0.06
13760  41302.9  0.06
13780  27532.4  0.04
13800  27553.2  0.04
13820  27572.5  0.04
13840  27593.3  0.04
13860  27612.6  0.04
13880  27633.4  0.04
13900  27652.8  0.04
13920  27993.4  0.04
13940  28012.7  0.04
13960  28032  0.04
13980  28052.8  0.04
14000  28072.2  0.04
14020  28093  0.04
14040  28112.3  0.04
14060  28133.1  0.04
14080  28152.4  0.04
14100  28173.2  0.04
14120  28192.6  0.04
14140  28213.4  0.04
14160  28232.7  0.04
14180  28252  0.04
14200  28272.8  0.04
14220  28292.1  0.04
14240  28632.8  0.04
14260  28652.1  0.04
14280  28672.9  0.04
14300  28692.2  0.04
14320  28713  0.04
14340  28732.4  0.04
14360  28753.2  0.04
14380  28772.5  0.04
14400  28791.8  0.04
14420  28812.6  0.04
14440  28831.9  0.04
14460  28852.8  0.04
14480  28872.1  0.04
14500  14500.4  0.02
14520  14519.7  0.02
14540  14540.5  0.02
14560  14559.8  0.02
14580  14580.6  0.02
14600  14600  0.02
14620  14619.3  0.02
14640  14640.1  0.02
14660  14659.4  0.02
14680  14680.2  0.02
14700  14699.6  0.02
14720  14720.4  0.02
14740  14739.7  0.02
14760  14747.1  0.02
14780  14747.1  0.02
14800  14747.1  0.02
14820  14747.1  0.02
14840  14747.1  0.02
14860  14747.1  0.02
14880  14747.1  0.02
14900  14747.1  0.02
14920  14747.1  0.02
14940  14747.1  0.02
14960  14747.1  0.02
14980  14747.1  0.02
