100  4403.82  1
120  5331.18  0.96
140  5884.38  0.92
160  7051.95  0.9
180  8124.09  0.9
200  9424.79  0.88
220  9104.56  0.78
240  9441.3  0.76
260  10299.3  0.76
280  10575.7  0.74
300  10834.9  0.72
320  11392.2  0.7
340  11919.3  0.7
360  12579.9  0.7
380  14599.6  0.78
400  14908  0.76
420  15645.4  0.76
440  16174.4  0.76
460  16702.7  0.72
480  17325.6  0.72
500  17254.4  0.7
520  16973.6  0.66
540  17553.9  0.66
560  17080.7  0.6
580  15377.5  0.52
600  15202.6  0.5
620  16131.8  0.52
640  18521.9  0.58
660  18986.5  0.58
680  18178.1  0.54
700  18673.1  0.54
720  19129  0.54
740  19967.2  0.54
760  19253.9  0.5
780  18944.7  0.48
800  18550.2  0.46
820  18140.2  0.44
840  18490.7  0.44
860  18011.6  0.42
880  18453.1  0.42
900  18800.4  0.42
920  19167.6  0.42
940  19763.5  0.42
960  17220.6  0.36
980  16593.6  0.34
1000  16890  0.34
1020  16203.2  0.32
1040  16485.3  0.32
1060  17053.8  0.32
1080  20717.2  0.38
1100  23123.1  0.42
1120  23424.6  0.42
1140  23949.3  0.42
1160  18761.3  0.32
1180  19042  0.32
1200  18132.7  0.3
1220  17149.6  0.28
1240  17390.2  0.28
1260  16373.9  0.26
1280  16594.7  0.26
1300  16777.6  0.26
1320  16985.9  0.26
1340  17493.9  0.26
1360  17705.1  0.26
1380  22160  0.32
1400  22510.7  0.32
1420  22706.2  0.32
1440  22955.8  0.32
1460  23120.4  0.32
1480  20613.1  0.28
1500  20817.5  0.28
1520  20965  0.28
1540  19658.8  0.26
1560  18265.5  0.24
1580  18677.9  0.24
1600  17225.2  0.22
1620  17379.4  0.22
1640  16156.6  0.2
1660  16312.3  0.2
1680  16566.5  0.2
1700  16690.7  0.2
1720  16819.3  0.2
1740  16980.6  0.2
1760  17103.7  0.2
1780  17259.5  0.2
1800  17513.7  0.2
1820  17614.4  0.2
1840  17766.4  0.2
1860  28985.8  0.32
1880  29284.7  0.32
1900  28455  0.3
1920  28649.2  0.3
1940  27215.4  0.28
1960  25517.4  0.26
1980  25883  0.26
2000  26160.8  0.26
2020  26302.5  0.26
2040  26551.9  0.26
2060  26890  0.26
2080  27034  0.26
2100  27296.3  0.26
2120  23253.1  0.22
2140  23382.9  0.22
2160  23537.2  0.22
2180  23897.1  0.22
2200  24115.2  0.22
2220  24265.4  0.22
2240  24713.9  0.22
2260  24827.8  0.22
2280  24980.4  0.22
2300  25228  0.22
2320  25383  0.22
2340  25571.1  0.22
2360  25724.9  0.22
2380  25883.8  0.22
2400  26147.8  0.22
2420  26338.7  0.22
2440  26454.1  0.22
2460  24169.8  0.2
2480  21939.3  0.18
2500  22156.5  0.18
2520  22304.3  0.18
2540  22468.4  0.18
2560  22592.6  0.18
2580  22738  0.18
2600  22987.5  0.18
2620  23132  0.18
2640  20615  0.16
2660  20741.4  0.16
2680  20871.5  0.16
2700  23756.7  0.18
2720  23887.6  0.18
2740  24011.8  0.18
2760  24144.4  0.18
2780  21499.6  0.16
2800  21814.9  0.16
2820  19125.8  0.14
2840  19227.4  0.14
2860  19321.1  0.14
2880  19401.2  0.14
2900  19481.2  0.14
2920  19648.6  0.14
2940  19727.7  0.14
2960  22770.9  0.16
2980  22885.7  0.16
3000  23175  0.16
3020  23380.7  0.16
3040  23493.1  0.16
3060  23566  0.16
3080  23679.8  0.16
3100  23792.3  0.16
3120  23969.3  0.16
3140  24080.8  0.16
3160  24195.6  0.16
3180  24268.5  0.16
3200  24382.3  0.16
3220  24795.4  0.16
3240  24878.2  0.16
3260  24989.7  0.16
3280  25096.9  0.16
3300  21921  0.14
3320  22034.9  0.14
3340  22139.7  0.14
3360  22252.1  0.14
3380  22334  0.14
3400  22438.9  0.14
3420  22757.8  0.14
3440  22832.1  0.14
3460  22944.5  0.14
3480  19564.4  0.12
3500  19641  0.12
3520  19721.6  0.12
3540  19806.7  0.12
3560  19881  0.12
3580  19963.9  0.12
3600  20039.1  0.12
3620  20329.8  0.12
3640  20410.3  0.12
3660  20487.9  0.12
3680  20569.8  0.12
3700  20650.3  0.12
3720  20727.9  0.12
3740  26160.7  0.14
3760  18801.4  0.1
3780  22679.8  0.12
3800  24088.1  0.14
3820  24206.6  0.14
3840  24328.2  0.14
3860  24448.9  0.14
3880  24545  0.14
3900  24666.6  0.14
3920  24791.8  0.14
3940  24905.9  0.14
3960  21090.6  0.12
3980  21181.4  0.12
4000  21285.1  0.12
4020  21386.1  0.12
4040  21477.8  0.12
4060  21580.6  0.12
4080  21679.8  0.12
4100  24542.5  0.12
4120  24625.4  0.12
4140  24706.1  0.12
4160  24788.5  0.12
4180  23870.5  0.12
4200  23931.4  0.12
4220  25038.9  0.12
4240  25125  0.12
4260  25201.1  0.12
4280  25286.3  0.12
4300  25369.1  0.12
4320  25446.7  0.12
4340  7345.2  0.04
4360  7364.58  0.04
4380  7384.89  0.04
4400  7405.19  0.04
4420  7424.57  0.04
4440  7444.88  0.04
4460  7465.18  0.04
4480  7484.56  0.04
4500  23779.3  0.12
4520  23838.7  0.12
4540  19401.7  0.1
4560  19550.2  0.1
4580  19609.6  0.1
4600  15078.7  0.08
4620  15138.1  0.08
4640  13920.4  0.06
4660  13980.8  0.06
4680  23439.2  0.1
4700  23494.6  0.1
4720  23597.8  0.1
4740  16356.5  0.08
4760  16413.3  0.08
4780  16471  0.08
4800  11733.7  0.06
4820  19296.6  0.08
4840  19358.6  0.08
4860  19413.9  0.08
4880  19546.8  0.08
4900  19601.2  0.08
4920  19664.2  0.08
4940  19795.2  0.08
4960  19838.8  0.08
4980  19881.9  0.08
5000  19925.1  0.08
5020  20027.8  0.08
5040  20070.9  0.08
5060  20106.4  0.08
5080  20216.7  0.08
5100  20259.8  0.08
5120  20295.3  0.08
5140  20337.5  0.08
5160  20448.7  0.08
5180  20484.2  0.08
5200  20526.4  0.08
5220  20637.7  0.08
5240  20673.2  0.08
5260  20715.4  0.08
5280  20819  0.08
5300  20862.1  0.08
5320  20904.3  0.08
5340  20939.8  0.08
5360  21051  0.08
5380  21093.2  0.08
5400  21128.7  0.08
5420  21240  0.08
5440  21274.6  0.08
5460  15868.6  0.06
5480  15911.7  0.06
5500  15946.3  0.06
5520  15989.4  0.06
5540  16032.5  0.06
5560  16067.1  0.06
5580  16110.2  0.06
5600  16153.3  0.06
5620  16188.8  0.06
5640  16231  0.06
5660  16266.5  0.06
5680  16309.6  0.06
5700  16351.8  0.06
5720  16387.3  0.06
5740  25593.1  0.1
5760  25632.4  0.1
5780  25676.4  0.1
5800  25720.3  0.1
5820  24161.9  0.1
5840  24210.3  0.1
5860  24258.8  0.1
5880  24304  0.1
5900  24555.2  0.1
5920  19106.2  0.08
5940  19146.4  0.08
5960  19187.5  0.08
5980  13238.9  0.06
6000  13279.1  0.06
6020  13320.2  0.06
6040  13359.1  0.06
6060  13399.2  0.06
6080  13440.4  0.06
6100  13479.2  0.06
6120  13519.3  0.06
6140  13560.5  0.06
6160  13599.3  0.06
6180  13639.4  0.06
6200  11845.4  0.04
6220  11865.7  0.04
6240  11885.1  0.04
6260  11905.4  0.04
6280  23727.9  0.08
6300  17515.6  0.06
6320  17604  0.06
6340  17624.3  0.06
6360  17643.7  0.06
6380  17732.1  0.06
6400  11349.7  0.04
6420  11369.1  0.04
6440  11389.4  0.04
6460  11409.7  0.04
6480  11429.1  0.04
6500  11449.4  0.04
6520  11469.7  0.04
6540  11489.1  0.04
6560  11509.4  0.04
6580  11529.7  0.04
6600  11549  0.04
6620  11569.3  0.04
6640  33123.4  0.1
6660  33172.4  0.1
6680  33239.1  0.1
6700  33361.8  0.1
6720  33410.8  0.1
6740  33862.3  0.1
6760  33972.4  0.1
6780  34033.9  0.1
6800  34156.6  0.1
6820  34210.8  0.1
6840  34272.3  0.1
6860  34382.4  0.1
6880  34449.1  0.1
6900  27584.4  0.08
6920  20756.9  0.06
6940  20823.6  0.06
6960  20872.7  0.06
6980  16017.7  0.06
7000  16202.4  0.06
7020  16221.7  0.06
7040  9172.82  0.04
7060  9193.13  0.04
7080  9212.51  0.04
7100  9232.81  0.04
7120  9253.12  0.04
7140  9272.5  0.04
7160  9292.8  0.04
7180  9313.1  0.04
7200  9332.48  0.04
7220  9352.79  0.04
7240  9373.09  0.04
7260  9393.4  0.04
7280  9412.78  0.04
7300  9433.08  0.04
7320  9453.38  0.04
7340  9472.77  0.04
7360  9493.07  0.04
7380  9513.37  0.04
7400  9532.75  0.04
7420  9553.06  0.04
7440  9573.36  0.04
7460  9592.74  0.04
7480  9613.05  0.04
7500  9633.35  0.04
7520  9652.73  0.04
7540  9673.03  0.04
7560  9693.34  0.04
7580  9712.72  0.04
7600  9733.02  0.04
7620  9753.33  0.04
7640  9772.71  0.04
7660  9793.01  0.04
7680  9813.32  0.04
7700  16677.7  0.06
7720  16723.6  0.06
7740  10643.5  0.04
7760  10662.9  0.04
7780  10683.2  0.04
7800  10703.5  0.04
7820  10722.9  0.04
7840  10743.2  0.04
7860  10763.5  0.04
7880  10782.9  0.04
7900  10803.2  0.04
7920  10823.5  0.04
7940  10842.8  0.04
7960  10863.2  0.04
7980  10883.5  0.04
8000  10902.8  0.04
8020  10923.1  0.04
8040  10943.4  0.04
8060  10962.8  0.04
8080  10983.1  0.04
8100  9201.31  0.04
8120  9220.69  0.04
8140  12519.4  0.04
8160  12539.7  0.04
8180  12559.1  0.04
8200  12579.4  0.04
8220  17711.4  0.06
8240  17767.3  0.06
8260  17805.9  0.06
8280  17844.5  0.06
8300  17882.2  0.06
8320  17920.8  0.06
8340  17959.4  0.06
8360  17997  0.06
8380  16757.2  0.04
8400  16802.5  0.04
8420  16834.3  0.04
8440  16879.6  0.04
8460  16924.9  0.04
8480  16956.7  0.04
8500  17002  0.04
8520  15730.8  0.04
8540  15750.2  0.04
8560  9839.42  0.04
8580  9859.73  0.04
8600  9879.11  0.04
8620  9899.41  0.04
8640  9919.72  0.04
8660  9939.1  0.04
8680  9959.4  0.04
8700  9979.71  0.04
8720  9999.09  0.04
8740  10019.4  0.04
8760  10039.7  0.04
8780  10059.1  0.04
8800  10079.4  0.04
8820  10099.7  0.04
8840  10120  0.04
8860  10139.4  0.04
8880  10159.7  0.04
8900  10180  0.04
8920  10199.4  0.04
8940  10219.7  0.04
8960  10240  0.04
8980  10259.3  0.04
9000  9000.12  0.02
9020  9020.42  0.02
9040  9039.8  0.02
9060  9060.11  0.02
9080  9080.41  0.02
9100  9099.79  0.02
9120  9120.1  0.02
9140  9140.4  0.02
9160  9157.01  0.02
9180  9157.01  0.02
9200  9157.01  0.02
9220  9157.01  0.02
9240  9157.01  0.02
9260  9157.01  0.02
9280  9157.01  0.02
9300  9157.01  0.02
9320  9157.01  0.02
9340  9157.01  0.02
9360  9157.01  0.02
9380  9157.01  0.02
9400  9157.01  0.02
9420  9157.01  0.02
9440  9157.01  0.02
9460  9157.01  0.02
9480  9157.01  0.02
9500  9157.01  0.02
9520  9157.01  0.02
9540  9157.01  0.02
9560  9157.01  0.02
9580  9157.01  0.02
9600  9157.01  0.02
9620  9157.01  0.02
9640  9157.01  0.02
9660  9157.01  0.02
9680  9157.01  0.02
9700  9157.01  0.02
9720  9157.01  0.02
9740  9157.01  0.02
9760  9157.01  0.02
9780  9157.01  0.02
9800  9157.01  0.02
9820  9157.01  0.02
9840  9157.01  0.02
9860  9157.01  0.02
9880  9157.01  0.02
9900  9157.01  0.02
9920  9157.01  0.02
9940  9157.01  0.02
9960  9157.01  0.02
9980  9157.01  0.02
10000  9157.01  0.02
10020  9157.01  0.02
10040  9157.01  0.02
10060  9157.01  0.02
10080  9157.01  0.02
10100  9157.01  0.02
10120  9157.01  0.02
10140  9157.01  0.02
10160  9157.01  0.02
10180  9157.01  0.02
10200  9157.01  0.02
10220  9157.01  0.02
10240  9157.01  0.02
10260  9157.01  0.02
10280  9157.01  0.02
10300  9157.01  0.02
10320  9157.01  0.02
10340  9157.01  0.02
10360  9157.01  0.02
10380  9157.01  0.02
10400  9157.01  0.02
10420  9157.01  0.02
10440  9157.01  0.02
10460  9157.01  0.02
10480  9157.01  0.02
10500  9157.01  0.02
10520  9157.01  0.02
10540  9157.01  0.02
10560  9157.01  0.02
10580  9157.01  0.02
10600  9157.01  0.02
10620  9157.01  0.02
10640  9157.01  0.02
10660  9157.01  0.02
10680  9157.01  0.02
10700  9157.01  0.02
10720  9157.01  0.02
10740  9157.01  0.02
10760  9157.01  0.02
10780  9157.01  0.02
10800  9157.01  0.02
10820  9157.01  0.02
10840  9157.01  0.02
10860  9157.01  0.02
10880  9157.01  0.02
10900  9157.01  0.02
10920  9157.01  0.02
10940  9157.01  0.02
10960  9157.01  0.02
10980  9157.01  0.02
11000  9157.01  0.02
11020  9157.01  0.02
11040  9157.01  0.02
11060  9157.01  0.02
11080  9157.01  0.02
11100  9157.01  0.02
11120  9157.01  0.02
11140  9157.01  0.02
11160  9157.01  0.02
11180  9157.01  0.02
11200  9157.01  0.02
11220  9157.01  0.02
11240  9157.01  0.02
11260  9157.01  0.02
11280  9157.01  0.02
11300  9157.01  0.02
11320  9157.01  0.02
11340  9157.01  0.02
11360  9157.01  0.02
11380  9157.01  0.02
11400  9157.01  0.02
11420  9157.01  0.02
11440  9157.01  0.02
11460  9157.01  0.02
11480  9157.01  0.02
11500  9157.01  0.02
11520  9157.01  0.02
11540  9157.01  0.02
11560  9157.01  0.02
11580  9157.01  0.02
11600  9157.01  0.02
11620  9157.01  0.02
11640  9157.01  0.02
11660  9157.01  0.02
11680  9157.01  0.02
11700  9157.01  0.02
11720  9157.01  0.02
11740  9157.01  0.02
11760  9157.01  0.02
11780  9157.01  0.02
11800  9157.01  0.02
11820  9157.01  0.02
11840  9157.01  0.02
11860  9157.01  0.02
11880  9157.01  0.02
11900  9157.01  0.02
11920  9157.01  0.02
11940  9157.01  0.02
11960  9157.01  0.02
11980  9157.01  0.02
12000  9157.01  0.02
12020  9157.01  0.02
12040  9157.01  0.02
12060  9157.01  0.02
12080  9157.01  0.02
12100  9157.01  0.02
12120  9157.01  0.02
12140  9157.01  0.02
12160  9157.01  0.02
12180  9157.01  0.02
12200  9157.01  0.02
12220  9157.01  0.02
12240  9157.01  0.02
12260  9157.01  0.02
12280  9157.01  0.02
12300  9157.01  0.02
12320  9157.01  0.02
12340  9157.01  0.02
12360  9157.01  0.02
12380  9157.01  0.02
12400  9157.01  0.02
12420  9157.01  0.02
12440  9157.01  0.02
12460  9157.01  0.02
12480  9157.01  0.02
12500  9157.01  0.02
12520  9157.01  0.02
12540  9157.01  0.02
12560  9157.01  0.02
12580  9157.01  0.02
12600  9157.01  0.02
12620  9157.01  0.02
12640  9157.01  0.02
12660  9157.01  0.02
12680  9157.01  0.02
12700  9157.01  0.02
12720  9157.01  0.02
12740  9157.01  0.02
12760  9157.01  0.02
12780  9157.01  0.02
12800  9157.01  0.02
12820  9157.01  0.02
12840  9157.01  0.02
12860  9157.01  0.02
12880  9157.01  0.02
12900  9157.01  0.02
12920  9157.01  0.02
12940  9157.01  0.02
12960  9157.01  0.02
12980  9157.01  0.02
13000  9157.01  0.02
13020  9157.01  0.02
13040  9157.01  0.02
13060  9157.01  0.02
13080  9157.01  0.02
13100  9157.01  0.02
13120  9157.01  0.02
13140  9157.01  0.02
13160  9157.01  0.02
13180  9157.01  0.02
13200  9157.01  0.02
13220  9157.01  0.02
13240  9157.01  0.02
13260  9157.01  0.02
13280  9157.01  0.02
13300  9157.01  0.02
13320  9157.01  0.02
13340  9157.01  0.02
13360  9157.01  0.02
13380  9157.01  0.02
13400  9157.01  0.02
13420  9157.01  0.02
13440  9157.01  0.02
13460  9157.01  0.02
13480  9157.01  0.02
13500  9157.01  0.02
13520  9157.01  0.02
13540  9157.01  0.02
13560  9157.01  0.02
13580  9157.01  0.02
13600  9157.01  0.02
13620  9157.01  0.02
13640  9157.01  0.02
13660  9157.01  0.02
13680  9157.01  0.02
13700  9157.01  0.02
13720  9157.01  0.02
13740  9157.01  0.02
13760  9157.01  0.02
13780  9157.01  0.02
13800  9157.01  0.02
13820  9157.01  0.02
13840  9157.01  0.02
13860  9157.01  0.02
13880  9157.01  0.02
13900  9157.01  0.02
13920  9157.01  0.02
13940  9157.01  0.02
13960  9157.01  0.02
13980  9157.01  0.02
14000  9157.01  0.02
14020  9157.01  0.02
14040  9157.01  0.02
14060  9157.01  0.02
14080  9157.01  0.02
14100  9157.01  0.02
14120  9157.01  0.02
14140  9157.01  0.02
14160  9157.01  0.02
14180  9157.01  0.02
14200  9157.01  0.02
14220  9157.01  0.02
14240  9157.01  0.02
14260  9157.01  0.02
14280  9157.01  0.02
14300  9157.01  0.02
14320  9157.01  0.02
14340  9157.01  0.02
14360  9157.01  0.02
14380  9157.01  0.02
14400  9157.01  0.02
14420  9157.01  0.02
14440  9157.01  0.02
14460  9157.01  0.02
14480  9157.01  0.02
14500  9157.01  0.02
14520  9157.01  0.02
14540  9157.01  0.02
14560  9157.01  0.02
14580  9157.01  0.02
14600  9157.01  0.02
14620  9157.01  0.02
14640  9157.01  0.02
14660  9157.01  0.02
14680  9157.01  0.02
14700  9157.01  0.02
14720  9157.01  0.02
14740  9157.01  0.02
14760  9157.01  0.02
14780  9157.01  0.02
14800  9157.01  0.02
14820  9157.01  0.02
14840  9157.01  0.02
14860  9157.01  0.02
14880  9157.01  0.02
14900  9157.01  0.02
14920  9157.01  0.02
14940  9157.01  0.02
14960  9157.01  0.02
14980  9157.01  0.02
