100  4173.06  0.92
120  5234.59  0.92
140  5707.4  0.84
160  6415.91  0.84
180  7259.34  0.8
200  7833.1  0.72
220  9052.29  0.78
240  9567.11  0.78
260  9959.87  0.76
280  9808.75  0.7
300  9868.21  0.66
320  10246.9  0.64
340  10437.6  0.62
360  11220.5  0.62
380  11255.1  0.6
400  11819.8  0.6
420  12631.6  0.6
440  11890.4  0.54
460  12403.3  0.54
480  13259.2  0.56
500  13125.2  0.52
520  13539.1  0.52
540  14101.1  0.52
560  12695.1  0.46
580  15823.7  0.54
600  16433.3  0.54
620  16252.1  0.52
640  16080.4  0.5
660  16560.8  0.5
680  15812.6  0.46
700  16297.3  0.46
720  16649.6  0.46
740  17089.5  0.46
760  17513.5  0.46
780  17073.3  0.44
800  17402.3  0.44
820  17957.6  0.44
840  18553.4  0.44
860  18860.1  0.44
880  19293.7  0.44
900  19013.4  0.42
920  18410.7  0.4
940  18750.6  0.4
960  19172.7  0.4
980  17193  0.36
1000  16533.9  0.34
1020  16819.2  0.34
1040  15960.2  0.32
1060  16287.6  0.32
1080  16893  0.32
1100  17169.4  0.32
1120  16259.4  0.3
1140  18832.1  0.34
1160  19109.6  0.34
1180  19320.2  0.34
1200  17366.8  0.3
1220  17700.8  0.3
1240  17931.4  0.3
1260  18173.2  0.3
1280  23452.6  0.38
1300  24049.6  0.38
1320  24296.5  0.38
1340  23555.5  0.36
1360  25174.3  0.38
1380  25440.2  0.38
1400  25750.8  0.38
1420  26005.6  0.38
1440  26274.9  0.38
1460  26779.3  0.38
1480  24385  0.34
1500  25624.1  0.34
1520  25892.3  0.34
1540  25098.9  0.34
1560  23865.2  0.32
1580  24190.5  0.32
1600  21253.1  0.28
1620  19851.8  0.26
1640  20039.6  0.26
1660  20175  0.26
1680  20727.9  0.26
1700  21054.9  0.26
1720  24133.8  0.28
1740  22586.8  0.26
1760  23153.6  0.26
1780  23312.3  0.26
1800  20495.5  0.24
1820  20659.9  0.24
1840  20903.5  0.24
1860  21042.5  0.24
1880  21208.9  0.24
1900  21457.5  0.24
1920  19666.2  0.22
1940  19829.7  0.22
1960  20007.7  0.22
1980  20150.8  0.22
2000  20312  0.22
2020  16775.6  0.18
2040  16895.2  0.18
2060  14865.1  0.16
2080  14987.1  0.16
2100  16767.1  0.16
2120  16949.5  0.16
2140  17068.6  0.16
2160  15168.1  0.14
2180  19612.1  0.18
2200  19755.2  0.18
2220  28797.2  0.26
2240  29031.7  0.26
2260  29223.8  0.26
2280  29519  0.26
2300  30028.3  0.26
2320  34776.1  0.3
2340  35075.8  0.3
2360  35322.2  0.3
2380  35498.4  0.3
2400  35798.4  0.3
2420  31179.2  0.26
2440  31351.1  0.26
2460  29426.9  0.24
2480  29982.6  0.24
2500  14845  0.12
2520  14934.2  0.12
2540  15063.3  0.12
2560  15123.9  0.12
2580  15253  0.12
2600  15342.2  0.12
2620  15442.7  0.12
2640  28955.9  0.22
2660  29192.2  0.22
2680  24101  0.18
2700  24157.9  0.18
2720  27151.4  0.2
2740  27367.4  0.2
2760  27492.9  0.2
2780  27619.2  0.2
2800  28136.2  0.2
2820  28257.7  0.2
2840  28483.4  0.2
2860  28786.9  0.2
2880  28912.4  0.2
2900  29038  0.2
2920  29200.9  0.2
2940  29326.4  0.2
2960  29577.8  0.2
2980  29877.2  0.2
3000  30002.8  0.2
3020  30104  0.2
3040  30290.7  0.2
3060  30417  0.2
3080  30658.7  0.2
3100  30945.4  0.2
3120  31071.7  0.2
3140  31523.5  0.2
3160  31710.2  0.2
3180  28657.6  0.18
3200  25677.1  0.16
3220  25908.9  0.16
3240  26016.3  0.16
3260  26122.9  0.16
3280  26203.1  0.16
3300  26305  0.16
3320  26527.1  0.16
3340  23391.6  0.14
3360  23499  0.14
3380  23579.2  0.14
3400  20288.3  0.12
3420  20368.5  0.12
3440  20443.1  0.12
3460  20954.9  0.12
3480  21015.4  0.12
3500  9336.66  0.06
3520  9376.98  0.06
3540  9417.95  0.06
3560  9458.27  0.06
3580  9498.59  0.06
3600  9539.57  0.06
3620  9575.78  0.06
3640  9616.1  0.06
3660  18286.6  0.1
3680  18348.7  0.1
3700  18469.9  0.1
3720  37250  0.2
3740  37366.7  0.2
3760  33963.3  0.18
3780  34083  0.18
3800  34184.3  0.18
3820  18795.2  0.1
3840  18961.3  0.1
3860  19001.7  0.1
3880  19042.6  0.1
3900  19082.9  0.1
3920  19123.3  0.1
3940  19160.1  0.1
3960  19200.5  0.1
3980  15340.4  0.08
4000  15380.7  0.08
4020  15421.7  0.08
4040  15462  0.08
4060  15502.4  0.08
4080  15543.3  0.08
4100  15583.7  0.08
4120  15948.8  0.08
4140  15989.2  0.08
4160  11753.5  0.06
4180  33559  0.16
4200  33693.5  0.16
4220  29588.7  0.14
4240  29700.4  0.14
4260  25577.5  0.12
4280  25667.7  0.12
4300  25761.4  0.12
4320  25877.8  0.12
4340  25971.5  0.12
4360  26065.8  0.12
4380  26182.2  0.12
4400  26513.1  0.12
4420  26607.4  0.12
4440  26719.7  0.12
4460  26813.4  0.12
4480  26876.2  0.12
4500  27024.1  0.12
4520  27117.8  0.12
4540  27180.6  0.12
4560  27328.5  0.12
4580  27422.2  0.12
4600  27480.9  0.12
4620  27628.1  0.12
4640  27959.7  0.12
4660  28022.5  0.12
4680  28169.8  0.12
4700  28264.1  0.12
4720  28326.9  0.12
4740  23731.2  0.1
4760  19045.7  0.08
4780  19108.6  0.08
4800  19225  0.08
4820  19287.9  0.08
4840  19008.1  0.08
4860  19057.3  0.08
4880  19077.8  0.08
4900  19183.4  0.08
4920  19228.5  0.08
4940  19249  0.08
4960  19354.6  0.08
4980  19403.8  0.08
5000  19509.4  0.08
5020  19529.9  0.08
5040  19579.1  0.08
5060  19684.7  0.08
5080  14618.3  0.06
5100  14667.4  0.06
5120  14716.6  0.06
5140  14737.1  0.06
5160  14786.3  0.06
5180  14835.4  0.06
5200  14884.6  0.06
5220  14905.1  0.06
5240  14950.1  0.06
5260  14999.3  0.06
5280  15019.8  0.06
5300  15069  0.06
5320  15118.1  0.06
5340  15138.6  0.06
5360  15187.8  0.06
5380  15236.9  0.06
5400  15253.4  0.06
5420  15302.5  0.06
5440  15351.7  0.06
5460  15400.8  0.06
5480  15421.3  0.06
5500  15470.5  0.06
5520  15519.7  0.06
5540  15540.2  0.06
5560  15585.2  0.06
5580  15634.4  0.06
5600  15654.9  0.06
5620  15704  0.06
5640  15753.2  0.06
5660  15802.4  0.06
5680  15822.9  0.06
5700  15872  0.06
5720  15917.1  0.06
5740  15937.6  0.06
5760  15986.8  0.06
5780  16035.9  0.06
5800  16056.4  0.06
5820  16105.6  0.06
5840  16154.7  0.06
5860  16203.9  0.06
5880  16220.3  0.06
5900  16269.5  0.06
5920  16318.6  0.06
5940  16339.1  0.06
5960  16388.3  0.06
5980  16437.4  0.06
6000  16458  0.06
6020  16507.1  0.06
6040  16552.2  0.06
6060  16601.3  0.06
6080  16621.8  0.06
6100  16671  0.06
6120  16720.2  0.06
6140  16740.7  0.06
6160  16789.8  0.06
6180  16839  0.06
6200  16855.4  0.06
6220  16904.5  0.06
6240  16953.7  0.06
6260  17002.9  0.06
6280  17023.4  0.06
6300  17072.5  0.06
6320  17121.7  0.06
6340  17142.2  0.06
6360  17187.3  0.06
6380  17236.4  0.06
6400  17256.9  0.06
6420  17306.1  0.06
6440  17355.2  0.06
6460  17375.8  0.06
6480  17424.9  0.06
6500  17474.1  0.06
6520  10987.4  0.04
6540  11007.9  0.04
6560  11028.5  0.04
6580  11049  0.04
6600  11069.5  0.04
6620  11090  0.04
6640  11110.5  0.04
6660  11131  0.04
6680  11147.4  0.04
6700  11167.9  0.04
6720  11188.4  0.04
6740  11208.9  0.04
6760  11229.5  0.04
6780  11250  0.04
6800  11270.5  0.04
6820  11291  0.04
6840  11307.4  0.04
6860  11327.9  0.04
6880  11348.4  0.04
6900  11368.9  0.04
6920  11389.4  0.04
6940  11409.9  0.04
6960  11430.5  0.04
6980  11451  0.04
7000  11467.4  0.04
7020  11487.9  0.04
7040  11508.4  0.04
7060  11528.9  0.04
7080  11549.4  0.04
7100  11569.9  0.04
7120  11590.4  0.04
7140  11610.9  0.04
7160  11627.4  0.04
7180  11647.9  0.04
7200  11668.4  0.04
7220  11688.9  0.04
7240  11709.4  0.04
7260  11729.9  0.04
7280  11750.4  0.04
7300  11770.9  0.04
7320  11787.3  0.04
7340  11807.8  0.04
7360  11828.4  0.04
7380  11848.9  0.04
7400  11869.4  0.04
7420  11889.9  0.04
7440  11910.4  0.04
7460  11930.9  0.04
7480  11947.3  0.04
7500  11967.8  0.04
7520  11988.3  0.04
7540  12008.8  0.04
7560  12029.4  0.04
7580  12049.9  0.04
7600  12070.4  0.04
7620  12090.9  0.04
7640  12107.3  0.04
7660  12127.8  0.04
7680  12148.3  0.04
7700  12168.8  0.04
7720  12189.3  0.04
7740  12209.8  0.04
7760  12230.4  0.04
7780  12250.9  0.04
7800  12267.3  0.04
7820  12287.8  0.04
7840  12308.3  0.04
7860  12328.8  0.04
7880  12349.3  0.04
7900  12369.8  0.04
7920  12390.3  0.04
7940  12410.8  0.04
7960  12427.3  0.04
7980  12447.8  0.04
8000  12468.3  0.04
8020  12488.8  0.04
8040  12509.3  0.04
8060  12529.8  0.04
8080  12550.3  0.04
8100  12570.8  0.04
8120  12587.2  0.04
8140  12607.7  0.04
8160  12628.3  0.04
8180  12648.8  0.04
8200  12669.3  0.04
8220  12689.8  0.04
8240  12710.3  0.04
8260  12730.8  0.04
8280  12751.3  0.04
8300  12767.7  0.04
8320  12788.2  0.04
8340  12808.7  0.04
8360  12829.3  0.04
8380  12849.8  0.04
8400  12870.3  0.04
8420  12890.8  0.04
8440  12911.3  0.04
8460  12927.7  0.04
8480  12948.2  0.04
8500  12968.7  0.04
8520  12989.2  0.04
8540  13009.7  0.04
8560  13030.3  0.04
8580  13050.8  0.04
8600  13071.3  0.04
8620  13087.7  0.04
8640  13108.2  0.04
8660  13128.7  0.04
8680  60866  0.14
8700  60927.3  0.14
8720  61012.7  0.14
8740  61104.7  0.14
8760  61163  0.14
8780  61367.1  0.14
8800  61459.2  0.14
8820  61520.5  0.14
8840  61612.5  0.14
8860  61701.7  0.14
8880  61762.9  0.14
8900  62208.4  0.14
8920  62300.4  0.14
8940  62357.6  0.14
8960  62446.7  0.14
8980  62538.8  0.14
9000  62600.1  0.14
9020  62808.3  0.14
9040  62900.3  0.14
9060  62958.7  0.14
9080  63050.7  0.14
9100  63107.9  0.14
9120  63316.1  0.14
9140  63645.4  0.14
9160  63703.7  0.14
9180  63795.8  0.14
9200  63887.8  0.14
9220  63949.1  0.14
9240  64157.3  0.14
9260  64242.3  0.14
9280  64303.6  0.14
9300  64395.7  0.14
9320  64487.7  0.14
9340  64549  0.14
9360  64754.3  0.14
9380  65083.6  0.14
9400  65144.8  0.14
9420  65232.8  0.14
9440  65324.9  0.14
9460  65383.2  0.14
9480  65591.4  0.14
9500  65652.7  0.14
9520  65744.7  0.14
9540  65830.1  0.14
9560  65888.4  0.14
9580  65976.4  0.14
9600  66184.6  0.14
9620  66483.1  0.14
9640  66575.1  0.14
9660  66664.3  0.14
9680  66725.5  0.14
9700  66933.7  0.14
9720  67025.8  0.14
9740  67083  0.14
9760  67172.1  0.14
9780  67264.1  0.14
9800  67325.4  0.14
9820  67533.6  0.14
9840  67594.9  0.14
9860  67921.2  0.14
9880  68013.3  0.14
9900  68070.5  0.14
9920  68162.5  0.14
9940  68370.7  0.14
9960  68429.1  0.14
9980  68521.1  0.14
10000  68613.2  0.14
10020  68674.5  0.14
10040  68763.6  0.14
10060  68967.7  0.14
10080  69029  0.14
10100  69358.3  0.14
10120  69450.3  0.14
10140  69508.7  0.14
10160  69600.7  0.14
10180  69808.9  0.14
10200  69870.2  0.14
10220  69958.1  0.14
10240  70016.5  0.14
10260  70108.5  0.14
10280  70316.7  0.14
10300  70378  0.14
10320  70470.1  0.14
10340  70796.4  0.14
10360  70857.7  0.14
10380  70938.9  0.14
10400  71147.1  0.14
10420  71208.4  0.14
10440  60845.5  0.12
10460  60937.6  0.12
10480  60998.8  0.12
10500  61090.9  0.12
10520  61183  0.12
10540  61237.2  0.12
10560  61566.5  0.12
10580  61658.6  0.12
10600  61719.8  0.12
10620  61811.9  0.12
10640  61870.2  0.12
10660  61962.3  0.12
10680  62054.4  0.12
10700  62111.5  0.12
10720  62203.6  0.12
10740  62292.7  0.12
10760  62354  0.12
10780  62446  0.12
10800  62775.3  0.12
10820  62836.6  0.12
10840  62925.7  0.12
10860  63013.7  0.12
10880  63075  0.12
10900  63167  0.12
10920  63259.1  0.12
10940  63317.4  0.12
10960  26319.3  0.06
10980  26339.8  0.06
11000  26437.3  0.06
11020  26453.7  0.06
11040  26474.2  0.06
11060  26494.7  0.06
11080  26592.2  0.06
11100  26612.7  0.06
11120  26633.2  0.06
11140  26730.7  0.06
11160  26751.2  0.06
11180  26767.6  0.06
11200  26788.1  0.06
11220  26885.6  0.06
11240  26906.1  0.06
11260  26926.6  0.06
11280  26947.1  0.06
11300  27044.6  0.06
11320  27065.1  0.06
11340  27081.5  0.06
11360  27102.1  0.06
11380  27199.5  0.06
11400  27220  0.06
11420  27240.6  0.06
11440  27261.1  0.06
11460  27358.6  0.06
11480  27379.1  0.06
11500  27395.5  0.06
11520  27416  0.06
11540  27513.5  0.06
11560  27534  0.06
11580  27554.5  0.06
11600  27575  0.06
11620  27672.5  0.06
11640  27693  0.06
11660  27709.4  0.06
11680  27729.9  0.06
11700  27827.4  0.06
11720  27847.9  0.06
11740  27868.4  0.06
11760  27965.9  0.06
11780  27986.4  0.06
11800  28006.9  0.06
11820  28023.3  0.06
11840  28120.8  0.06
11860  28141.3  0.06
11880  28161.8  0.06
11900  28182.3  0.06
11920  28279.8  0.06
11940  28300.3  0.06
11960  28320.8  0.06
11980  28337.2  0.06
12000  28434.7  0.06
12020  28455.2  0.06
12040  28475.7  0.06
12060  28496.3  0.06
12080  28593.7  0.06
12100  28614.2  0.06
12120  28634.8  0.06
12140  28651.2  0.06
12160  28748.6  0.06
12180  28769.2  0.06
12200  28789.7  0.06
12220  28810.2  0.06
12240  28907.7  0.06
12260  16684.7  0.04
12280  16705.2  0.04
12300  16725.7  0.04
12320  16742.1  0.04
12340  16762.6  0.04
12360  16783.1  0.04
12380  16803.7  0.04
12400  16824.2  0.04
12420  16844.7  0.04
12440  16865.2  0.04
12460  16885.7  0.04
12480  16902.1  0.04
12500  16922.6  0.04
12520  16943.1  0.04
12540  16963.6  0.04
12560  16984.1  0.04
12580  17004.7  0.04
12600  17025.2  0.04
12620  17045.7  0.04
12640  17062.1  0.04
12660  17082.6  0.04
12680  17103.1  0.04
12700  17123.6  0.04
12720  17144.1  0.04
12740  17164.6  0.04
12760  17185.1  0.04
12780  59234.8  0.1
12800  59290.3  0.1
12820  59350  0.1
12840  59525.8  0.1
12860  52005.2  0.1
12880  52068.8  0.1
12900  52128.5  0.1
12920  52188.1  0.1
12940  52247.8  0.1
12960  52419.5  0.1
12980  52479.1  0.1
13000  52538.8  0.1
13020  52598.4  0.1
13040  52662  0.1
13060  52721.7  0.1
13080  52897.5  0.1
13100  52957.1  0.1
13120  69023.5  0.12
13140  69063.5  0.12
13160  56106.2  0.1
13180  56146.3  0.1
13200  56190.2  0.1
13220  56230.3  0.1
13240  56270.3  0.1
13260  56310.3  0.1
13280  56472.1  0.1
13300  56512.1  0.1
13320  56552.2  0.1
13340  56919.8  0.1
13360  56963.7  0.1
13380  57003.8  0.1
13400  57169.6  0.1
13420  57209.7  0.1
13440  57245.6  0.1
13460  57285.6  0.1
13480  57325.7  0.1
13500  57365.7  0.1
13520  57405.8  0.1
13540  57575.5  0.1
13560  57615.6  0.1
13580  57655.6  0.1
13600  57691.5  0.1
13620  57731.6  0.1
13640  57771.6  0.1
13660  58265  0.1
13680  58305.1  0.1
13700  58349  0.1
13720  58389.1  0.1
13740  58429.1  0.1
13760  58465  0.1
13780  58630.9  0.1
13800  58670.9  0.1
13820  58711  0.1
13840  58751  0.1
13860  58795  0.1
13880  58835  0.1
13900  58875  0.1
13920  59036.8  0.1
13940  59076.8  0.1
13960  59116.9  0.1
13980  59156.9  0.1
14000  59524.5  0.1
14020  59564.5  0.1
14040  59734.3  0.1
14060  45682.8  0.08
14080  45718.7  0.08
14100  45758.8  0.08
14120  45798.8  0.08
14140  45838.8  0.08
14160  45878.9  0.08
14180  45918.9  0.08
14200  45962.9  0.08
14220  46002.9  0.08
14240  46038.8  0.08
14260  46078.9  0.08
14280  46118.9  0.08
14300  46159  0.08
14320  46526.6  0.08
14340  46566.6  0.08
14360  46610.5  0.08
14380  46650.6  0.08
14400  46686.5  0.08
14420  46726.6  0.08
14440  46766.6  0.08
14460  46806.6  0.08
14480  46846.7  0.08
14500  46886.7  0.08
14520  46926.7  0.08
14540  46970.7  0.08
14560  47006.6  0.08
14580  47046.7  0.08
14600  47086.7  0.08
14620  47126.8  0.08
14640  47494.4  0.08
14660  47534.4  0.08
14680  84189.3  0.12
14700  84227.5  0.12
14720  84264.5  0.12
14740  84377.2  0.12
14760  84418.3  0.12
14780  84459.4  0.12
14800  84569.2  0.12
14820  84610.3  0.12
14840  84651.4  0.12
14860  84692.5  0.12
14880  84801.2  0.12
14900  84839.3  0.12
14920  84880.5  0.12
14940  85262.1  0.12
14960  85303.2  0.12
14980  85713.8  0.12
