100  4440.78  0.96
120  5505.34  0.96
140  6773.28  0.96
160  8069.48  0.96
180  8130.14  0.86
200  8865.26  0.84
220  9595.89  0.84
240  9928.35  0.82
260  10493.9  0.82
280  11242.7  0.8
300  11871.4  0.78
320  12973.6  0.82
340  13478.8  0.8
360  13798.7  0.78
380  13166.2  0.7
400  13181.4  0.68
420  13925.2  0.68
440  14963.2  0.68
460  15585.5  0.66
480  15743.7  0.64
500  16434.9  0.64
520  17062.3  0.64
540  16941.1  0.62
560  17338.4  0.62
580  16615.3  0.58
600  16051  0.54
620  16598  0.54
640  17198.2  0.54
660  16873.1  0.52
680  17364.2  0.52
700  18021.3  0.52
720  18034.3  0.5
740  18493.9  0.5
760  16615.9  0.44
780  16167.4  0.42
800  16598.8  0.42
820  15214.4  0.38
840  14897.6  0.36
860  15128.8  0.36
880  14641.2  0.34
900  14811.3  0.34
920  16212  0.36
940  20050.6  0.44
960  20338.8  0.44
980  21160.9  0.44
1000  21519.2  0.44
1020  22229.8  0.44
1040  22518.8  0.44
1060  22753.2  0.44
1080  23117.6  0.44
1100  23482.9  0.44
1120  23733  0.44
1140  25394.7  0.46
1160  26231.4  0.46
1180  26562.5  0.46
1200  26998.9  0.46
1220  21314.9  0.36
1240  21611.8  0.36
1260  22108.1  0.36
1280  22324.5  0.36
1300  22564.9  0.36
1320  23034.3  0.36
1340  23252.6  0.36
1360  23466.4  0.36
1380  23864.5  0.36
1400  20196.9  0.3
1420  20443.9  0.3
1440  20647.3  0.3
1460  20871.7  0.3
1480  21160.7  0.3
1500  20057.8  0.28
1520  20278.9  0.28
1540  20474.5  0.28
1560  27014.8  0.36
1580  25980.6  0.34
1600  24575.4  0.32
1620  24922.2  0.32
1640  25196  0.32
1660  25411.5  0.32
1680  25767.3  0.32
1700  24292  0.3
1720  24534.3  0.3
1740  21428.1  0.26
1760  21574.3  0.26
1780  21712.3  0.26
1800  22019  0.26
1820  22425.2  0.26
1840  22570.4  0.26
1860  22887.5  0.26
1880  21299.6  0.24
1900  21423.5  0.24
1920  19827.4  0.22
1940  18082.6  0.2
1960  18200.4  0.2
1980  16340.4  0.18
2000  16444.1  0.18
2020  16623.8  0.18
2040  16895.5  0.18
2060  16996.5  0.18
2080  26927.1  0.26
2100  27218.1  0.26
2120  25377.7  0.24
2140  25563.8  0.24
2160  23872.7  0.22
2180  24049.4  0.22
2200  24367.3  0.22
2220  24507.6  0.22
2240  24694.3  0.22
2260  22691.4  0.2
2280  22858.8  0.2
2300  22978  0.2
2320  23144.6  0.2
2340  23257.9  0.2
2360  23423.2  0.2
2380  26551.7  0.24
2400  26944.5  0.24
2420  27044.9  0.24
2440  27433.5  0.24
2460  25441.4  0.22
2480  23097.1  0.2
2500  23196.9  0.2
2520  20725.4  0.18
2540  20827.5  0.18
2560  21098.6  0.18
2580  17881.3  0.14
2600  17987.6  0.14
2620  18078.8  0.14
2640  18183.7  0.14
2660  18282.3  0.14
2680  18389.3  0.14
2700  18478.5  0.14
2720  21297.2  0.16
2740  21596  0.16
2760  21714.3  0.16
2780  21816.6  0.16
2800  21947.4  0.16
2820  22057.6  0.16
2840  22162.5  0.16
2860  22290.7  0.16
2880  19587.7  0.14
2900  19704.5  0.14
2920  19820.8  0.14
2940  19936.8  0.14
2960  20050.4  0.14
2980  20177.2  0.14
3000  20282.7  0.14
3020  20399.5  0.14
3040  20523.1  0.14
3060  20631.8  0.14
3080  18454.9  0.12
3100  18554.5  0.12
3120  15601.2  0.1
3140  15696.5  0.1
3160  22622.6  0.16
3180  22743.2  0.16
3200  22867  0.16
3220  22981.7  0.16
3240  19413  0.12
3260  19598.6  0.12
3280  19693.8  0.12
3300  19798.3  0.12
3320  19898.6  0.12
3340  20080.4  0.12
3360  20177.6  0.12
3380  20278  0.12
3400  20377.3  0.12
3420  19407.3  0.12
3440  22868.6  0.14
3460  22965.2  0.14
3480  23057.9  0.14
3500  23162.1  0.14
3520  20023.8  0.12
3540  20104.4  0.12
3560  20190.2  0.12
3580  20262.7  0.12
3600  20424.4  0.12
3620  20510.2  0.12
3640  20598.4  0.12
3660  20700.3  0.12
3680  20800.4  0.12
3700  20901.2  0.12
3720  20997.5  0.12
3740  21100.7  0.12
3760  21200.8  0.12
3780  21301.6  0.12
3800  21400.3  0.12
3820  21501.1  0.12
3840  21601.1  0.12
3860  21700.6  0.12
3880  21800.7  0.12
3900  21903.8  0.12
3920  22001.5  0.12
3940  22101  0.12
3960  22201  0.12
3980  22304.2  0.12
4000  22400.6  0.12
4020  22498  0.12
4040  22601.4  0.12
4060  20722.2  0.12
4080  20867.1  0.12
4100  21115.6  0.12
4120  21173.5  0.12
4140  21235.9  0.12
4160  20778.5  0.1
4180  20918.8  0.1
4200  38446.3  0.2
4220  38540.3  0.2
4240  34473.7  0.18
4260  34650.2  0.18
4280  34751  0.18
4300  34850.9  0.18
4320  34950.7  0.18
4340  35136.9  0.18
4360  30868.3  0.16
4380  30962.3  0.16
4400  31070.4  0.16
4420  31415.5  0.16
4440  31837.1  0.16
4460  31947.9  0.16
4480  32040.6  0.16
4500  32146.3  0.16
4520  32242.8  0.16
4540  32341.2  0.16
4560  32443.5  0.16
4580  32546.1  0.16
4600  32646.1  0.16
4620  32746.9  0.16
4640  32840.9  0.16
4660  32946.7  0.16
4680  22518.2  0.1
4700  22575.5  0.1
4720  22717.8  0.1
4740  22777.5  0.1
4760  22839.3  0.1
4780  22898.9  0.1
4800  23035.3  0.1
4820  23097.2  0.1
4840  23156.8  0.1
4860  23220  0.1
4880  14046.7  0.06
4900  14065.8  0.06
4920  14086.2  0.06
4940  14106.6  0.06
4960  14125.6  0.06
4980  14146  0.06
5000  14166.4  0.06
5020  14185.4  0.06
5040  14388.7  0.06
5060  14409.1  0.06
5080  14429.5  0.06
5100  14448.5  0.06
5120  9349.43  0.04
5140  9369.82  0.04
5160  9388.86  0.04
5180  9409.26  0.04
5200  9429.66  0.04
5220  9450.06  0.04
5240  9469.1  0.04
5260  9489.5  0.04
5280  9509.89  0.04
5300  9528.93  0.04
5320  9549.33  0.04
5340  9569.73  0.04
5360  9588.77  0.04
5380  9609.17  0.04
5400  9629.56  0.04
5420  9649.96  0.04
5440  9669  0.04
5460  9689.4  0.04
5480  9709.8  0.04
5500  9728.84  0.04
5520  9749.24  0.04
5540  9769.63  0.04
5560  9843.35  0.04
5580  9862.39  0.04
5600  9882.79  0.04
5620  9903.19  0.04
5640  9922.23  0.04
5660  9942.63  0.04
5680  9963.02  0.04
5700  9982.06  0.04
5720  10002.5  0.04
5740  10022.9  0.04
5760  10043.3  0.04
5780  10062.3  0.04
5800  10082.7  0.04
5820  10103.1  0.04
5840  27172.5  0.1
5860  27231.4  0.1
5880  27334.3  0.1
5900  27395.6  0.1
5920  27497.2  0.1
5940  27558.5  0.1
5960  27617.4  0.1
5980  27741.9  0.1
6000  27803.2  0.1
6020  27862.1  0.1
6040  27921  0.1
6060  27980.9  0.1
6080  28039.8  0.1
6100  28098.7  0.1
6120  28158.7  0.1
6140  25076.4  0.1
6160  25116.8  0.1
6180  25155.9  0.1
6200  25448.7  0.1
6220  22502.7  0.08
6240  22541.8  0.08
6260  22579.6  0.08
6280  16367.8  0.06
6300  16407  0.06
6320  16447.9  0.06
6340  16487  0.06
6360  16526.1  0.06
6380  16568.4  0.06
6400  28063.2  0.1
6420  28147.4  0.1
6440  28187.6  0.1
6460  28272.1  0.1
6480  28312.3  0.1
6500  34915.8  0.12
6520  34954.9  0.12
6540  39748.1  0.14
6560  39818.4  0.14
6580  39873.8  0.14
6600  39971.8  0.14
6620  33561  0.12
6640  33660.4  0.12
6660  33714.4  0.12
6680  33828.7  0.12
6700  29280.4  0.1
6720  29364.8  0.1
6740  29403.9  0.1
6760  27728.1  0.1
6780  27768.3  0.1
6800  27808.8  0.1
6820  27849  0.1
6840  27889.2  0.1
6860  27928  0.1
6880  24415.9  0.08
6900  24499.9  0.08
6920  24539.9  0.08
6940  24622.5  0.08
6960  23321.1  0.08
6980  23361.6  0.08
7000  35461  0.12
7020  35501.5  0.12
7040  35541.9  0.12
7060  28909.2  0.1
7080  28948.3  0.1
7100  28988.2  0.1
7120  29028.1  0.1
7140  29069.2  0.1
7160  29109.1  0.1
7180  29149.1  0.1
7200  29441.4  0.1
7220  29480  0.1
7240  29519.9  0.1
7260  29562.3  0.1
7280  29600.9  0.1
7300  29640.9  0.1
7320  29680.8  0.1
7340  29719.4  0.1
7360  22443.3  0.08
7380  22810.8  0.08
7400  22850.8  0.08
7420  22889.4  0.08
7440  22929.3  0.08
7460  15435.2  0.06
7480  15476.3  0.06
7500  15516.2  0.06
7520  15556.2  0.06
7540  15596.1  0.06
7560  15634.7  0.06
7580  15677.1  0.06
7600  15717.1  0.06
7620  15755.6  0.06
7640  15795.6  0.06
7660  15835.5  0.06
7680  15874.1  0.06
7700  15916.5  0.06
7720  15956.5  0.06
7740  15996.4  0.06
7760  16035  0.06
7780  16075  0.06
7800  16117.4  0.06
7820  16156  0.06
7840  16195.9  0.06
7860  16235.9  0.06
7880  16275.8  0.06
7900  16316.8  0.06
7920  16356.8  0.06
7940  16396.7  0.06
7960  16435.3  0.06
7980  16475.3  0.06
8000  16515.2  0.06
8020  16557.6  0.06
8040  16596.2  0.06
8060  16636.2  0.06
8080  16676.1  0.06
8100  16714.7  0.06
8120  16757.1  0.06
8140  16797  0.06
8160  16835.6  0.06
8180  16875.6  0.06
8200  16915.5  0.06
8220  16955.5  0.06
8240  16996.5  0.06
8260  17036.5  0.06
8280  17076.4  0.06
8300  17115  0.06
8320  17155  0.06
8340  17197.3  0.06
8360  17237.3  0.06
8380  17275.9  0.06
8400  17315.8  0.06
8420  17355.8  0.06
8440  17394.4  0.06
8460  17435.5  0.06
8480  17475.4  0.06
8500  17514  0.06
8520  17556.7  0.06
8540  17596.6  0.06
8560  17636.5  0.06
8580  17675.1  0.06
8600  17715  0.06
8620  17757.7  0.06
8640  17796.3  0.06
8660  17836.2  0.06
8680  17876.1  0.06
8700  17916  0.06
8720  17954.6  0.06
8740  17997.3  0.06
8760  18037.2  0.06
8780  18075.7  0.06
8800  19859.1  0.06
8820  19879.5  0.06
8840  19977.7  0.06
8860  19998.1  0.06
8880  20018.5  0.06
8900  20038.9  0.06
8920  20137.1  0.06
8940  20157.5  0.06
8960  20177.9  0.06
8980  20196.9  0.06
9000  20296.5  0.06
9020  20316.9  0.06
9040  20337.3  0.06
9060  20356.3  0.06
9080  20455.9  0.06
9100  20476.3  0.06
9120  20495.4  0.06
9140  12947  0.04
9160  12967.4  0.04
9180  12987.8  0.04
9200  13006.8  0.04
9220  13027.2  0.04
9240  27595.6  0.06
9260  11529.7  0.04
9280  11550.1  0.04
9300  11570.5  0.04
9320  11589.6  0.04
9340  11610  0.04
9360  11630.4  0.04
9380  11650.8  0.04
9400  11669.8  0.04
9420  11690.2  0.04
9440  27989  0.06
9460  28027.4  0.06
9480  28067.1  0.06
9500  28126.3  0.06
9520  28166  0.06
9540  28204.4  0.06
9560  28244.2  0.06
9580  28284  0.06
9600  28322.4  0.06
9620  28362.1  0.06
9640  28401.9  0.06
9660  28440.3  0.06
9680  28480.1  0.06
9700  28519.9  0.06
9720  28559.6  0.06
9740  28598  0.06
9760  28647.4  0.06
9780  28667.8  0.06
9800  28730.8  0.06
9820  28751.2  0.06
9840  28815.7  0.06
9860  28836.1  0.06
9880  28855.1  0.06
9900  28919.5  0.06
9920  28939.9  0.06
9940  29003  0.06
9960  29023.4  0.06
9980  29087.8  0.06
10000  29106.8  0.06
10020  29171.2  0.06
10040  29191.6  0.06
10060  29256  0.06
10080  29275.1  0.06
10100  29295.5  0.06
10120  29359.9  0.06
10140  34089.3  0.08
10160  34395.8  0.08
10180  24270.7  0.06
10200  24291.1  0.06
10220  24310.1  0.06
10240  24330.5  0.06
10260  14050.1  0.04
10280  14069.1  0.04
10300  14089.5  0.04
10320  14109.9  0.04
10340  14130.3  0.04
10360  14149.4  0.04
10380  19496.5  0.04
10400  19516.9  0.04
10420  19536  0.04
10440  19556.4  0.04
10460  19576.8  0.04
10480  19595.8  0.04
10500  19616.2  0.04
10520  19636.6  0.04
10540  19657  0.04
10560  19676  0.04
10580  19696.4  0.04
10600  19716.8  0.04
10620  19735.9  0.04
10640  19756.3  0.04
10660  19776.7  0.04
10680  19797.1  0.04
10700  19816.1  0.04
10720  19836.5  0.04
10740  19856.9  0.04
10760  19875.9  0.04
10780  19896.3  0.04
10800  19916.7  0.04
10820  19935.8  0.04
10840  19956.2  0.04
10860  19976.6  0.04
10880  19997  0.04
10900  20016  0.04
10920  20036.4  0.04
10940  20056.8  0.04
10960  20075.8  0.04
10980  20096.2  0.04
11000  20116.6  0.04
11020  20137  0.04
11040  20156.1  0.04
11060  20176.5  0.04
11080  20196.9  0.04
11100  20215.9  0.04
11120  20236.3  0.04
11140  20256.7  0.04
11160  20275.8  0.04
11180  20296.2  0.04
11200  20316.6  0.04
11220  20336.9  0.04
11240  20356  0.04
11260  20376.4  0.04
11280  20396.8  0.04
11300  20415.8  0.04
11320  20436.2  0.04
11340  26320  0.06
11360  26340.4  0.06
11380  26359.4  0.06
11400  14996.2  0.04
11420  15016.6  0.04
11440  15035.6  0.04
11460  15056  0.04
11480  15076.4  0.04
11500  15096.8  0.04
11520  15115.8  0.04
11540  15136.2  0.04
11560  15156.6  0.04
11580  15175.7  0.04
11600  15196.1  0.04
11620  15216.5  0.04
11640  15235.5  0.04
11660  15255.9  0.04
11680  15276.3  0.04
11700  15296.7  0.04
11720  15315.7  0.04
11740  15336.1  0.04
11760  15356.5  0.04
11780  15375.6  0.04
11800  15396  0.04
11820  15416.4  0.04
11840  15436.8  0.04
11860  15455.8  0.04
11880  15476.2  0.04
11900  15496.6  0.04
11920  15515.6  0.04
11940  14283.6  0.04
11960  14304  0.04
11980  24478.7  0.06
12000  24514  0.06
12020  24549.4  0.06
12040  24599.6  0.06
12060  24633.6  0.06
12080  24668.9  0.06
12100  24719.1  0.06
12120  14520.1  0.04
12140  14540.5  0.04
12160  14560.9  0.04
12180  14581.3  0.04
12200  14600.3  0.04
12220  14620.7  0.04
12240  14641.1  0.04
12260  14660.2  0.04
12280  14680.6  0.04
12300  14701  0.04
12320  37649.9  0.08
12340  37669  0.08
12360  37689.4  0.08
12380  37709.8  0.08
12400  37728.8  0.08
12420  37749.2  0.08
12440  37769.6  0.08
12460  37788.6  0.08
12480  37809  0.08
12500  38081.8  0.08
12520  38102.2  0.08
12540  38121.2  0.08
12560  25523.5  0.06
12580  25543.9  0.06
12600  25563  0.06
12620  13135.9  0.04
12640  13156.3  0.04
12660  13176.7  0.04
12680  13195.7  0.04
12700  13216.1  0.04
12720  13236.5  0.04
12740  13255.5  0.04
12760  13275.9  0.04
12780  13296.3  0.04
12800  13315.4  0.04
12820  13335.8  0.04
12840  13356.2  0.04
12860  13376.6  0.04
12880  13395.6  0.04
12900  13416  0.04
12920  13436.4  0.04
12940  13455.4  0.04
12960  13475.8  0.04
12980  13496.2  0.04
13000  13516.6  0.04
13020  13535.7  0.04
13040  13556.1  0.04
13060  13576.5  0.04
13080  13595.5  0.04
13100  13615.9  0.04
13120  13636.3  0.04
13140  13655.3  0.04
13160  13675.7  0.04
13180  13696.1  0.04
13200  13716.5  0.04
13220  13735.6  0.04
13240  13756  0.04
13260  13260.4  0.02
13280  13279.4  0.02
13300  13299.8  0.02
13320  13320.2  0.02
13340  13340.6  0.02
13360  13359.6  0.02
13380  13380  0.02
13400  13400.4  0.02
13420  13419.5  0.02
13440  13439.9  0.02
13460  13460.3  0.02
13480  13480.7  0.02
13500  13492.9  0.02
13520  13492.9  0.02
13540  13492.9  0.02
13560  13492.9  0.02
13580  13492.9  0.02
13600  13492.9  0.02
13620  13492.9  0.02
13640  13492.9  0.02
13660  13492.9  0.02
13680  13492.9  0.02
13700  13492.9  0.02
13720  13492.9  0.02
13740  13492.9  0.02
13760  13492.9  0.02
13780  13492.9  0.02
13800  13492.9  0.02
13820  13492.9  0.02
13840  13492.9  0.02
13860  13492.9  0.02
13880  13492.9  0.02
13900  13492.9  0.02
13920  13492.9  0.02
13940  13492.9  0.02
13960  13492.9  0.02
13980  13492.9  0.02
14000  13492.9  0.02
14020  13492.9  0.02
14040  13492.9  0.02
14060  13492.9  0.02
14080  13492.9  0.02
14100  13492.9  0.02
14120  13492.9  0.02
14140  13492.9  0.02
14160  13492.9  0.02
14180  13492.9  0.02
14200  13492.9  0.02
14220  13492.9  0.02
14240  13492.9  0.02
14260  13492.9  0.02
14280  13492.9  0.02
14300  13492.9  0.02
14320  13492.9  0.02
14340  13492.9  0.02
14360  13492.9  0.02
14380  13492.9  0.02
14400  13492.9  0.02
14420  13492.9  0.02
14440  13492.9  0.02
14460  13492.9  0.02
14480  13492.9  0.02
14500  13492.9  0.02
14520  13492.9  0.02
14540  13492.9  0.02
14560  13492.9  0.02
14580  13492.9  0.02
14600  13492.9  0.02
14620  13492.9  0.02
14640  13492.9  0.02
14660  13492.9  0.02
14680  13492.9  0.02
14700  13492.9  0.02
14720  13492.9  0.02
14740  13492.9  0.02
14760  13492.9  0.02
14780  13492.9  0.02
14800  13492.9  0.02
14820  13492.9  0.02
14840  13492.9  0.02
14860  13492.9  0.02
14880  13492.9  0.02
14900  13492.9  0.02
14920  13492.9  0.02
14940  13492.9  0.02
14960  13492.9  0.02
14980  13492.9  0.02
