100  4888.21  1
120  5610.3  1
140  6740.23  1
160  7465.52  0.96
180  8335.43  0.96
200  9242.48  0.96
220  9872.67  0.92
240  10300  0.9
260  12233.8  0.9
280  13031.8  0.9
300  13291.3  0.86
320  14023.4  0.86
340  15093.6  0.86
360  14973.9  0.82
380  15742.1  0.82
400  16318.3  0.82
420  15489.5  0.74
440  16395.8  0.74
460  17527.2  0.76
480  18479.9  0.76
500  18750.7  0.74
520  19344.8  0.74
540  19481.4  0.72
560  20541.6  0.74
580  19531.9  0.68
600  18448.7  0.62
620  19217.4  0.62
640  18683.2  0.58
660  17213  0.52
680  16280.2  0.48
700  15288.1  0.44
720  16240.5  0.46
740  16542.7  0.44
760  16936.5  0.44
780  17379.4  0.44
800  16923.1  0.42
820  17322.7  0.42
840  17615.7  0.42
860  18780.1  0.44
880  19174.9  0.44
900  19017  0.42
920  19497.6  0.42
940  19798  0.42
960  21074.6  0.44
980  21424.9  0.44
1000  21776.2  0.44
1020  21242.5  0.42
1040  20630.7  0.4
1060  20114.7  0.38
1080  23836.2  0.44
1100  24194.5  0.44
1120  20137.5  0.36
1140  21714.3  0.38
1160  20896.9  0.36
1180  18777.3  0.32
1200  19193.4  0.32
1220  19478.2  0.32
1240  19894  0.32
1260  23913.4  0.38
1280  24445.1  0.38
1300  24747.6  0.38
1320  25062.5  0.38
1340  24107.6  0.36
1360  24403.4  0.36
1380  26091.3  0.38
1400  26567.4  0.38
1420  27109.9  0.38
1440  27376.2  0.38
1460  21873.7  0.3
1480  20743.7  0.28
1500  20954.4  0.28
1520  19645.6  0.26
1540  19982.1  0.26
1560  20343.6  0.26
1580  20511.3  0.26
1600  20841.5  0.26
1620  19403.3  0.24
1640  19579.5  0.24
1660  19770.9  0.24
1680  19936.4  0.24
1700  23526.1  0.28
1720  23906.3  0.28
1740  24278.7  0.28
1760  24507.7  0.28
1780  26502.8  0.3
1800  24911.5  0.28
1820  25156.8  0.28
1840  23525.8  0.26
1860  23725.3  0.26
1880  24082.1  0.26
1900  24428.5  0.26
1920  24646.2  0.26
1940  24841  0.26
1960  25013.6  0.26
1980  25233  0.26
2000  25420.4  0.26
2020  25785.3  0.26
2040  25974  0.26
2060  26331.2  0.26
2080  26558.5  0.26
2100  26716.9  0.26
2120  26934.3  0.26
2140  27141.7  0.26
2160  25320.6  0.24
2180  25488.5  0.24
2200  25671.5  0.24
2220  26009  0.24
2240  26211.9  0.24
2260  26370.3  0.24
2280  26544  0.24
2300  26884.3  0.24
2320  27035.8  0.24
2340  27237.1  0.24
2360  27426.1  0.24
2380  27755.6  0.24
2400  27958.5  0.24
2420  28091.1  0.24
2440  28431.5  0.24
2460  26167.9  0.22
2480  26311.2  0.22
2500  26495.5  0.22
2520  26631.1  0.22
2540  26971  0.22
2560  27146  0.22
2580  27408.9  0.22
2600  27585.6  0.22
2620  27722.7  0.22
2640  27903.6  0.22
2660  28074.2  0.22
2680  28217.4  0.22
2700  28567.2  0.22
2720  28817  0.22
2740  28995.2  0.22
2760  29164.2  0.22
2780  31903.5  0.24
2800  29528.2  0.22
2820  26871.3  0.2
2840  27059.9  0.2
2860  27213.4  0.2
2880  27490  0.2
2900  27670.6  0.2
2920  27823.9  0.2
2940  27966.7  0.2
2960  28149.2  0.2
2980  25360.6  0.18
3000  25539.7  0.18
3020  25677.7  0.18
3040  25833.9  0.18
3060  26009.5  0.18
3080  26157.2  0.18
3100  26325.6  0.18
3120  26469.7  0.18
3140  26647  0.18
3160  26818.4  0.18
3180  30163.8  0.2
3200  30333.8  0.2
3220  30477.6  0.2
3240  30633.5  0.2
3260  30824.5  0.2
3280  31101.8  0.2
3300  27981.1  0.18
3320  28074.3  0.18
3340  28244.3  0.18
3360  28406.2  0.18
3380  28527.1  0.18
3400  28666.1  0.18
3420  28920.5  0.18
3440  25643.6  0.16
3460  25762.1  0.16
3480  25864.7  0.16
3500  26006.5  0.16
3520  26109.1  0.16
3540  26359.1  0.16
3560  26502.8  0.16
3580  26605.5  0.16
3600  26749.2  0.16
3620  23214.7  0.14
3640  23331.2  0.14
3660  23445.9  0.14
3680  23658.7  0.14
3700  23772.4  0.14
3720  24225.8  0.14
3740  20598.7  0.12
3760  20712.1  0.12
3780  20792.1  0.12
3800  18108.9  0.1
3820  18169  0.1
3840  18262.6  0.1
3860  18356.1  0.1
3880  18416.2  0.1
3900  17132.9  0.1
3920  17191.1  0.1
3940  17284.6  0.1
3960  17380.1  0.1
3980  17440.2  0.1
4000  34931.2  0.18
4020  35053.9  0.18
4040  35218.3  0.18
4060  35373.3  0.18
4080  35497.9  0.18
4100  35660.5  0.18
4120  35737.3  0.18
4140  35901.7  0.18
4160  31902.8  0.16
4180  32000.7  0.16
4200  32142.2  0.16
4220  26541.1  0.14
4240  26657.6  0.14
4260  27359.8  0.14
4280  27420  0.14
4300  27536.5  0.14
4320  23483.2  0.12
4340  23601.7  0.12
4360  23682.9  0.12
4380  37847.9  0.18
4400  37987.4  0.18
4420  38202.5  0.18
4440  38294.1  0.18
4460  38402.2  0.18
4480  19425.4  0.1
4500  19555.4  0.1
4520  19594.4  0.1
4540  19667.8  0.1
4560  19764.4  0.1
4580  19837.7  0.1
4600  19910.1  0.1
4620  20005.9  0.1
4640  30620.9  0.14
4660  30713.4  0.14
4680  26197.7  0.12
4700  26295  0.12
4720  26407.4  0.12
4740  26506.6  0.12
4760  26563.1  0.12
4780  26708  0.12
4800  26806.3  0.12
4820  26863.7  0.12
4840  27018.8  0.12
4860  27073.5  0.12
4880  27172.7  0.12
4900  27318.5  0.12
4920  27375.9  0.12
4940  27530.1  0.12
4960  27585.7  0.12
4980  27684  0.12
5000  27830.6  0.12
5020  21386.6  0.1
5040  21458.1  0.1
5060  17063.3  0.08
5080  17136.6  0.08
5100  17210.9  0.08
5120  17249  0.08
5140  33560  0.14
5160  33756.4  0.14
5180  33962.7  0.14
5200  34059.8  0.14
5220  34097.9  0.14
5240  34195.1  0.14
5260  34258  0.14
5280  29108.2  0.12
5300  29399.7  0.12
5320  29457.8  0.12
5340  29551.5  0.12
5360  29613.4  0.12
5380  29705.3  0.12
5400  29799  0.12
5420  29860.9  0.12
5440  29952.4  0.12
5460  24619  0.1
5480  28932.7  0.12
5500  29044.4  0.12
5520  29107.3  0.12
5540  29219  0.12
5560  29304.7  0.12
5580  29424.1  0.12
5600  29535.8  0.12
5620  29623.4  0.12
5640  29733.2  0.12
5660  29819.1  0.12
5680  29915.5  0.12
5700  30028.8  0.12
5720  30112.9  0.12
5740  30224.6  0.12
5760  30312.2  0.12
5780  30431.5  0.12
5800  30543.2  0.12
5820  30628.9  0.12
5840  30717.7  0.12
5860  24949.9  0.1
5880  25046.3  0.1
5900  25134.8  0.1
5920  25197.8  0.1
5940  25286.5  0.1
5960  25351.1  0.1
5980  25445.7  0.1
6000  25534.4  0.1
6020  25597.4  0.1
6040  25695.4  0.1
6060  25750.7  0.1
6080  25845.3  0.1
6100  25935.6  0.1
6120  25998.6  0.1
6140  26081.7  0.1
6160  26170.9  0.1
6180  26243.9  0.1
6200  26318.5  0.1
6220  26407.9  0.1
6240  26480.7  0.1
6260  26570.1  0.1
6280  26644.7  0.1
6300  26717.7  0.1
6320  26806.9  0.1
6340  26879.9  0.1
6360  26970.9  0.1
6380  27043.9  0.1
6400  27118.5  0.1
6420  27206.1  0.1
6440  27280.7  0.1
6460  27371.7  0.1
6480  27444.7  0.1
6500  21038.5  0.08
6520  21078.1  0.08
6540  21152.7  0.08
6560  21192.3  0.08
6580  21265  0.08
6600  21338  0.08
6620  21379.2  0.08
6640  21452.2  0.08
6660  21493.4  0.08
6680  21564.6  0.08
6700  21639.2  0.08
6720  21678.8  0.08
6740  21753.4  0.08
6760  21791.1  0.08
6780  21865.7  0.08
6800  21938.7  0.08
6820  36888.4  0.12
6840  37013.7  0.12
6860  37069.9  0.12
6880  30319.3  0.1
6900  30409  0.1
6920  30473.3  0.1
6940  30562.9  0.1
6960  30620.7  0.1
6980  30718.7  0.1
7000  30810  0.1
7020  30872.7  0.1
7040  30963.9  0.1
7060  31028.4  0.1
7080  51036.7  0.16
7100  51152.7  0.16
7120  51400.7  0.16
7140  51518.5  0.16
7160  51602.9  0.16
7180  51858  0.16
7200  51975.8  0.16
7220  52049.6  0.16
7240  52144.5  0.16
7260  28604.7  0.08
7280  28678  0.08
7300  28719.8  0.08
7320  28795  0.08
7340  28870.2  0.08
7360  28910.1  0.08
7380  28974.6  0.08
7400  29016.4  0.08
7420  29091.6  0.08
7440  29164.9  0.08
7460  29206.7  0.08
7480  61212.5  0.18
7500  61792.7  0.18
7520  61916.3  0.18
7540  62015.1  0.18
7560  62105.4  0.18
7580  62340.9  0.18
7600  62431.2  0.18
7620  62716.5  0.18
7640  62813  0.18
7660  62903.2  0.18
7680  63026.8  0.18
7700  63092.3  0.18
7720  63327.8  0.18
7740  63451.5  0.18
7760  63541.7  0.18
7780  63827  0.18
7800  63896.7  0.18
7820  64020.3  0.18
7840  64143.9  0.18
7860  64350.3  0.18
7880  30594.9  0.08
7900  30615.3  0.08
7920  30669.1  0.08
7940  30723  0.08
7960  30875.1  0.08
7980  30928.9  0.08
8000  22938  0.06
8020  22991.8  0.06
8040  23043.8  0.06
8060  23064.3  0.06
8080  23118.1  0.06
8100  23138.5  0.06
8120  23192.4  0.06
8140  23244.4  0.06
8160  23264.8  0.06
8180  23318.6  0.06
8200  23339.1  0.06
8220  23391.1  0.06
8240  59152.1  0.16
8260  59378.7  0.16
8280  59614.3  0.16
8300  59675.5  0.16
8320  59749.1  0.16
8340  59845.6  0.16
8360  59908.6  0.16
8380  60005.1  0.16
8400  60066.4  0.16
8420  60301.9  0.16
8440  60561.9  0.16
8460  60625  0.16
8480  60696.7  0.16
8500  60759.8  0.16
8520  60856.3  0.16
8540  52680.1  0.14
8560  52880.4  0.14
8580  52976.9  0.14
8600  53203.5  0.14
8620  53300  0.14
8640  53371.7  0.14
8660  53434.8  0.14
8680  53531.3  0.14
8700  53740  0.14
8720  53836.5  0.14
8740  24329.2  0.06
8760  24349.6  0.06
8780  24403.5  0.06
8800  24423.9  0.06
8820  24475.9  0.06
8840  24529.7  0.06
8860  24550.2  0.06
8880  24604  0.06
8900  28208.8  0.08
8920  28284.3  0.08
8940  28356.7  0.08
8960  28398.8  0.08
8980  28471.2  0.08
9000  28511.4  0.08
9020  23611  0.06
9040  23664.8  0.06
9060  23685.3  0.06
9080  23737.2  0.06
9100  23757.7  0.06
9120  23811.5  0.06
9140  56430.8  0.14
9160  56493  0.14
9180  56590.5  0.14
9200  47447.4  0.12
9220  47521  0.12
9240  47758  0.12
9260  47935.4  0.12
9280  48008.9  0.12
9300  48049.1  0.12
9320  48122.6  0.12
9340  48194.3  0.12
9360  48234.4  0.12
9380  48308  0.12
9400  48487.2  0.12
9420  48722.4  0.12
9440  48795.9  0.12
9460  48836.1  0.12
9480  48909.6  0.12
9500  48947.9  0.12
9520  49021.4  0.12
9540  49234  0.12
9560  49274.2  0.12
9580  49517.8  0.12
9600  49556.1  0.12
9620  49629.6  0.12
9640  49703.2  0.12
9660  49743.3  0.12
9680  49954  0.12
9700  49994.2  0.12
9720  50067.7  0.12
9740  50304.8  0.12
9760  50343.1  0.12
9780  50416.6  0.12
9800  50456.7  0.12
9820  50669.3  0.12
9840  50742.9  0.12
9860  50781.2  0.12
9880  50854.7  0.12
9900  51058.4  0.12
9920  51131.9  0.12
9940  51203.6  0.12
9960  51382.8  0.12
9980  51456.3  0.12
10000  51496.5  0.12
10020  51574.7  0.12
10040  51648.3  0.12
10060  51851.9  0.12
10080  51925.5  0.12
10100  52104.7  0.12
10120  52176.4  0.12
10140  52249.9  0.12
10160  52290  0.12
10180  52363.6  0.12
10200  52401.9  0.12
10220  52638.9  0.12
10240  52818.1  0.12
10260  52891.7  0.12
10280  52963.3  0.12
10300  53003.5  0.12
10320  53077  0.12
10340  53117.2  0.12
10360  53327.9  0.12
10380  53401.5  0.12
10400  53605.1  0.12
10420  53678.6  0.12
10440  53718.8  0.12
10460  53790.5  0.12
10480  53870.6  0.12
10500  54049.8  0.12
10520  54123.3  0.12
10540  54161.6  0.12
10560  54398.7  0.12
10580  54472.2  0.12
10600  54512.3  0.12
10620  54584  0.12
10640  54763.2  0.12
10660  54836.8  0.12
10680  73659.5  0.14
10700  73699.6  0.14
10720  73970.7  0.14
10740  74010.8  0.14
10760  74120.2  0.14
10780  74368.7  0.14
10800  74407  0.14
10820  74516.4  0.14
10840  74556.5  0.14
10860  74665.9  0.14
10880  74901.1  0.14
10900  74977.1  0.14
10920  75196.3  0.14
10940  64317.5  0.12
10960  64425.1  0.12
10980  53524.1  0.1
11000  53564.2  0.1
11020  53637.7  0.1
11040  53677.9  0.1
11060  53888.6  0.1
11080  53962.2  0.1
11100  54002.3  0.1
11120  54075.9  0.1
11140  54114.1  0.1
11160  54187.7  0.1
11180  54261.2  0.1
11200  54440.4  0.1
11220  54512.1  0.1
11240  54552.3  0.1
11260  54625.8  0.1
11280  54699.3  0.1
11300  54739.5  0.1
11320  54811.2  0.1
11340  54990.4  0.1
11360  55070.5  0.1
11380  43741.6  0.08
11400  43779.9  0.08
11420  43853.4  0.08
11440  43893.6  0.08
11460  43967.1  0.08
11480  44038.8  0.08
11500  44078.9  0.08
11520  44152.5  0.08
11540  44192.6  0.08
11560  44266.2  0.08
11580  44337.9  0.08
11600  44378  0.08
11620  44451.5  0.08
11640  44491.7  0.08
11660  44563.4  0.08
11680  44636.9  0.08
11700  44677.1  0.08
11720  44750.6  0.08
11740  44788.9  0.08
11760  44862.4  0.08
11780  44936  0.08
11800  44976.1  0.08
11820  48832.7  0.1
11840  48873.3  0.1
11860  48947.3  0.1
11880  49021.3  0.1
11900  49061.9  0.1
11920  49134.1  0.1
11940  49174.7  0.1
11960  37407.7  0.08
11980  30730.1  0.06
12000  30748.7  0.06
12020  30802.6  0.06
12040  30823  0.06
12060  30876.8  0.06
12080  30928.8  0.06
12100  30949.2  0.06
12120  31003.1  0.06
12140  31023.5  0.06
12160  31077.4  0.06
12180  31129.3  0.06
12200  38107.6  0.08
12220  38184.4  0.08
12240  38227.8  0.08
12260  38302.8  0.08
12280  38379.6  0.08
12300  38423  0.08
12320  38499.7  0.08
12340  38541.3  0.08
12360  38595.1  0.08
12380  38671.9  0.08
12400  38715.3  0.08
12420  38792.1  0.08
12440  38833.6  0.08
12460  38910.4  0.08
12480  38987.2  0.08
12500  39030.6  0.08
12520  39082.6  0.08
12540  39126  0.08
12560  39202.8  0.08
12580  39279.6  0.08
12600  39321.1  0.08
12620  39397.9  0.08
12640  64002.1  0.12
12660  64079  0.12
12680  64153.1  0.12
12700  64203.4  0.12
12720  64279.4  0.12
12740  64329.7  0.12
12760  64530.7  0.12
12780  64604.9  0.12
12800  64655.1  0.12
12820  64724.3  0.12
12840  64774.6  0.12
12860  64856.4  0.12
12880  64932.4  0.12
12900  65100.1  0.12
12920  65176.1  0.12
12940  65224.5  0.12
12960  65308.2  0.12
12980  65377.4  0.12
13000  65427.6  0.12
13020  65621  0.12
13040  65669.4  0.12
13060  65753.1  0.12
13080  65795.7  0.12
13100  65879.4  0.12
13120  42166.9  0.08
13140  42205.6  0.08
13160  42277.7  0.08
13180  33092.5  0.06
13200  33144.5  0.06
13220  33198.4  0.06
13240  33218.8  0.06
13260  25256.7  0.04
13280  25256.7  0.04
13300  25290.1  0.04
13320  25323.5  0.04
13340  25323.5  0.04
13360  25356.9  0.04
13380  25356.9  0.04
13400  25390.4  0.04
13420  25423.8  0.04
13440  25423.8  0.04
13460  25457.2  0.04
13480  25457.2  0.04
13500  25490.6  0.04
13520  25524  0.04
13540  25524  0.04
13560  25557.4  0.04
13580  25557.4  0.04
13600  25590.8  0.04
13620  25624.2  0.04
13640  25624.2  0.04
13660  25657.6  0.04
13680  25657.6  0.04
13700  25691.1  0.04
13720  25724.5  0.04
13740  25724.5  0.04
13760  25757.9  0.04
13780  25757.9  0.04
13800  25791.3  0.04
13820  25824.7  0.04
13840  25824.7  0.04
13860  25858.1  0.04
13880  25858.1  0.04
13900  25891.5  0.04
13920  25924.9  0.04
13940  25924.9  0.04
13960  25958.3  0.04
13980  25958.3  0.04
14000  25991.7  0.04
14020  26025.2  0.04
14040  26025.2  0.04
14060  26058.6  0.04
14080  26058.6  0.04
14100  26092  0.04
14120  56065.2  0.08
14140  56099.9  0.08
14160  56133.3  0.08
14180  56296.1  0.08
14200  56329.5  0.08
14220  56397.5  0.08
14240  56397.5  0.08
14260  56465.5  0.08
14280  56500.2  0.08
14300  56661.8  0.08
14320  56729.8  0.08
14340  56729.8  0.08
14360  56797.8  0.08
14380  56797.8  0.08
14400  56865.8  0.08
14420  56933.9  0.08
14440  57062.1  0.08
14460  57130.1  0.08
14480  57130.1  0.08
14500  57198.1  0.08
14520  57266.1  0.08
14540  57266.1  0.08
14560  57462.4  0.08
14580  57462.4  0.08
14600  57530.4  0.08
14620  57563.8  0.08
14640  57598.4  0.08
14660  57666.4  0.08
14680  57666.4  0.08
14700  57862.7  0.08
14720  57896.1  0.08
14740  57930.7  0.08
14760  57964.1  0.08
14780  57998.7  0.08
14800  58066.7  0.08
14820  58228.4  0.08
14840  58263  0.08
14860  58296.4  0.08
14880  58331  0.08
14900  58364.4  0.08
14920  58432.4  0.08
14940  58595.3  0.08
14960  58628.7  0.08
14980  58663.3  0.08
