100  4899.84  1
120  5853.21  0.94
140  6573.48  0.94
160  7325.42  0.94
180  8192.87  0.94
200  8721.74  0.84
220  9415.94  0.84
240  9689.67  0.8
260  9947.72  0.76
280  11069  0.76
300  11599.6  0.76
320  11930.6  0.74
340  12723.9  0.74
360  12453.9  0.68
380  12592.8  0.66
400  13139.7  0.66
420  14074.1  0.68
440  14529.9  0.68
460  14494.5  0.64
480  14504  0.6
500  16462.7  0.66
520  17023.6  0.66
540  16976.6  0.64
560  16452.1  0.6
580  16285.9  0.56
600  15682.1  0.52
620  15649.9  0.5
640  15606.6  0.48
660  16086.3  0.48
680  16475  0.48
700  16771.1  0.48
720  16470.7  0.46
740  16106.2  0.44
760  15941.9  0.42
780  16186.6  0.42
800  16566.5  0.42
820  17254.9  0.42
840  17681  0.42
860  17240.5  0.4
880  17468.7  0.4
900  17894  0.4
920  17244.5  0.38
940  18064.7  0.38
960  18288.8  0.38
980  21596.7  0.44
1000  22040.4  0.44
1020  22666.5  0.44
1040  23271.3  0.44
1060  23513  0.44
1080  23867.4  0.44
1100  24068.5  0.44
1120  24383.5  0.44
1140  22490.6  0.4
1160  23047.1  0.4
1180  23217.5  0.4
1200  23490.1  0.4
1220  22815.6  0.38
1240  23105.4  0.38
1260  19712  0.32
1280  21236.6  0.34
1300  21557.2  0.34
1320  22097  0.34
1340  21304.7  0.32
1360  21541.2  0.32
1380  20176.9  0.3
1400  20617.2  0.3
1420  19339.7  0.28
1440  19750.7  0.28
1460  19919.3  0.28
1480  20209  0.28
1500  20380.5  0.28
1520  26713.2  0.36
1540  27100.8  0.36
1560  27361.2  0.36
1580  27871.4  0.36
1600  28084.1  0.36
1620  28398.9  0.36
1640  28729.3  0.36
1660  28903  0.36
1680  29111.9  0.36
1700  26799.3  0.32
1720  26969.2  0.32
1740  27260.9  0.32
1760  27558.8  0.32
1780  27746.1  0.32
1800  26653.5  0.3
1820  23147.2  0.26
1840  23554.3  0.26
1860  22240.2  0.24
1880  24471.3  0.26
1900  22877.6  0.24
1920  23047.9  0.24
1940  19427.3  0.2
1960  17675.9  0.18
1980  17804.9  0.18
2000  17899.6  0.18
2020  18047.2  0.18
2040  27345.4  0.28
2060  27891.8  0.28
2080  28056.3  0.28
2100  28276.6  0.28
2120  28717.2  0.28
2140  28955.2  0.28
2160  29124.1  0.28
2180  29381.3  0.28
2200  29511.6  0.28
2220  29683.1  0.28
2240  29995.2  0.28
2260  30447.7  0.28
2280  30585.9  0.28
2300  26143.4  0.24
2320  26462.1  0.24
2340  26580.6  0.24
2360  26738.4  0.24
2380  31812.8  0.28
2400  27340.5  0.24
2420  27683.5  0.24
2440  27875  0.24
2460  28031.1  0.24
2480  28153.9  0.24
2500  28308.3  0.24
2520  28814.8  0.24
2540  29478.2  0.24
2560  29651.6  0.24
2580  29795.7  0.24
2600  30058.5  0.24
2620  30296.2  0.24
2640  30475.7  0.24
2660  27950.4  0.22
2680  25532.5  0.2
2700  25802  0.2
2720  25931.3  0.2
2740  23367.2  0.18
2760  23487.5  0.18
2780  36834.5  0.28
2800  37323.4  0.28
2820  37849.3  0.28
2840  38043.8  0.28
2860  35208.5  0.26
2880  35502.5  0.26
2900  35671.9  0.26
2920  35854.2  0.26
2940  36312.6  0.26
2960  36562.2  0.26
2980  33781.5  0.24
3000  36880.4  0.26
3020  37064.7  0.26
3040  37231.3  0.26
3060  37919.7  0.26
3080  38104  0.26
3100  38240  0.26
3120  38402.5  0.26
3140  38554  0.26
3160  35657.7  0.24
3180  35791  0.24
3200  32950.7  0.22
3220  33086.7  0.22
3240  30265  0.2
3260  30390.3  0.2
3280  30507.7  0.2
3300  30627.7  0.2
3320  30725.1  0.2
3340  27754.9  0.18
3360  27876.7  0.18
3380  24628.3  0.16
3400  24749.3  0.16
3420  24851.1  0.16
3440  24931.9  0.16
3460  25013.7  0.16
3480  25480.3  0.16
3500  25561.1  0.16
3520  25635  0.16
3540  25715.9  0.16
3560  17798.5  0.1
3580  17903.7  0.1
3600  17997.7  0.1
3620  18101.9  0.1
3640  18203.4  0.1
3660  22995.5  0.14
3680  23055.7  0.14
3700  23187.3  0.14
3720  23248.4  0.14
3740  23442.9  0.14
3760  23574.5  0.14
3780  23634.6  0.14
3800  23694.7  0.14
3820  23754.9  0.14
3840  24064.8  0.14
3860  24126  0.14
3880  24322.1  0.14
3900  24453.7  0.14
3920  24511  0.14
3940  24569.4  0.14
3960  24629.5  0.14
3980  24761.1  0.14
4000  20878.5  0.12
4020  21116.9  0.12
4040  21177  0.12
4060  25571.7  0.14
4080  25743.2  0.14
4100  25803.3  0.14
4120  25934.9  0.14
4140  25994.4  0.14
4160  26054.5  0.14
4180  26226  0.14
4200  22256.5  0.12
4220  22316.6  0.12
4240  22376.7  0.12
4260  22509.4  0.12
4280  22569.5  0.12
4300  22739.9  0.12
4320  22798.4  0.12
4340  22930  0.12
4360  22990.1  0.12
4380  23050.2  0.12
4400  23293.2  0.12
4420  23353.3  0.12
4440  23413.4  0.12
4460  19021.2  0.1
4480  19152.8  0.1
4500  20409.1  0.1
4520  20464.7  0.1
4540  16020.2  0.08
4560  26472.4  0.12
4580  26557.3  0.12
4600  26633.3  0.12
4620  26722  0.12
4640  26793.3  0.12
4660  26881.9  0.12
4680  26953.2  0.12
4700  27418.2  0.12
4720  27493.2  0.12
4740  27578.1  0.12
4760  27649.4  0.12
4780  27724.5  0.12
4800  27804.2  0.12
4820  27887.2  0.12
4840  27966.4  0.12
4860  28045.7  0.12
4880  28128.7  0.12
4900  28212.8  0.12
4920  28295.8  0.12
4940  28375.1  0.12
4960  28454.3  0.12
4980  28537.4  0.12
5000  28621.4  0.12
5020  28700.7  0.12
5040  25992.3  0.12
5060  31328.4  0.14
5080  31894.4  0.14
5100  31977.4  0.14
5120  32052.9  0.14
5140  32133.3  0.14
5160  32211.6  0.14
5180  32398.6  0.14
5200  32699.5  0.14
5220  32759.5  0.14
5240  32818.5  0.14
5260  32949  0.14
5280  33186.3  0.14
5300  33250  0.14
5320  33309  0.14
5340  33440.5  0.14
5360  33499.5  0.14
5380  33558.5  0.14
5400  33693.7  0.14
5420  33752.7  0.14
5440  33990  0.14
5460  34424.3  0.14
5480  33103.1  0.12
5500  33166.8  0.12
5520  33225.8  0.12
5540  33284.8  0.12
5560  33415.3  0.12
5580  33479  0.12
5600  33538  0.12
5620  33847.8  0.12
5640  33906.8  0.12
5660  33958.5  0.12
5680  34002.4  0.12
5700  34113  0.12
5720  34149.3  0.12
5740  34188.4  0.12
5760  34299.1  0.12
5780  34343  0.12
5800  34560.4  0.12
5820  34974.9  0.12
5840  35085.5  0.12
5860  35124.7  0.12
5880  35168.5  0.12
5900  35207.7  0.12
5920  35318.3  0.12
5940  35357.5  0.12
5960  35396.6  0.12
5980  35690.3  0.12
6000  35729.4  0.12
6020  35768.6  0.12
6040  35807.7  0.12
6060  35918.4  0.12
6080  29956.9  0.1
6100  29996  0.1
6120  30106.7  0.1
6140  30145.8  0.1
6160  30363.2  0.1
6180  30407.1  0.1
6200  30517.8  0.1
6220  30556.9  0.1
6240  30596  0.1
6260  30706.7  0.1
6280  30750.6  0.1
6300  30789.7  0.1
6320  30826  0.1
6340  31114.9  0.1
6360  31154.1  0.1
6380  31198  0.1
6400  31237.1  0.1
6420  31347.7  0.1
6440  31386.9  0.1
6460  31426  0.1
6480  31541.4  0.1
6500  31580.5  0.1
6520  31798  0.1
6540  31837.1  0.1
6560  31947.8  0.1
6580  31991.7  0.1
6600  32030.8  0.1
6620  32141.4  0.1
6640  32180.6  0.1
6660  32219.7  0.1
6680  25666.1  0.08
6700  25776.8  0.08
6720  25815.9  0.08
6740  25855  0.08
6760  25965.7  0.08
6780  26009.6  0.08
6800  26048.7  0.08
6820  26087.8  0.08
6840  26198.5  0.08
6860  26237.6  0.08
6880  26281.5  0.08
6900  26320.6  0.08
6920  26428.4  0.08
6940  26467.5  0.08
6960  26506.7  0.08
6980  26622.1  0.08
7000  26661.2  0.08
7020  26700.4  0.08
7040  26739.5  0.08
7060  26850.1  0.08
7080  26894  0.08
7100  26933.2  0.08
7120  27043.8  0.08
7140  27082.9  0.08
7160  27126.8  0.08
7180  27166  0.08
7200  27276.6  0.08
7220  27315.7  0.08
7240  27354.9  0.08
7260  27470.3  0.08
7280  27509.4  0.08
7300  27548.6  0.08
7320  27587.7  0.08
7340  27698.3  0.08
7360  27742.2  0.08
7380  27781.4  0.08
7400  27820.5  0.08
7420  27931.1  0.08
7440  27970.3  0.08
7460  28014.2  0.08
7480  28124.8  0.08
7500  28163.9  0.08
7520  28200.2  0.08
7540  28239.3  0.08
7560  28354.7  0.08
7580  28393.9  0.08
7600  28433  0.08
7620  28543.7  0.08
7640  28582.8  0.08
7660  28626.7  0.08
7680  34462.8  0.1
7700  34517.4  0.1
7720  34606.4  0.1
7740  34715  0.1
7760  34769.6  0.1
7780  34858.6  0.1
7800  34916.9  0.1
7820  35021.9  0.1
7840  35080.2  0.1
7860  35169.2  0.1
7880  35258.1  0.1
7900  35332.5  0.1
7920  35421.4  0.1
7940  35479.8  0.1
7960  35568.7  0.1
7980  35639.3  0.1
8000  35732  0.1
8020  35821  0.1
8040  35875.6  0.1
8060  35984.3  0.1
8080  36038.9  0.1
8100  36131.6  0.1
8120  36233.6  0.1
8140  36288.3  0.1
8160  36380.9  0.1
8180  36435.6  0.1
8200  36544.2  0.1
8220  36598.9  0.1
8240  36687.8  0.1
8260  36780.5  0.1
8280  36851.1  0.1
8300  36940.1  0.1
8320  36998.4  0.1
8340  37087.4  0.1
8360  37196  0.1
8380  37250.6  0.1
8400  37339.6  0.1
8420  37398  0.1
8440  37502.9  0.1
8460  37557.5  0.1
8480  37650.2  0.1
8500  37739.2  0.1
8520  37813.5  0.1
8540  37902.4  0.1
8560  37957.1  0.1
8580  46649.8  0.12
8600  46722.8  0.12
8620  46765.2  0.12
8640  47005.5  0.12
8660  47044.2  0.12
8680  47120.9  0.12
8700  47228.3  0.12
8720  47298.4  0.12
8740  47473.8  0.12
8760  47512.5  0.12
8780  47657.9  0.12
8800  47696.6  0.12
8820  47769.6  0.12
8840  48013.7  0.12
8860  46266.2  0.12
8880  46342.9  0.12
8900  46450.3  0.12
8920  46523.3  0.12
8940  37730.9  0.1
8960  37803.9  0.1
8980  37876.9  0.1
9000  37919.3  0.1
9020  37992.2  0.1
9040  38133.3  0.1
9060  38206.3  0.1
9080  38279.3  0.1
9100  38321.7  0.1
9120  38394.7  0.1
9140  38535.7  0.1
9160  38608.7  0.1
9180  38647.4  0.1
9200  29546.8  0.08
9220  29619.8  0.08
9240  29658.5  0.08
9260  29735.2  0.08
9280  29773.9  0.08
9300  29850.6  0.08
9320  29920.7  0.08
9340  29959.4  0.08
9360  30036.1  0.08
9380  30074.7  0.08
9400  30151.4  0.08
9420  30190.1  0.08
9440  30263.1  0.08
9460  30339.8  0.08
9480  30378.5  0.08
9500  30451.5  0.08
9520  30493.9  0.08
9540  30566.8  0.08
9560  30643.6  0.08
9580  30682.2  0.08
9600  30755.2  0.08
9620  30797.6  0.08
9640  30870.6  0.08
9660  30913  0.08
9680  49824.6  0.12
9700  49914.8  0.12
9720  49978.7  0.12
9740  50209.2  0.12
9760  50265.1  0.12
9780  69803  0.16
9800  69905  0.16
9820  69980.7  0.16
9840  70086.9  0.16
9860  70290.6  0.16
9880  70400.5  0.16
9900  70472.5  0.16
9920  70752  0.16
9940  70858.3  0.16
9960  70930.2  0.16
9980  71035.9  0.16
10000  71243.8  0.16
10020  71350.1  0.16
10040  71455.8  0.16
10060  71527.7  0.16
10080  71637.7  0.16
10100  71882  0.16
10120  71988.3  0.16
10140  72195.6  0.16
10160  72301.9  0.16
10180  72411.9  0.16
10200  72479.5  0.16
10220  72585.8  0.16
10240  72661.4  0.16
10260  72763.4  0.16
10280  62885.5  0.14
10300  62961.2  0.14
10320  63028.8  0.14
10340  63104.5  0.14
10360  63176.4  0.14
10380  63244  0.14
10400  63319.7  0.14
10420  63527.6  0.14
10440  63599  0.14
10460  63847.6  0.14
10480  53495.2  0.12
10500  53566.6  0.12
10520  53635.7  0.12
10540  53839.3  0.12
10560  53915  0.12
10580  53986.9  0.12
10600  54058.3  0.12
10620  54130.2  0.12
10640  54202.1  0.12
10660  54273.5  0.12
10680  44235.3  0.1
10700  44299.2  0.1
10720  44355.1  0.1
10740  44415.3  0.1
10760  44479.2  0.1
10780  44535.1  0.1
10800  44595.2  0.1
10820  38149.2  0.08
10840  38240.8  0.08
10860  38260.9  0.08
10880  38281  0.08
10900  38301.1  0.08
10920  38392.7  0.08
10940  38412.8  0.08
10960  38432.9  0.08
10980  38702.8  0.08
11000  38722.9  0.08
11020  38743  0.08
11040  38763.1  0.08
11060  38854.7  0.08
11080  38874.8  0.08
11100  38894.9  0.08
11120  38912.1  0.08
11140  39003.7  0.08
11160  39202.1  0.08
11180  39222.2  0.08
11200  39313.8  0.08
11220  39333.9  0.08
11240  39354  0.08
11260  39374.1  0.08
11280  39465.7  0.08
11300  39485.8  0.08
11320  39505.9  0.08
11340  39775.9  0.08
11360  39795.9  0.08
11380  39816  0.08
11400  39836.1  0.08
11420  39927.8  0.08
11440  39947.9  0.08
11460  39967.9  0.08
11480  40059.6  0.08
11500  40079.7  0.08
11520  40278.1  0.08
11540  40298.2  0.08
11560  40389.8  0.08
11580  40409.9  0.08
11600  40430  0.08
11620  40450.1  0.08
11640  40541.7  0.08
11660  40561.8  0.08
11680  40760.2  0.08
11700  29083.3  0.06
11720  29100.5  0.06
11740  29120.6  0.06
11760  29140.7  0.06
11780  29232.3  0.06
11800  29252.4  0.06
11820  29272.5  0.06
11840  29364.1  0.06
11860  29384.2  0.06
11880  29404.3  0.06
11900  29424.4  0.06
11920  29516  0.06
11940  29536.1  0.06
11960  29556.2  0.06
11980  29647.8  0.06
12000  29667.9  0.06
12020  29688  0.06
12040  29708.1  0.06
12060  29799.7  0.06
12080  29819.8  0.06
12100  29839.9  0.06
12120  29860  0.06
12140  29951.6  0.06
12160  29971.7  0.06
12180  29991.8  0.06
12200  30083.5  0.06
12220  30103.5  0.06
12240  30123.6  0.06
12260  30143.7  0.06
12280  30235.4  0.06
12300  30255.5  0.06
12320  17971.4  0.04
12340  17991.5  0.04
12360  18011.6  0.04
12380  18031.7  0.04
12400  18051.8  0.04
12420  18071.9  0.04
12440  18092  0.04
12460  18112.1  0.04
12480  18132.2  0.04
12500  18152.3  0.04
12520  18172.4  0.04
12540  18192.5  0.04
12560  18212.6  0.04
12580  18232.7  0.04
12600  18252.8  0.04
12620  18272.9  0.04
12640  18293  0.04
12660  18313.1  0.04
12680  18333.2  0.04
12700  18353.3  0.04
12720  18373.4  0.04
12740  18393.5  0.04
12760  18413.6  0.04
12780  18433.6  0.04
12800  18453.7  0.04
12820  18473.8  0.04
12840  18493.9  0.04
12860  18514  0.04
12880  18534.1  0.04
12900  18554.2  0.04
12920  18571.4  0.04
12940  18591.5  0.04
12960  29659.3  0.06
12980  29695.9  0.06
13000  29732.5  0.06
13020  29769.1  0.06
13040  29805.7  0.06
13060  29858.8  0.06
13080  29895.4  0.06
13100  29932  0.06
13120  21388  0.04
13140  21408.1  0.04
13160  21428.2  0.04
13180  21448.3  0.04
13200  21468.4  0.04
13220  21488.5  0.04
13240  21508.6  0.04
13260  21528.7  0.04
13280  21548.8  0.04
13300  21568.9  0.04
13320  21589  0.04
13340  21609.1  0.04
13360  21629.2  0.04
13380  21649.3  0.04
13400  21669.3  0.04
13420  21689.4  0.04
13440  21709.5  0.04
13460  21729.6  0.04
13480  21749.7  0.04
13500  48848.2  0.08
13520  48887.9  0.08
13540  49059  0.08
13560  49101.6  0.08
13580  49144.1  0.08
13600  49179.2  0.08
13620  49221.8  0.08
13640  49264.4  0.08
13660  49299.5  0.08
13680  49478.1  0.08
13700  49520.6  0.08
13720  49555.7  0.08
13740  49598.3  0.08
13760  49640.9  0.08
13780  49676  0.08
13800  49718.6  0.08
13820  49897.2  0.08
13840  49932.2  0.08
13860  41193.4  0.06
13880  41236  0.06
13900  41271.1  0.06
13920  41313.7  0.06
13940  41356.3  0.06
13960  31501.9  0.06
13980  31542.2  0.06
14000  31582.4  0.06
14020  31622.6  0.06
14040  31662.8  0.06
14060  31703.1  0.06
14080  31743.3  0.06
14100  31783.5  0.06
14120  31820.9  0.06
14140  31861.1  0.06
14160  31901.3  0.06
14180  31941.5  0.06
14200  31981.7  0.06
14220  32015.3  0.06
14240  32055.5  0.06
14260  32245.7  0.06
14280  32293  0.06
14300  32326.7  0.06
14320  32374  0.06
14340  32407.7  0.06
14360  32455  0.06
14380  32488.7  0.06
14400  32535.9  0.06
14420  32569.6  0.06
14440  32616.9  0.06
14460  32650.6  0.06
14480  32697.9  0.06
14500  32731.6  0.06
14520  32777.7  0.06
14540  32819.4  0.06
14560  32861  0.06
14580  32902.7  0.06
14600  32922.8  0.06
14620  32964.5  0.06
14640  33006.2  0.06
14660  33047.9  0.06
14680  33089.5  0.06
14700  22190.8  0.04
14720  22208  0.04
14740  22228.1  0.04
14760  22248.2  0.04
14780  22268.3  0.04
14800  22288.4  0.04
14820  22308.5  0.04
14840  22328.6  0.04
14860  22348.7  0.04
14880  22368.8  0.04
14900  22388.9  0.04
14920  26719.4  0.04
14940  26739.5  0.04
14960  26759.6  0.04
14980  26779.7  0.04
