100  4651.08  1
120  5726.52  0.96
140  6862.64  0.96
160  7757.08  0.96
180  8347.69  0.94
200  8965.69  0.9
220  9904.44  0.88
240  10385.9  0.86
260  11255.4  0.86
280  11864.6  0.86
300  12305.4  0.82
320  13275.3  0.82
340  13946.2  0.82
360  14832  0.82
380  15042  0.8
400  15561.7  0.78
420  16073.2  0.76
440  15873.4  0.72
460  16535.4  0.72
480  15975.3  0.66
500  16048.9  0.64
520  16558.4  0.64
540  15561.8  0.58
560  18302.3  0.66
580  18165.8  0.64
600  18039.6  0.62
620  18260.3  0.6
640  18865.9  0.6
660  20093.3  0.6
680  20095.1  0.58
700  21427.4  0.6
720  21843  0.6
740  21646.6  0.58
760  22084.2  0.58
780  21655  0.56
800  22396.1  0.56
820  22691.9  0.56
840  23033.1  0.56
860  22736.1  0.54
880  23335.8  0.54
900  22955.3  0.52
920  22647.2  0.5
940  23136  0.5
960  23372.9  0.5
980  23986.2  0.5
1000  24413.9  0.5
1020  24834.8  0.5
1040  25954  0.5
1060  26306.3  0.5
1080  26661.3  0.5
1100  25914.3  0.48
1120  26351.8  0.48
1140  24441.8  0.44
1160  25263.3  0.44
1180  24893.7  0.42
1200  25191.7  0.42
1220  25624.2  0.42
1240  26121.2  0.42
1260  26438.9  0.42
1280  26987.2  0.42
1300  27269.3  0.42
1320  27596.5  0.42
1340  27931  0.42
1360  26839.8  0.4
1380  25778.3  0.38
1400  24805.4  0.36
1420  25465.4  0.36
1440  25751.3  0.36
1460  25037.8  0.34
1480  25180  0.34
1500  23966.1  0.32
1520  24266.8  0.32
1540  24493.3  0.32
1560  23167.7  0.3
1580  23421.8  0.3
1600  23779.6  0.3
1620  22328  0.28
1640  22632.3  0.28
1660  21118.1  0.26
1680  21516.5  0.26
1700  21792.9  0.26
1720  21939.6  0.26
1740  22112  0.26
1760  22426.2  0.26
1780  22568.4  0.26
1800  22735.8  0.26
1820  22973.6  0.26
1840  21404.2  0.24
1860  21988.2  0.24
1880  33391  0.36
1900  33742.1  0.36
1920  32221.7  0.34
1940  32407.2  0.34
1960  32644  0.34
1980  33171.2  0.34
2000  31401.8  0.32
2020  21576.1  0.22
2040  21765.9  0.22
2060  21900.5  0.22
2080  22079.9  0.22
2100  22238.1  0.22
2120  22464.2  0.22
2140  22650.8  0.22
2160  22808  0.22
2180  20969.7  0.2
2200  21090.5  0.2
2220  21312.4  0.2
2240  21414.3  0.2
2260  21640  0.2
2280  21858.6  0.2
2300  21982  0.2
2320  22203.6  0.2
2340  22391.8  0.2
2360  22548  0.2
2380  22694.4  0.2
2400  22966.4  0.2
2420  23080.8  0.2
2440  20771.8  0.18
2460  21037.3  0.18
2480  21171.7  0.18
2500  21275.9  0.18
2520  21482.9  0.18
2540  23492.6  0.2
2560  22174.7  0.18
2580  22313.1  0.18
2600  22524.6  0.18
2620  22662  0.18
2640  22799.5  0.18
2660  23028.2  0.18
2680  23165.6  0.18
2700  23271.3  0.18
2720  23469  0.18
2740  23675.5  0.18
2760  23774.9  0.18
2780  23950.1  0.18
2800  24123.8  0.18
2820  24262.2  0.18
2840  24396.1  0.18
2860  24559.4  0.18
2880  24762.3  0.18
2900  24866.9  0.18
2920  25068.2  0.18
2940  25272.1  0.18
2960  25349  0.18
2980  25550.3  0.18
3000  39596  0.28
3020  39794.5  0.28
3040  40146.7  0.28
3060  37294.1  0.26
3080  37537  0.26
3100  37818.9  0.26
3120  38062.1  0.26
3140  38253.2  0.26
3160  35370.3  0.24
3180  35541.8  0.24
3200  35759.8  0.24
3220  32798.7  0.22
3240  32998.4  0.22
3260  33159.7  0.22
3280  33398  0.22
3300  33616.4  0.22
3320  33779.2  0.22
3340  33943.2  0.22
3360  30875.6  0.2
3380  30992.7  0.2
3400  31142.8  0.2
3420  31430.3  0.2
3440  28116.4  0.18
3460  28266.5  0.18
3480  28471.5  0.18
3500  28578.6  0.18
3520  33046.6  0.2
3540  33176.4  0.2
3560  33360.3  0.2
3580  33522.3  0.2
3600  33651.1  0.2
3620  33880.7  0.2
3640  34000.8  0.2
3660  34175.9  0.2
3680  34522  0.2
3700  34687.5  0.2
3720  34820.1  0.2
3740  35000.5  0.2
3760  31399.8  0.18
3780  31529.5  0.18
3800  31709.9  0.18
3820  31833.9  0.18
3840  31962.6  0.18
3860  32244.9  0.18
3880  32428.9  0.18
3900  32558.6  0.18
3920  32679  0.18
3940  32863  0.18
3960  32988.2  0.18
3980  33108.3  0.18
4000  41367.8  0.22
4020  28029.1  0.14
4040  28144.7  0.14
4060  28293.3  0.14
4080  28427.9  0.14
4100  24477  0.12
4120  30198  0.16
4140  30298.4  0.16
4160  30430.8  0.16
4180  30563.2  0.16
4200  30721.1  0.16
4220  30840.1  0.16
4240  26722.5  0.14
4260  26886.7  0.14
4280  26989.6  0.14
4300  27087.2  0.14
4320  27259.5  0.14
4340  27362.4  0.14
4360  27461.8  0.14
4380  27607  0.14
4400  27704.6  0.14
4420  27813.1  0.14
4440  27979.8  0.14
4460  28082.7  0.14
4480  41685.9  0.2
4500  41766.3  0.2
4520  41989.4  0.2
4540  42191.3  0.2
4560  42253.5  0.2
4580  42512.7  0.2
4600  42668.5  0.2
4620  42942.3  0.2
4640  43090.8  0.2
4660  43292.7  0.2
4680  38769.2  0.18
4700  39012.5  0.18
4720  39072.6  0.18
4740  39189.3  0.18
4760  34537  0.16
4780  29968  0.14
4800  30219.8  0.14
4820  30343.6  0.14
4840  25578  0.12
4860  25642.6  0.12
4880  25702.6  0.12
4900  25830  0.12
4920  20978.4  0.1
4940  21038.4  0.1
4960  21165.9  0.1
4980  21230.4  0.1
5000  21290.5  0.1
5020  21417.9  0.1
5040  21481.5  0.1
5060  21541.6  0.1
5080  21669  0.1
5100  21707.5  0.1
5120  21771.1  0.1
5140  21898.6  0.1
5160  21958.6  0.1
5180  22022.2  0.1
5200  22085.8  0.1
5220  22210.7  0.1
5240  22274.3  0.1
5260  22337.9  0.1
5280  22439.3  0.1
5300  22502.8  0.1
5320  22566.4  0.1
5340  22691.3  0.1
5360  22754.9  0.1
5380  22818.5  0.1
5400  22942.4  0.1
5420  23006  0.1
5440  23069.6  0.1
5460  23172  0.1
5480  23235.6  0.1
5500  23295.6  0.1
5520  23359.2  0.1
5540  23486.6  0.1
5560  23546.7  0.1
5580  23611.3  0.1
5600  23738.7  0.1
5620  26189.8  0.1
5640  26230.9  0.1
5660  26358.3  0.1
5680  24422  0.1
5700  24486.6  0.1
5720  24614  0.1
5740  24674.1  0.1
5760  24737.7  0.1
5780  24865.1  0.1
5800  24925.2  0.1
5820  24967.2  0.1
5840  25027.3  0.1
5860  25154.7  0.1
5880  25218.3  0.1
5900  25278.4  0.1
5920  25405.8  0.1
5940  25470.4  0.1
5960  25530.4  0.1
5980  25657.9  0.1
6000  25698.9  0.1
6020  25759  0.1
6040  25886.4  0.1
6060  43055.2  0.16
6080  43115.3  0.16
6100  46955.5  0.16
6120  47068.9  0.16
6140  42974  0.14
6160  43158  0.14
6180  37071.4  0.12
6200  37188  0.12
6220  37295.7  0.12
6240  37444.5  0.12
6260  37564.6  0.12
6280  37640.7  0.12
6300  37822.1  0.12
6320  37929.8  0.12
6340  36141.9  0.12
6360  36220.1  0.12
6380  36272.1  0.12
6400  36312.4  0.12
6420  36414.1  0.12
6440  36466.1  0.12
6460  30059.5  0.1
6480  30107.9  0.1
6500  26591.8  0.1
6520  26679.4  0.1
6540  26742  0.1
6560  20259.7  0.08
6580  20323.3  0.08
6600  20383.4  0.08
6620  20447  0.08
6640  20507  0.08
6660  20571.6  0.08
6680  20635.2  0.08
6700  20695.3  0.08
6720  20736.4  0.08
6740  20800  0.08
6760  20860  0.08
6780  20924.6  0.08
6800  20988.2  0.08
6820  21048.3  0.08
6840  21111.9  0.08
6860  21175.5  0.08
6880  21235.5  0.08
6900  21277.6  0.08
6920  21341.2  0.08
6940  21401.2  0.08
6960  21464.8  0.08
6980  21524.9  0.08
7000  21588.5  0.08
7020  21067.3  0.06
7040  21127.3  0.06
7060  21190.9  0.06
7080  21232  0.06
7100  21292.1  0.06
7120  21355.7  0.06
7140  21420.3  0.06
7160  21480.3  0.06
7180  21543.9  0.06
7200  21597.6  0.06
7220  21637.8  0.06
7240  21659.1  0.06
7260  21702.8  0.06
7280  21743  0.06
7300  21786.8  0.06
7320  21830.6  0.06
7340  21870.8  0.06
7360  21914.6  0.06
7380  21954.8  0.06
7400  21998.5  0.06
7420  22019.8  0.06
7440  22060  0.06
7460  22103.8  0.06
7480  22147.5  0.06
7500  22187.8  0.06
7520  22231.5  0.06
7540  22275.3  0.06
7560  22315.5  0.06
7580  22359.3  0.06
7600  22380.5  0.06
7620  22420.7  0.06
7640  22464.5  0.06
7660  22508.2  0.06
7680  22548.5  0.06
7700  22592.2  0.06
7720  22632.5  0.06
7740  22676.2  0.06
7760  22720  0.06
7780  22737.7  0.06
7800  22781.4  0.06
7820  22825.2  0.06
7840  22865.4  0.06
7860  22909.2  0.06
7880  22953  0.06
7900  22993.2  0.06
7920  23036.9  0.06
7940  23080.7  0.06
7960  23098.4  0.06
7980  23142.2  0.06
8000  23185.9  0.06
8020  23226.1  0.06
8040  23269.9  0.06
8060  23313.7  0.06
8080  23353.9  0.06
8100  23397.7  0.06
8120  23437.9  0.06
8140  23459.1  0.06
8160  23502.9  0.06
8180  74933.6  0.2
8200  75090.3  0.2
8220  75300.4  0.2
8240  75444.9  0.2
8260  75552.7  0.2
8280  75766.3  0.2
8300  75915.2  0.2
8320  76034.5  0.2
8340  76515.7  0.2
8360  76653.9  0.2
8380  76802  0.2
8400  76973.6  0.2
8420  77165.2  0.2
8440  68824.3  0.18
8460  69046.5  0.18
8480  69142.1  0.18
8500  69222.2  0.18
8520  69373.6  0.18
8540  69540.1  0.18
8560  69686.3  0.18
8580  69794.1  0.18
8600  70260.4  0.18
8620  70363  0.18
8640  70467.3  0.18
8660  70680.9  0.18
8680  70757.5  0.18
8700  70912.4  0.18
8720  71075.4  0.18
8740  71225.1  0.18
8760  71329.4  0.18
8780  71495.9  0.18
8800  71642.1  0.18
8820  71749.9  0.18
8840  72152.3  0.18
8860  72292.8  0.18
8880  72447  0.18
8900  72550.3  0.18
8920  72717.7  0.18
8940  22234.1  0.06
8960  22277.1  0.06
8980  22320  0.06
9000  22361.1  0.06
9020  22404.1  0.06
9040  22424.5  0.06
9060  22467.5  0.06
9080  22510.4  0.06
9100  22551.5  0.06
9120  22594.5  0.06
9140  22637.5  0.06
9160  22680.4  0.06
9180  22721.5  0.06
9200  22764.5  0.06
9220  22784.9  0.06
9240  22827.8  0.06
9260  22868.9  0.06
9280  22911.9  0.06
9300  22954.9  0.06
9320  22997.8  0.06
9340  23040.8  0.06
9360  23081.9  0.06
9380  23124.8  0.06
9400  23145.3  0.06
9420  23188.2  0.06
9440  23229.3  0.06
9460  23272.3  0.06
9480  23315.2  0.06
9500  23358.2  0.06
9520  96624.4  0.22
9540  96757.2  0.22
9560  80561  0.18
9580  80623.3  0.18
9600  97248.2  0.22
9620  97410.6  0.22
9640  97612.1  0.22
9660  97747.9  0.22
9680  97880.4  0.22
9700  98115.6  0.22
9720  98251.4  0.22
9740  98816.3  0.22
9760  101347  0.22
9780  101519  0.22
9800  101964  0.22
9820  102129  0.22
9840  102298  0.22
9860  102464  0.22
9880  102596  0.22
9900  102736  0.22
9920  102967  0.22
9940  103077  0.22
9960  103213  0.22
9980  91075.3  0.2
10000  91184.4  0.2
10020  91320.2  0.2
10040  91492.2  0.2
10060  91625.1  0.2
10080  92031.2  0.2
10100  92120.8  0.2
10120  92325.6  0.2
10140  92425.7  0.2
10160  92993.8  0.2
10180  93193.3  0.2
10200  93296.4  0.2
10220  101955  0.2
10240  102040  0.2
10260  102227  0.2
10280  102317  0.2
10300  102402  0.2
10320  102589  0.2
10340  102929  0.2
10360  103036  0.2
10380  103149  0.2
10400  103303  0.2
10420  103649  0.2
10440  103767  0.2
10460  103893  0.2
10480  104011  0.2
10500  104096  0.2
10520  104214  0.2
10540  104400  0.2
10560  104480  0.2
10580  104587  0.2
10600  105174  0.2
10620  105567  0.2
10640  105891  0.2
10660  106040  0.2
10680  106157  0.2
10700  106242  0.2
10720  106360  0.2
10740  95796.9  0.18
10760  95876.6  0.18
10780  95961.6  0.18
10800  96105.1  0.18
10820  96167.5  0.18
10840  96252.5  0.18
10860  96332.2  0.18
10880  96714.9  0.18
10900  97075.5  0.18
10920  97160.5  0.18
10940  97314.5  0.18
10960  97394.2  0.18
10980  97479.1  0.18
11000  97541.6  0.18
11020  97685.1  0.18
11040  98197.1  0.18
11060  98282.1  0.18
11080  98436.1  0.18
11100  98749.8  0.18
11120  98834.8  0.18
11140  98914.5  0.18
11160  99068.5  0.18
11180  99406.5  0.18
11200  99491.5  0.18
11220  99645.5  0.18
11240  99725.2  0.18
11260  99799.7  0.18
11280  99884.6  0.18
11300  100039  0.18
11320  100103  0.18
11340  100412  0.18
11360  100543  0.18
11380  100628  0.18
11400  100713  0.18
11420  100867  0.18
11440  101222  0.18
11460  101740  0.18
11480  104908  0.2
11500  105060  0.2
11520  105142  0.2
11540  105275  0.2
11560  105427  0.2
11580  105701  0.2
11600  105784  0.2
11620  105936  0.2
11640  106091  0.2
11660  106173  0.2
11680  106334  0.2
11700  106486  0.2
11720  106816  0.2
11740  106903  0.2
11760  107060  0.2
11780  107403  0.2
11800  107486  0.2
11820  107563  0.2
11840  107793  0.2
11860  107875  0.2
11880  96288.5  0.18
11900  96348.5  0.18
11920  96569.4  0.18
11940  96655.7  0.18
11960  96926.4  0.18
11980  85150.9  0.16
12000  85509.1  0.16
12020  85586.4  0.16
12040  85672.6  0.16
12060  85829.8  0.16
12080  85893.5  0.16
12100  85970.8  0.16
12120  86053.3  0.16
12140  86402.4  0.16
12160  86485  0.16
12180  86571.2  0.16
12200  86648.5  0.16
12220  86805.7  0.16
12240  86891.9  0.16
12260  86951.9  0.16
12280  87388.4  0.16
12300  87465.7  0.16
12320  87527.9  0.16
12340  87802.3  0.16
12360  87959.5  0.16
12380  88045.7  0.16
12400  88123  0.16
12420  88205.5  0.16
12440  75923.8  0.14
12460  76006.4  0.14
12480  76092.6  0.14
12500  76169.9  0.14
12520  101475  0.18
12540  101561  0.18
12560  101919  0.18
12580  102122  0.18
12600  102199  0.18
12620  102380  0.18
12640  89829  0.16
12660  89911.5  0.16
12680  89992.5  0.16
12700  90075  0.16
12720  90345.8  0.16
12740  90552.8  0.16
12760  90635.3  0.16
12780  90716.3  0.16
12800  90776.3  0.16
12820  91134.5  0.16
12840  78423.2  0.14
12860  78505.7  0.14
12880  78586.7  0.14
12900  78857.4  0.14
12920  78940  0.14
12940  79026.2  0.14
12960  79108.8  0.14
12980  79167.2  0.14
13000  79249.8  0.14
13020  79332.3  0.14
13040  79418.6  0.14
13060  79501.1  0.14
13080  79770.3  0.14
13100  80128.5  0.14
13120  71885  0.12
13140  71926.5  0.12
13160  71985.3  0.12
13180  72096.4  0.12
13200  72160.4  0.12
13220  72271.5  0.12
13240  72335.6  0.12
13260  72441.4  0.12
13280  59274.7  0.1
13300  59318.3  0.1
13320  59406.9  0.1
13340  59470.9  0.1
13360  59576.8  0.1
13380  59640.8  0.1
13400  59751.9  0.1
13420  59816  0.1
13440  59880  0.1
13460  59985.8  0.1
13480  60049.9  0.1
13500  60138.5  0.1
13520  60202.5  0.1
13540  60313.6  0.1
13560  60372.4  0.1
13580  60436.4  0.1
13600  60547.5  0.1
13620  60611.6  0.1
13640  60722.7  0.1
13660  60781.4  0.1
13680  60822.9  0.1
13700  60934.1  0.1
13720  60998.1  0.1
13740  61103.9  0.1
13760  61168  0.1
13780  61279.1  0.1
13800  61343.1  0.1
13820  61407.1  0.1
13840  61513  0.1
13860  61554.5  0.1
13880  61665.6  0.1
13900  61729.7  0.1
13920  61840.8  0.1
13940  61899.5  0.1
13960  61963.6  0.1
13980  62074.7  0.1
14000  62138.7  0.1
14020  62249.8  0.1
14040  62286.1  0.1
14060  62397.2  0.1
14080  62461.2  0.1
14100  62525.3  0.1
14120  62636.4  0.1
14140  62695.1  0.1
14160  62806.3  0.1
14180  62870.3  0.1
14200  62981.4  0.1
14220  63017.6  0.1
14240  72623.2  0.12
14260  72705  0.12
14280  72766.5  0.12
14300  72852.8  0.12
14320  72929.4  0.12
14340  73015.7  0.12
14360  73097.5  0.12
14380  73183.8  0.12
14400  73243.2  0.12
14420  73324.2  0.12
14440  73406.1  0.12
14460  73492.4  0.12
14480  73830.4  0.12
14500  73916.7  0.12
14520  73993.3  0.12
14540  74079.6  0.12
14560  74161.5  0.12
14580  74225.3  0.12
14600  74307.1  0.12
14620  80089.4  0.12
14640  80144.7  0.12
14660  80643.6  0.12
14680  80819.7  0.12
14700  80875  0.12
14720  80961.3  0.12
14740  81016.6  0.12
14760  81016.6  0.12
14780  81135.7  0.12
14800  81311.8  0.12
14820  81334.3  0.12
14840  66539.5  0.1
14860  66625.9  0.1
14880  66681.2  0.1
14900  66736.5  0.1
14920  66822.8  0.1
14940  66855.6  0.1
14960  66878.1  0.1
14980  66997.2  0.1
