100  4320.4  0.96
120  5033.78  0.94
140  5877.27  0.94
160  6676.7  0.9
180  7830.15  0.9
200  8213.31  0.86
220  9087.25  0.86
240  10618.6  0.82
260  11346.1  0.82
280  11956.1  0.82
300  12720.4  0.82
320  13418.3  0.82
340  13488.8  0.78
360  14084.4  0.78
380  14365.3  0.76
400  14502.9  0.74
420  14406.4  0.7
440  14996.3  0.7
460  15080.5  0.68
480  14612.2  0.62
500  15134.8  0.62
520  14645.9  0.58
540  16784.1  0.64
560  16355.5  0.6
580  16762.8  0.6
600  17351.2  0.6
620  17183.5  0.58
640  17645.2  0.58
660  16746.3  0.52
680  19323.5  0.56
700  22698.7  0.64
720  23156.4  0.64
740  22129.4  0.6
760  23453  0.62
780  20215.7  0.52
800  20038.7  0.5
820  20379.3  0.5
840  20043.4  0.48
860  20330.4  0.48
880  19977.3  0.46
900  20305.5  0.46
920  20582.6  0.46
940  20916.2  0.46
960  21243.6  0.46
980  21680.6  0.46
1000  19102.2  0.4
1020  19030  0.38
1040  19325.9  0.38
1060  19727.1  0.38
1080  22169.4  0.42
1100  22868.6  0.42
1120  24132.1  0.42
1140  23279.3  0.4
1160  22469.7  0.38
1180  22801.9  0.38
1200  23151.1  0.38
1220  23553.7  0.38
1240  20070.2  0.32
1260  19082.2  0.3
1280  19301.6  0.3
1300  22132.6  0.34
1320  22402.6  0.34
1340  22760  0.34
1360  23130.2  0.34
1380  27470.1  0.4
1400  26426.1  0.38
1420  25318.3  0.36
1440  25743  0.36
1460  26154.8  0.36
1480  24874.7  0.34
1500  25182.9  0.34
1520  23982.5  0.32
1540  24244.1  0.32
1560  24939.7  0.32
1580  23628.8  0.3
1600  20681  0.26
1620  20988.9  0.26
1640  21170  0.26
1660  21385.2  0.26
1680  21568  0.26
1700  21877  0.26
1720  22453.8  0.26
1740  22639.3  0.26
1760  21095.2  0.24
1780  21269.7  0.24
1800  21543.9  0.24
1820  21731.1  0.24
1840  21898.4  0.24
1860  22069  0.24
1880  29526.2  0.32
1900  29686.2  0.32
1920  30056.9  0.32
1940  30215.5  0.32
1960  30371  0.32
1980  28604.9  0.3
2000  28913.1  0.3
2020  29522  0.3
2040  30054.4  0.3
2060  30297.3  0.3
2080  28508.3  0.28
2100  28722  0.28
2120  25137.6  0.24
2140  25335.7  0.24
2160  25591.3  0.24
2180  25766.8  0.24
2200  25959.3  0.24
2220  26134.7  0.24
2240  26307.1  0.24
2260  24323.8  0.22
2280  24488.3  0.22
2300  26957.7  0.24
2320  27116  0.24
2340  27384.1  0.24
2360  27579.6  0.24
2380  27748.8  0.24
2400  27927.6  0.24
2420  28115  0.24
2440  21039.2  0.18
2460  21614.2  0.18
2480  21757.1  0.18
2500  21907.4  0.18
2520  35662.9  0.3
2540  35845.4  0.3
2560  36102.4  0.3
2580  33748.8  0.28
2600  31320  0.26
2620  31527.5  0.26
2640  26551.2  0.22
2660  26781.2  0.22
2680  27051.6  0.22
2700  32570.2  0.26
2720  38265.7  0.3
2740  38567.4  0.3
2760  35957  0.28
2780  36195.1  0.28
2800  36409.3  0.28
2820  33953.9  0.26
2840  34132.9  0.26
2860  31464.5  0.24
2880  31633  0.24
2900  32332.8  0.24
2920  32478.4  0.24
2940  30937.6  0.22
2960  31059.4  0.22
2980  31288.9  0.22
3000  31514.8  0.22
3020  31636.5  0.22
3040  28769  0.2
3060  28928.8  0.2
3080  28966.3  0.2
3100  28118  0.2
3120  28228.2  0.2
3140  28460.2  0.2
3160  25439.3  0.18
3180  25570.8  0.18
3200  25710.4  0.18
3220  25837.5  0.18
3240  25992  0.18
3260  26141.4  0.18
3280  26257.2  0.18
3300  26747.7  0.18
3320  26871.1  0.18
3340  27042.3  0.18
3360  27165.7  0.18
3380  27290.3  0.18
3400  27466.5  0.18
3420  27584.9  0.18
3440  22363.3  0.14
3460  22503.6  0.14
3480  22609.5  0.14
3500  22728.4  0.14
3520  22834.3  0.14
3540  22970.9  0.14
3560  23092.8  0.14
3580  23195.8  0.14
3600  17650.6  0.1
3620  17732.3  0.1
3640  36728.7  0.22
3660  36883.5  0.22
3680  37046.8  0.22
3700  37260.9  0.22
3720  37415.7  0.22
3740  37645.6  0.22
3760  37798.5  0.22
3780  37961.8  0.22
3800  34376.9  0.2
3820  34517.8  0.2
3840  34652.5  0.2
3860  34853.6  0.2
3880  34994.5  0.2
3900  35137.7  0.2
3920  35637.4  0.2
3940  35780.2  0.2
3960  35927.7  0.2
3980  36123.7  0.2
4000  33737.6  0.18
4020  33877.2  0.18
4040  34073.1  0.18
4060  26077.2  0.14
4080  26207.6  0.14
4100  26344.7  0.14
4120  26448.1  0.14
4140  26563.8  0.14
4160  26682.4  0.14
4180  26804.3  0.14
4200  26937.2  0.14
4220  27055.9  0.14
4240  27169  0.14
4260  27290.2  0.14
4280  27392.9  0.14
4300  27522.4  0.14
4320  17470.3  0.1
4340  17534.8  0.1
4360  17593.2  0.1
4380  17768.3  0.1
4400  13390  0.08
4420  13454.5  0.08
4440  13512.9  0.08
4460  13571.3  0.08
4480  13629.6  0.08
4500  13694.1  0.08
4520  13753.4  0.08
4540  24415.7  0.12
4560  24513.5  0.12
4580  24617.4  0.12
4600  24714.9  0.12
4620  24812.6  0.12
4640  24910.4  0.12
4660  25002  0.12
4680  25114.3  0.12
4700  17350  0.08
4720  17408.7  0.08
4740  27352.2  0.12
4760  27471.9  0.12
4780  27511.5  0.12
4800  27622  0.12
4820  27666.5  0.12
4840  27786.2  0.12
4860  23018.6  0.1
4880  23129.2  0.1
4900  23173.7  0.1
4920  23293.4  0.1
4940  23331.8  0.1
4960  18484.6  0.08
4980  18529.1  0.08
5000  18567.5  0.08
5020  18678.1  0.08
5040  13672.1  0.06
5060  13710.5  0.06
5080  13748.9  0.06
5100  40706.4  0.16
5120  40860  0.16
5140  40981.9  0.16
5160  41125  0.16
5180  41260.2  0.16
5200  41417.8  0.16
5220  41549.9  0.16
5240  41687  0.16
5260  41828.2  0.16
5280  41968.6  0.16
5300  42105.6  0.16
5320  42255.2  0.16
5340  19269.9  0.08
5360  19335.3  0.08
5380  19392.7  0.08
5400  19449.9  0.08
5420  32015  0.12
5440  32079.4  0.12
5460  32192.9  0.12
5480  32252.7  0.12
5500  32624.3  0.12
5520  32745.4  0.12
5540  32803.7  0.12
5560  32863.5  0.12
5580  32977  0.12
5600  33043  0.12
5620  33101.3  0.12
5640  33218.1  0.12
5660  33274.6  0.12
5680  33340.5  0.12
5700  33455.9  0.12
5720  33513.8  0.12
5740  33629.2  0.12
5760  33695.2  0.12
5780  33753.5  0.12
5800  34180.2  0.12
5820  51719.2  0.18
5840  51834.3  0.18
5860  51998.5  0.18
5880  25248.1  0.1
5900  25324.6  0.1
5920  25405.4  0.1
5940  25482  0.1
5960  25575.8  0.1
5980  25649.8  0.1
6000  25730.6  0.1
6020  25807.1  0.1
6040  25883.7  0.1
6060  25958.3  0.1
6080  40017.3  0.14
6100  40144.9  0.14
6120  40338.5  0.14
6140  40473.4  0.14
6160  40535.8  0.14
6180  43467.8  0.16
6200  43559.7  0.16
6220  43717.4  0.16
6240  23410.5  0.08
6260  23564.4  0.08
6280  23603.4  0.08
6300  23642.4  0.08
6320  23687.6  0.08
6340  17418.4  0.06
6360  17457.4  0.06
6380  17496.4  0.06
6400  17539.7  0.06
6420  17578.7  0.06
6440  17617.7  0.06
6460  17654.8  0.06
6480  17700  0.06
6500  17739  0.06
6520  17778  0.06
6540  17815.1  0.06
6560  17860.3  0.06
6580  44491  0.14
6600  44583.6  0.14
6620  44686.9  0.14
6640  44787.5  0.14
6660  38302.8  0.12
6680  38395.3  0.12
6700  38516  0.12
6720  38616.6  0.12
6740  38709.1  0.12
6760  38803.6  0.12
6780  38898  0.12
6800  45887.8  0.14
6820  45981.6  0.14
6840  46112.7  0.14
6860  46189.2  0.14
6880  46327.1  0.14
6900  41593.4  0.14
6920  41652.6  0.14
6940  41847.3  0.14
6960  41993.9  0.14
6980  42123.3  0.14
7000  42180.6  0.14
7020  42239.9  0.14
7040  42458.7  0.14
7060  42517.9  0.14
7080  42712.6  0.14
7100  35631.5  0.12
7120  35850.3  0.12
7140  35715.2  0.1
7160  35772.4  0.1
7180  35903.8  0.1
7200  36050.4  0.1
7220  36107.8  0.1
7240  41181.9  0.12
7260  41239.1  0.12
7280  41362.2  0.12
7300  41419.4  0.12
7320  41479.2  0.12
7340  41591.5  0.12
7360  41657.5  0.12
7380  42028  0.12
7400  42144.9  0.12
7420  42204.8  0.12
7440  42268.1  0.12
7460  42385  0.12
7480  42442.3  0.12
7500  42508.3  0.12
7520  22753.2  0.08
7540  22812.2  0.08
7560  22869.9  0.08
7580  22935  0.08
7600  22995.4  0.08
7620  42975.3  0.12
7640  43086.8  0.12
7660  43161.1  0.12
7680  43585.7  0.12
7700  43638.7  0.12
7720  17167.4  0.06
7740  17211.3  0.06
7760  17250.5  0.06
7780  17288.2  0.06
7800  17327.4  0.06
7820  17371.3  0.06
7840  17410.4  0.06
7860  17448.2  0.06
7880  17487.3  0.06
7900  17531.2  0.06
7920  17570.3  0.06
7940  17608.1  0.06
7960  17647.2  0.06
7980  17691.1  0.06
8000  17730.3  0.06
8020  17768  0.06
8040  17807.1  0.06
8060  17851  0.06
8080  17890.2  0.06
8100  37456.3  0.1
8120  37513.3  0.1
8140  29425.7  0.08
8160  29491.7  0.08
8180  29547.4  0.08
8200  29604.4  0.08
8220  46039.2  0.12
8240  46095.6  0.12
8260  46207.7  0.12
8280  46264.1  0.12
8300  46325.2  0.12
8320  46769.2  0.12
8340  38478.5  0.1
8360  38517.6  0.1
8380  38618.6  0.1
8400  38657.8  0.1
8420  38695.5  0.1
8440  38791.7  0.1
8460  38835.6  0.1
8480  38931.9  0.1
8500  38969.6  0.1
8520  39008.7  0.1
8540  39109.7  0.1
8560  39148.9  0.1
8580  39186.6  0.1
8600  39282.8  0.1
8620  39640  0.1
8640  39679.1  0.1
8660  39774  0.1
8680  39813.1  0.1
8700  39858.4  0.1
8720  39953.2  0.1
8740  39992.3  0.1
8760  40030.1  0.1
8780  40132.5  0.1
8800  40170.2  0.1
8820  40266.4  0.1
8840  40304.2  0.1
8860  40349.5  0.1
8880  40444.3  0.1
8900  40483.5  0.1
8920  40521.2  0.1
8940  40936.8  0.1
8960  40974.6  0.1
8980  41013.7  0.1
9000  41108.5  0.1
9020  41153.8  0.1
9040  41191.6  0.1
9060  41287.8  0.1
9080  41325.6  0.1
9100  41370.8  0.1
9120  41465.7  0.1
9140  41504.8  0.1
9160  41542.6  0.1
9180  41644.9  0.1
9200  41682.7  0.1
9220  41778.9  0.1
9240  41816.7  0.1
9260  42175.2  0.1
9280  42270  0.1
9300  42309.2  0.1
9320  33041.8  0.08
9340  33087  0.08
9360  33124.8  0.08
9380  23766.8  0.06
9400  23804.6  0.06
9420  23849.9  0.06
9440  23887.6  0.06
9460  23926.8  0.06
9480  23964.5  0.06
9500  24009.8  0.06
9520  24047.5  0.06
9540  24086.7  0.06
9560  24124.4  0.06
9580  24169.7  0.06
9600  24207.5  0.06
9620  24246.6  0.06
9640  24284.4  0.06
9660  24329.6  0.06
9680  24367.4  0.06
9700  24406.5  0.06
9720  24444.3  0.06
9740  24489.6  0.06
9760  58575.4  0.12
9780  58690.8  0.12
9800  58794  0.12
9820  58880.9  0.12
9840  58996.3  0.12
9860  59066.8  0.12
9880  59182.2  0.12
9900  59313.6  0.12
9920  59384  0.12
9940  59499.5  0.12
9960  59576.1  0.12
9980  59691.5  0.12
10000  59804.9  0.12
10020  60320.3  0.12
10040  60441.9  0.12
10060  60557.4  0.12
10080  51901  0.12
10100  51991.9  0.12
10120  52056.2  0.12
10140  52147.1  0.12
10160  52235.9  0.12
10180  52294.1  0.12
10200  52391.1  0.12
10220  52449.3  0.12
10240  52540.2  0.12
10260  52631  0.12
10280  52705.1  0.12
10300  52795.9  0.12
10320  52854.1  0.12
10340  52942.9  0.12
10360  53040  0.12
10380  53098.1  0.12
10400  53189  0.12
10420  53123.5  0.12
10440  53187.8  0.12
10460  53723.6  0.12
10480  53781.8  0.12
10500  53872.6  0.12
10520  52965.6  0.12
10540  53023.8  0.12
10560  53114.7  0.12
10580  53172.8  0.12
10600  53269.8  0.12
10620  50914.3  0.1
10640  50952.2  0.1
10660  51032.6  0.1
10680  51076.7  0.1
10700  51147.3  0.1
10720  51218  0.1
10740  51255.9  0.1
10760  51332.7  0.1
10780  51403.3  0.1
10800  51441.3  0.1
10820  51511.9  0.1
10840  51556  0.1
10860  51626.6  0.1
10880  51697.3  0.1
10900  51735.2  0.1
10920  52256.9  0.1
10940  52294.9  0.1
10960  52365.5  0.1
10980  52436.2  0.1
11000  52480.2  0.1
11020  52560.6  0.1
11040  52598.5  0.1
11060  52669.2  0.1
11080  52746  0.1
11100  52783.9  0.1
11120  52854.6  0.1
11140  52925.2  0.1
11160  52969.3  0.1
11180  53039.9  0.1
11200  53077.8  0.1
11220  53148.5  0.1
11240  53225.3  0.1
11260  53263.2  0.1
11280  53333.9  0.1
11300  53371.8  0.1
11320  53448.6  0.1
11340  53519.2  0.1
11360  54002.1  0.1
11380  54072.7  0.1
11400  54126.6  0.1
11420  54197.2  0.1
11440  54267.8  0.1
11460  54305.8  0.1
11480  54382.6  0.1
11500  54453.2  0.1
11520  54491.1  0.1
11540  54561.8  0.1
11560  54605.9  0.1
11580  54676.5  0.1
11600  54747.1  0.1
11620  54785.1  0.1
11640  54861.9  0.1
11660  54899.8  0.1
11680  54970.4  0.1
11700  55041.1  0.1
11720  55085.2  0.1
11740  55155.8  0.1
11760  55193.7  0.1
11780  55274.1  0.1
11800  55795.9  0.1
11820  55833.8  0.1
11840  55904.4  0.1
11860  55975.1  0.1
11880  56019.2  0.1
11900  56089.8  0.1
11920  56127.7  0.1
11940  56198.4  0.1
11960  56275.2  0.1
11980  56313.1  0.1
12000  56383.7  0.1
12020  56421.7  0.1
12040  56498.5  0.1
12060  56569.1  0.1
12080  56607  0.1
12100  56677.7  0.1
12120  56721.8  0.1
12140  56802.1  0.1
12160  56872.8  0.1
12180  56910.7  0.1
12200  56987.5  0.1
12220  57058.1  0.1
12240  57541  0.1
12260  57611.7  0.1
12280  57655.7  0.1
12300  57726.4  0.1
12320  57797  0.1
12340  57835  0.1
12360  57911.8  0.1
12380  57949.7  0.1
12400  58020.3  0.1
12420  58091  0.1
12440  58135  0.1
12460  58205.7  0.1
12480  58243.6  0.1
12500  58320.4  0.1
12520  58400.8  0.1
12540  58438.7  0.1
12560  58509.4  0.1
12580  58586.2  0.1
12600  58624.1  0.1
12620  58694.7  0.1
12640  58732.7  0.1
12660  70592.4  0.12
12680  70680.3  0.12
12700  71197.6  0.12
12720  71285.5  0.12
12740  71346.9  0.12
12760  71434.7  0.12
12780  71522.6  0.12
12800  71577.8  0.12
12820  71671.8  0.12
12840  71744.2  0.12
12860  71832.1  0.12
12880  71920  0.12
12900  71991.1  0.12
12920  72079  0.12
12940  72166.9  0.12
12960  72239.3  0.12
12980  72333.3  0.12
13000  59400.8  0.1
13020  59456  0.1
13040  59511.1  0.1
13060  59572.5  0.1
13080  59644.9  0.1
13100  59700.1  0.1
13120  59755.2  0.1
13140  60261.5  0.1
13160  60316.7  0.1
13180  60371.8  0.1
13200  60444.3  0.1
13220  60505.6  0.1
13240  60560.8  0.1
13260  60625.7  0.1
13280  60680.8  0.1
13300  60742.2  0.1
13320  60797.3  0.1
13340  60869.7  0.1
13360  60924.9  0.1
13380  60986.2  0.1
13400  61041.4  0.1
13420  61096.6  0.1
13440  61151.7  0.1
13460  61230.3  0.1
13480  61285.5  0.1
13500  61340.7  0.1
13520  61395.8  0.1
13540  61457.1  0.1
13560  61512.3  0.1
13580  62029.7  0.1
13600  62084.9  0.1
13620  62146.2  0.1
13640  62211.1  0.1
13660  62266.3  0.1
13680  62321.4  0.1
13700  62400  0.1
13720  62455.2  0.1
13740  62510.3  0.1
13760  62565.5  0.1
13780  62626.8  0.1
13800  62682  0.1
13820  62737.2  0.1
13840  62809.6  0.1
13860  62870.9  0.1
13880  62926.1  0.1
13900  62981.3  0.1
13920  63036.4  0.1
13940  63097.8  0.1
13960  63170.2  0.1
13980  63225.3  0.1
14000  63280.5  0.1
14020  63796.5  0.1
14040  63851.7  0.1
14060  63906.9  0.1
14080  63979.3  0.1
14100  64040.6  0.1
14120  64095.8  0.1
14140  64151  0.1
14160  64206.1  0.1
14180  64267.4  0.1
14200  64339.9  0.1
14220  64395  0.1
14240  64450.2  0.1
14260  64511.5  0.1
14280  64566.7  0.1
14300  64621.9  0.1
14320  64677  0.1
14340  64755.6  0.1
14360  64810.8  0.1
14380  64875.7  0.1
14400  64930.9  0.1
14420  64992.2  0.1
14440  65047.3  0.1
14460  65119.8  0.1
14480  65619.9  0.1
14500  65681.2  0.1
14520  65736.4  0.1
14540  65791.6  0.1
14560  65846.7  0.1
14580  65925.3  0.1
14600  65980.5  0.1
14620  66035.6  0.1
14640  66090.8  0.1
14660  66152.1  0.1
14680  66207.3  0.1
14700  66279.7  0.1
14720  66334.9  0.1
14740  66396.2  0.1
14760  66461.1  0.1
14780  66516.3  0.1
14800  66571.5  0.1
14820  66632.8  0.1
14840  63935.8  0.1
14860  63973.7  0.1
14880  64011.6  0.1
14900  64172.5  0.1
14920  64655.4  0.1
14940  64693.3  0.1
14960  64737.4  0.1
14980  64775.3  0.1
