100  4365.23  0.92
120  5068.19  0.88
140  5905  0.88
160  6463.22  0.84
180  7669.72  0.82
200  8294.8  0.78
220  8881.19  0.78
240  8738.1  0.72
260  9016.52  0.7
280  9966  0.7
300  9384.93  0.62
320  9783.77  0.62
340  10171.9  0.62
360  10816.8  0.6
380  10596.1  0.56
400  10486.9  0.54
420  10835.3  0.54
440  11265.6  0.54
460  11921.6  0.54
480  13116.3  0.56
500  13125.4  0.54
520  13557.6  0.54
540  14608.1  0.54
560  15320  0.54
580  15897.6  0.54
600  16277.8  0.54
620  15362.2  0.5
640  15250.3  0.48
660  14269.2  0.44
680  14366  0.44
700  14806  0.44
720  15095.6  0.44
740  15386.8  0.44
760  15752.2  0.44
780  16302.3  0.44
800  16869.7  0.44
820  15830.9  0.4
840  16103.7  0.4
860  15514.6  0.38
880  16071.4  0.38
900  18416.7  0.42
920  18672.5  0.42
940  18046.3  0.4
960  18286.3  0.4
980  17560.9  0.38
1000  17022  0.36
1020  17255.7  0.36
1040  17730.2  0.36
1060  17291  0.34
1080  17474.2  0.34
1100  17087.1  0.32
1120  15922.4  0.3
1140  16175.1  0.3
1160  15214.5  0.28
1180  15571.8  0.28
1200  18157.6  0.32
1220  17243.1  0.3
1240  17491  0.3
1260  17688.3  0.3
1280  17890  0.3
1300  18227.7  0.3
1320  18420.1  0.3
1340  17511.5  0.28
1360  16364.1  0.26
1380  16859.9  0.26
1400  17380.2  0.26
1420  20034.6  0.28
1440  17411.2  0.24
1460  17566  0.24
1480  16274.6  0.22
1500  14878.9  0.2
1520  15225.5  0.2
1540  13935  0.2
1560  14075.2  0.2
1580  14215.8  0.2
1600  12753.2  0.18
1620  12879.1  0.18
1640  13363.4  0.18
1660  13478.9  0.18
1680  13598.1  0.18
1700  20935.3  0.26
1720  19497.9  0.24
1740  19665.9  0.24
1760  18088.6  0.22
1780  16379.1  0.2
1800  16552.7  0.2
1820  16406.6  0.2
1840  16656.8  0.2
1860  16772.8  0.2
1880  17075.5  0.2
1900  13750  0.16
1920  13829.9  0.16
1940  13131.5  0.14
1960  11243.6  0.12
1980  11303.9  0.12
2000  11363.5  0.12
2020  14380.2  0.16
2040  14530.9  0.16
2060  14632.2  0.16
2080  10481.6  0.12
2100  10612.7  0.12
2120  10692.7  0.12
2140  10771.4  0.12
2160  10901.7  0.12
2180  10981.7  0.12
2200  15479.3  0.16
2220  13376.1  0.14
2240  13467.9  0.14
2260  27160.3  0.26
2280  27643.1  0.26
2300  27867.5  0.26
2320  28000.1  0.26
2340  23556.4  0.22
2360  23684.7  0.22
2380  21500.4  0.2
2400  21886.7  0.2
2420  19562.5  0.18
2440  19644  0.18
2460  19849.5  0.18
2480  17463.5  0.16
2500  17543.4  0.16
2520  17624.2  0.16
2540  19279.2  0.16
2560  19385.9  0.16
2580  19444.7  0.16
2600  19552.8  0.16
2620  20039.7  0.16
2640  20374.7  0.16
2660  20435.9  0.16
2680  20494.7  0.16
2700  31601.2  0.24
2720  31679.1  0.24
2740  31972.6  0.24
2760  32052.1  0.24
2780  29484  0.22
2800  29606.1  0.22
2820  29689.7  0.22
2840  32560.7  0.24
2860  33057.9  0.24
2880  33117.3  0.24
2900  33465.7  0.24
2920  33690.8  0.24
2940  33920.2  0.24
2960  34065.1  0.24
2980  34561.5  0.24
3000  34700.9  0.24
3020  34801  0.24
3040  34997.3  0.24
3060  32024  0.22
3080  29389.4  0.2
3100  29675.7  0.2
3120  29737.9  0.2
3140  29930.6  0.2
3160  26959  0.18
3180  27019.7  0.18
3200  27079  0.18
3220  22407.6  0.14
3240  22566.6  0.14
3260  22648.5  0.14
3280  22723.7  0.14
3300  22808.8  0.14
3320  23544  0.14
3340  23618.6  0.14
3360  23699.4  0.14
3380  23785.3  0.14
3400  27495.3  0.16
3420  27576.2  0.16
3440  24097.6  0.14
3460  24182.5  0.14
3480  24342.9  0.14
3500  24417.3  0.14
3520  24499.8  0.14
3540  10587.8  0.08
3560  10627.5  0.08
3580  10978  0.08
3600  11018.5  0.08
3620  11057.4  0.08
3640  11097.9  0.08
3660  7417.49  0.06
3680  7457.2  0.06
3700  7496.89  0.06
3720  7439.6  0.04
3740  14284.2  0.08
3760  14371.7  0.08
3780  14411.4  0.08
3800  34618.6  0.2
3820  34699.6  0.2
3840  34827.7  0.2
3860  31302.5  0.18
3880  27413.4  0.16
3900  23641.8  0.14
3920  19813.4  0.12
3940  19931.5  0.12
3960  19708  0.12
3980  19748.9  0.12
4000  20016  0.12
4020  20483.5  0.12
4040  20522.9  0.12
4060  20563.1  0.12
4080  20604  0.12
4100  20721.3  0.12
4120  20761.5  0.12
4140  20800.9  0.12
4160  20841.1  0.12
4180  20958.4  0.12
4200  20999.4  0.12
4220  21039.6  0.12
4240  21307.5  0.12
4260  21426.4  0.12
4280  21465  0.12
4300  21505.9  0.12
4320  21545.3  0.12
4340  21663.4  0.12
4360  22051.4  0.12
4380  22091.6  0.12
4400  22132.6  0.12
4420  22249.9  0.12
4440  22290.1  0.12
4460  22557.9  0.12
4480  22676.8  0.12
4500  22715.4  0.12
4520  22756.4  0.12
4540  22797.4  0.12
4560  22913.9  0.12
4580  22954.9  0.12
4600  22993.5  0.12
4620  23034.5  0.12
4640  23151.8  0.12
4660  23192  0.12
4680  18700  0.1
4700  18969.5  0.1
4720  18990.6  0.08
4740  19030  0.08
4760  19071  0.08
4780  19109.6  0.08
4800  19228.5  0.08
4820  19267.1  0.08
4840  19308.1  0.08
4860  14550.8  0.06
4880  14667.3  0.06
4900  14708.3  0.06
4920  14747.7  0.06
4940  14787.9  0.06
4960  14905.2  0.06
4980  14946.1  0.06
5000  14970.4  0.06
5020  14990.7  0.06
5040  10024.6  0.04
5060  10044.9  0.04
5080  10065.1  0.04
5100  23163.2  0.1
5120  18102.6  0.08
5140  18136.1  0.08
5160  18181.9  0.08
5180  18215.3  0.08
5200  18261.8  0.08
5220  13077.8  0.06
5240  13098.1  0.06
5260  13117.6  0.06
5280  13500.9  0.06
5300  13521.2  0.06
5320  13540.7  0.06
5340  13561  0.06
5360  13581.2  0.06
5380  13600.8  0.06
5400  8175.55  0.04
5420  8195.83  0.04
5440  8215.35  0.04
5460  8235.62  0.04
5480  8255.14  0.04
5500  8275.42  0.04
5520  8295.69  0.04
5540  8315.21  0.04
5560  8335.48  0.04
5580  8355.76  0.04
5600  12737.3  0.06
5620  12757.6  0.06
5640  7178.75  0.04
5660  7198.28  0.04
5680  11455.8  0.06
5700  11495.8  0.06
5720  11536.6  0.06
5740  14476.6  0.06
5760  14496.1  0.06
5780  14564.7  0.06
5800  14585  0.06
5820  14652.8  0.06
5840  14673.1  0.06
5860  14693.4  0.06
5880  14761.2  0.06
5900  14781.5  0.06
5920  14849.3  0.06
5940  14869.6  0.06
5960  14889.9  0.06
5980  14957.7  0.06
6000  14978  0.06
6020  15046.6  0.06
6040  15066.1  0.06
6060  15086.4  0.06
6080  15155  0.06
6100  15174.5  0.06
6120  15243.1  0.06
6140  15262.6  0.06
6160  15282.9  0.06
6180  15351.5  0.06
6200  15371  0.06
6220  15439.6  0.06
6240  15459.9  0.06
6260  9398.05  0.04
6280  9418.32  0.04
6300  16658.7  0.06
6320  16678.2  0.06
6340  16746.9  0.06
6360  16766.4  0.06
6380  16835.2  0.06
6400  16855.4  0.06
6420  16923.4  0.06
6440  16943.7  0.06
6460  16963.9  0.06
6480  17031.9  0.06
6500  17052.2  0.06
6520  17120.9  0.06
6540  17140.4  0.06
6560  17160.7  0.06
6580  17228.6  0.06
6600  8236.62  0.04
6620  9954.27  0.04
6640  9973.79  0.04
6660  9994.06  0.04
6680  10014.3  0.04
6700  10761.1  0.04
6720  10781.3  0.04
6740  10801.6  0.04
6760  10821.1  0.04
6780  10841.4  0.04
6800  10860.9  0.04
6820  13968.1  0.06
6840  13988.4  0.06
6860  14007.9  0.06
6880  14206.8  0.06
6900  14227.1  0.06
6920  14246.6  0.06
6940  7299.96  0.04
6960  7057.32  0.04
6980  7076.84  0.04
7000  7097.12  0.04
7020  7116.64  0.04
7040  7136.91  0.04
7060  7157.18  0.04
7080  7176.71  0.04
7100  7196.98  0.04
7120  7217.25  0.04
7140  7236.77  0.04
7160  7257.05  0.04
7180  7277.32  0.04
7200  7296.84  0.04
7220  7317.11  0.04
7240  7336.63  0.04
7260  7356.91  0.04
7280  7377.18  0.04
7300  7396.7  0.04
7320  7319.97  0.02
7340  7340.24  0.02
7360  7359.76  0.02
7380  7380.04  0.02
7400  7400.31  0.02
7420  7419.83  0.02
7440  7440.1  0.02
7460  7449.86  0.02
7480  7449.86  0.02
7500  7449.86  0.02
7520  7449.86  0.02
7540  7449.86  0.02
7560  7449.86  0.02
7580  7449.86  0.02
7600  7449.86  0.02
7620  7449.86  0.02
7640  7449.86  0.02
7660  7449.86  0.02
7680  7449.86  0.02
7700  7449.86  0.02
7720  7449.86  0.02
7740  7449.86  0.02
7760  7449.86  0.02
7780  7449.86  0.02
7800  7449.86  0.02
7820  7449.86  0.02
7840  7449.86  0.02
7860  7449.86  0.02
7880  7449.86  0.02
7900  7449.86  0.02
7920  7449.86  0.02
7940  7449.86  0.02
7960  7449.86  0.02
7980  7449.86  0.02
8000  7449.86  0.02
8020  7449.86  0.02
8040  7449.86  0.02
8060  7449.86  0.02
8080  7449.86  0.02
8100  7449.86  0.02
8120  7449.86  0.02
8140  7449.86  0.02
8160  7449.86  0.02
8180  7449.86  0.02
8200  7449.86  0.02
8220  7449.86  0.02
8240  7449.86  0.02
8260  7449.86  0.02
8280  7449.86  0.02
8300  7449.86  0.02
8320  7449.86  0.02
8340  7449.86  0.02
8360  7449.86  0.02
8380  7449.86  0.02
8400  7449.86  0.02
8420  7449.86  0.02
8440  7449.86  0.02
8460  7449.86  0.02
8480  7449.86  0.02
8500  7449.86  0.02
8520  7449.86  0.02
8540  7449.86  0.02
8560  7449.86  0.02
8580  7449.86  0.02
8600  7449.86  0.02
8620  7449.86  0.02
8640  7449.86  0.02
8660  7449.86  0.02
8680  7449.86  0.02
8700  7449.86  0.02
8720  7449.86  0.02
8740  7449.86  0.02
8760  7449.86  0.02
8780  7449.86  0.02
8800  7449.86  0.02
8820  7449.86  0.02
8840  7449.86  0.02
8860  7449.86  0.02
8880  7449.86  0.02
8900  7449.86  0.02
8920  7449.86  0.02
8940  7449.86  0.02
8960  7449.86  0.02
8980  7449.86  0.02
9000  7449.86  0.02
9020  7449.86  0.02
9040  7449.86  0.02
9060  7449.86  0.02
9080  7449.86  0.02
9100  7449.86  0.02
9120  7449.86  0.02
9140  7449.86  0.02
9160  7449.86  0.02
9180  7449.86  0.02
9200  7449.86  0.02
9220  7449.86  0.02
9240  7449.86  0.02
9260  7449.86  0.02
9280  7449.86  0.02
9300  7449.86  0.02
9320  7449.86  0.02
9340  7449.86  0.02
9360  7449.86  0.02
9380  7449.86  0.02
9400  7449.86  0.02
9420  7449.86  0.02
9440  7449.86  0.02
9460  7449.86  0.02
9480  7449.86  0.02
9500  7449.86  0.02
9520  7449.86  0.02
9540  7449.86  0.02
9560  7449.86  0.02
9580  7449.86  0.02
9600  7449.86  0.02
9620  7449.86  0.02
9640  7449.86  0.02
9660  7449.86  0.02
9680  7449.86  0.02
9700  7449.86  0.02
9720  7449.86  0.02
9740  7449.86  0.02
9760  7449.86  0.02
9780  7449.86  0.02
9800  7449.86  0.02
9820  7449.86  0.02
9840  7449.86  0.02
9860  7449.86  0.02
9880  7449.86  0.02
9900  7449.86  0.02
9920  7449.86  0.02
9940  7449.86  0.02
9960  7449.86  0.02
9980  7449.86  0.02
10000  7449.86  0.02
10020  7449.86  0.02
10040  7449.86  0.02
10060  7449.86  0.02
10080  7449.86  0.02
10100  7449.86  0.02
10120  7449.86  0.02
10140  7449.86  0.02
10160  7449.86  0.02
10180  7449.86  0.02
10200  7449.86  0.02
10220  7449.86  0.02
10240  7449.86  0.02
10260  7449.86  0.02
10280  7449.86  0.02
10300  7449.86  0.02
10320  7449.86  0.02
10340  7449.86  0.02
10360  7449.86  0.02
10380  7449.86  0.02
10400  7449.86  0.02
10420  7449.86  0.02
10440  7449.86  0.02
10460  7449.86  0.02
10480  7449.86  0.02
10500  7449.86  0.02
10520  7449.86  0.02
10540  7449.86  0.02
10560  7449.86  0.02
10580  7449.86  0.02
10600  7449.86  0.02
10620  7449.86  0.02
10640  7449.86  0.02
10660  7449.86  0.02
10680  7449.86  0.02
10700  7449.86  0.02
10720  7449.86  0.02
10740  7449.86  0.02
10760  7449.86  0.02
10780  7449.86  0.02
10800  7449.86  0.02
10820  7449.86  0.02
10840  7449.86  0.02
10860  7449.86  0.02
10880  7449.86  0.02
10900  7449.86  0.02
10920  7449.86  0.02
10940  7449.86  0.02
10960  7449.86  0.02
10980  7449.86  0.02
11000  7449.86  0.02
11020  7449.86  0.02
11040  7449.86  0.02
11060  7449.86  0.02
11080  7449.86  0.02
11100  7449.86  0.02
11120  7449.86  0.02
11140  7449.86  0.02
11160  7449.86  0.02
11180  7449.86  0.02
11200  7449.86  0.02
11220  7449.86  0.02
11240  7449.86  0.02
11260  7449.86  0.02
11280  7449.86  0.02
11300  7449.86  0.02
11320  7449.86  0.02
11340  7449.86  0.02
11360  7449.86  0.02
11380  7449.86  0.02
11400  7449.86  0.02
11420  7449.86  0.02
11440  7449.86  0.02
11460  7449.86  0.02
11480  7449.86  0.02
11500  7449.86  0.02
11520  7449.86  0.02
11540  7449.86  0.02
11560  7449.86  0.02
11580  7449.86  0.02
11600  7449.86  0.02
11620  7449.86  0.02
11640  7449.86  0.02
11660  7449.86  0.02
11680  7449.86  0.02
11700  7449.86  0.02
11720  7449.86  0.02
11740  7449.86  0.02
11760  7449.86  0.02
11780  7449.86  0.02
11800  7449.86  0.02
11820  7449.86  0.02
11840  7449.86  0.02
11860  7449.86  0.02
11880  7449.86  0.02
11900  7449.86  0.02
11920  7449.86  0.02
11940  7449.86  0.02
11960  7449.86  0.02
11980  7449.86  0.02
12000  7449.86  0.02
12020  7449.86  0.02
12040  7449.86  0.02
12060  7449.86  0.02
12080  7449.86  0.02
12100  7449.86  0.02
12120  7449.86  0.02
12140  7449.86  0.02
12160  7449.86  0.02
12180  7449.86  0.02
12200  7449.86  0.02
12220  7449.86  0.02
12240  7449.86  0.02
12260  7449.86  0.02
12280  7449.86  0.02
12300  7449.86  0.02
12320  7449.86  0.02
12340  7449.86  0.02
12360  7449.86  0.02
12380  7449.86  0.02
12400  7449.86  0.02
12420  7449.86  0.02
12440  7449.86  0.02
12460  7449.86  0.02
12480  7449.86  0.02
12500  7449.86  0.02
12520  7449.86  0.02
12540  7449.86  0.02
12560  7449.86  0.02
12580  7449.86  0.02
12600  7449.86  0.02
12620  7449.86  0.02
12640  7449.86  0.02
12660  7449.86  0.02
12680  7449.86  0.02
12700  7449.86  0.02
12720  7449.86  0.02
12740  7449.86  0.02
12760  7449.86  0.02
12780  7449.86  0.02
12800  7449.86  0.02
12820  7449.86  0.02
12840  7449.86  0.02
12860  7449.86  0.02
12880  7449.86  0.02
12900  7449.86  0.02
12920  7449.86  0.02
12940  7449.86  0.02
12960  7449.86  0.02
12980  7449.86  0.02
13000  7449.86  0.02
13020  7449.86  0.02
13040  7449.86  0.02
13060  7449.86  0.02
13080  7449.86  0.02
13100  7449.86  0.02
13120  7449.86  0.02
13140  7449.86  0.02
13160  7449.86  0.02
13180  7449.86  0.02
13200  7449.86  0.02
13220  7449.86  0.02
13240  7449.86  0.02
13260  7449.86  0.02
13280  7449.86  0.02
13300  7449.86  0.02
13320  7449.86  0.02
13340  7449.86  0.02
13360  7449.86  0.02
13380  7449.86  0.02
13400  7449.86  0.02
13420  7449.86  0.02
13440  7449.86  0.02
13460  7449.86  0.02
13480  7449.86  0.02
13500  7449.86  0.02
13520  7449.86  0.02
13540  7449.86  0.02
13560  7449.86  0.02
13580  7449.86  0.02
13600  7449.86  0.02
13620  7449.86  0.02
13640  7449.86  0.02
13660  7449.86  0.02
13680  7449.86  0.02
13700  7449.86  0.02
13720  7449.86  0.02
13740  7449.86  0.02
13760  7449.86  0.02
13780  7449.86  0.02
13800  7449.86  0.02
13820  7449.86  0.02
13840  7449.86  0.02
13860  7449.86  0.02
13880  7449.86  0.02
13900  7449.86  0.02
13920  7449.86  0.02
13940  7449.86  0.02
13960  7449.86  0.02
13980  7449.86  0.02
14000  7449.86  0.02
14020  7449.86  0.02
14040  7449.86  0.02
14060  7449.86  0.02
14080  7449.86  0.02
14100  7449.86  0.02
14120  7449.86  0.02
14140  7449.86  0.02
14160  7449.86  0.02
14180  7449.86  0.02
14200  7449.86  0.02
14220  7449.86  0.02
14240  7449.86  0.02
14260  7449.86  0.02
14280  7449.86  0.02
14300  7449.86  0.02
14320  7449.86  0.02
14340  7449.86  0.02
14360  7449.86  0.02
14380  7449.86  0.02
14400  7449.86  0.02
14420  7449.86  0.02
14440  7449.86  0.02
14460  7449.86  0.02
14480  7449.86  0.02
14500  7449.86  0.02
14520  7449.86  0.02
14540  7449.86  0.02
14560  7449.86  0.02
14580  7449.86  0.02
14600  7449.86  0.02
14620  7449.86  0.02
14640  7449.86  0.02
14660  7449.86  0.02
14680  7449.86  0.02
14700  7449.86  0.02
14720  7449.86  0.02
14740  7449.86  0.02
14760  7449.86  0.02
14780  7449.86  0.02
14800  7449.86  0.02
14820  7449.86  0.02
14840  7449.86  0.02
14860  7449.86  0.02
14880  7449.86  0.02
14900  7449.86  0.02
14920  7449.86  0.02
14940  7449.86  0.02
14960  7449.86  0.02
14980  7449.86  0.02
