100  4133.84  0.92
120  4490.56  0.82
140  4933.1  0.78
160  6139.27  0.78
180  7088.53  0.74
200  7764.75  0.74
220  7674.58  0.68
240  8120.37  0.66
260  8480.41  0.64
280  8457.73  0.6
300  9723.78  0.64
320  10938.8  0.68
340  12046  0.72
360  12594.7  0.72
380  12267  0.66
400  12975.9  0.66
420  12107.4  0.6
440  11861.2  0.56
460  13431.6  0.58
480  14073.9  0.58
500  14472.6  0.56
520  14934.6  0.56
540  13098.9  0.48
560  13051.4  0.46
580  12193  0.42
600  11369.1  0.38
620  11801.3  0.38
640  12133  0.38
660  12599.8  0.38
680  12993.6  0.38
700  13276.4  0.38
720  13008.1  0.36
740  12535.8  0.34
760  12069  0.32
780  11531.6  0.3
800  11801.8  0.3
820  12016.1  0.3
840  11017.1  0.26
860  14894.2  0.34
880  13387.2  0.3
900  13593.5  0.3
920  13818.4  0.3
940  12240.5  0.26
960  12434.8  0.26
980  11741.9  0.24
1000  14712.5  0.3
1020  14962.7  0.3
1040  15310.2  0.3
1060  15759.1  0.3
1080  14228.8  0.26
1100  14407.7  0.26
1120  14597.9  0.26
1140  14861.7  0.26
1160  13924.8  0.24
1180  14136  0.24
1200  14253.9  0.24
1220  13441.9  0.22
1240  13561.3  0.22
1260  18656.8  0.3
1280  19064.5  0.3
1300  17919.6  0.28
1320  16882.2  0.26
1340  14511.6  0.22
1360  14629.7  0.22
1380  14949.7  0.22
1400  15068.4  0.22
1420  15466.3  0.22
1440  15585  0.22
1460  15744  0.22
1480  15922.5  0.22
1500  16191.7  0.22
1520  16310.4  0.22
1540  16520.9  0.22
1560  16638.2  0.22
1580  16848.7  0.22
1600  17265.1  0.22
1620  17424  0.22
1640  17593.7  0.22
1660  17751.8  0.22
1680  17922.1  0.22
1700  14745.1  0.18
1720  14865.4  0.18
1740  15034.6  0.18
1760  13465.2  0.16
1780  13624.8  0.16
1800  13742.3  0.16
1820  13901.8  0.16
1840  14019.1  0.16
1860  14178.7  0.16
1880  12416.1  0.14
1900  12556.7  0.14
1920  12656.4  0.14
1940  12795.6  0.14
1960  8978.45  0.1
1980  9058.29  0.1
2000  9138.77  0.1
2020  11181.6  0.12
2040  11404.7  0.12
2060  11492.8  0.12
2080  11567.5  0.12
2100  11642.2  0.12
2120  11730.2  0.12
2140  11802.8  0.12
2160  16347.3  0.16
2180  16420.2  0.16
2200  16659.7  0.16
2220  16732.6  0.16
2240  16807.5  0.16
2260  14634.6  0.14
2280  14820.4  0.14
2300  14907.3  0.14
2320  14982.3  0.14
2340  12755.4  0.12
2360  14166.7  0.12
2380  15510.3  0.14
2400  15611.8  0.14
2420  13249.5  0.12
2440  13330.6  0.12
2460  13371  0.12
2480  10961.8  0.1
2500  11111.1  0.1
2520  11151.4  0.1
2540  11379.1  0.1
2560  11419.5  0.1
2580  7711.89  0.06
2600  7822.92  0.06
2620  7863.05  0.06
2640  7901.72  0.06
2660  7992.76  0.06
2680  8012.27  0.06
2700  5338.58  0.04
2720  5358.73  0.04
2740  5378.87  0.04
2760  5398.39  0.04
2780  5418.53  0.04
2800  5438.67  0.04
2820  5458.82  0.04
2840  14105.8  0.1
2860  11422.5  0.08
2880  8591.65  0.06
2900  8635.99  0.06
2920  8672.26  0.06
2940  8715.96  0.06
2960  21933  0.16
2980  22014.6  0.16
3000  22090.7  0.16
3020  22212.5  0.16
3040  22404.4  0.16
3060  22521.3  0.16
3080  12025.2  0.08
3100  12044.7  0.08
3120  12064.9  0.08
3140  9004.11  0.06
3160  9024.25  0.06
3180  9044.39  0.06
3200  6033.17  0.04
3220  6053.32  0.04
3240  23560.7  0.16
3260  23840.5  0.16
3280  21090.3  0.14
3300  17717.8  0.12
3320  17777  0.12
3340  17846  0.12
3360  17905.2  0.12
3380  18074.1  0.12
3400  18133.4  0.12
3420  18192.7  0.12
3440  18252  0.12
3460  18310.6  0.12
3480  18667.6  0.12
3500  18726.8  0.12
3520  18786.1  0.12
3540  18844.7  0.12
3560  18904  0.12
3580  18963.3  0.12
3600  19132.8  0.12
3620  19204.6  0.12
3640  19263.2  0.12
3660  19509.9  0.12
3680  19569.2  0.12
3700  19738.7  0.12
3720  19797.4  0.12
3740  19856.6  0.12
3760  19915.9  0.12
3780  19975.2  0.12
3800  20033.8  0.12
3820  20203.4  0.12
3840  20262.6  0.12
3860  20509.3  0.12
3880  20578.2  0.12
3900  20636.9  0.12
3920  16883.5  0.1
3940  16923.5  0.1
3960  16963.5  0.1
3980  17002.9  0.1
4000  17045.7  0.1
4020  17085.7  0.1
4040  17423.4  0.1
4060  17463.4  0.1
4080  16630.2  0.1
4100  16689.2  0.1
4120  17083.1  0.1
4140  17142  0.1
4160  17200.3  0.1
4180  17265.4  0.1
4200  17324.3  0.1
4220  17380.6  0.1
4240  13788.1  0.08
4260  13853.2  0.08
4280  11526.6  0.06
4300  12525  0.06
4320  12545.1  0.06
4340  12564.6  0.06
4360  12584.8  0.06
4380  8361.9  0.04
4400  8382.04  0.04
4420  8401.56  0.04
4440  8421.7  0.04
4460  8441.85  0.04
4480  8461.99  0.04
4500  8481.5  0.04
4520  10111.9  0.06
4540  10150.5  0.06
4560  10191.8  0.06
4580  10230.5  0.06
4600  10271.2  0.06
4620  10309.8  0.06
4640  10351.1  0.06
4660  10392.5  0.06
4680  10040.8  0.06
4700  8858.99  0.04
4720  24742.8  0.12
4740  24783.3  0.12
4760  20102.2  0.1
4780  20309.7  0.1
4800  15663.7  0.08
4820  15683.8  0.08
4840  15703.9  0.08
4860  15723.5  0.08
4880  15743.6  0.08
4900  15763.7  0.08
4920  15894.2  0.08
4940  15913.7  0.08
4960  15933.8  0.08
4980  16141.4  0.08
5000  16161.5  0.08
5020  16291.9  0.08
5040  16311.5  0.08
5060  16331.6  0.08
5080  16351.7  0.08
5100  16371.9  0.08
5120  16391.4  0.08
5140  16521.8  0.08
5160  16729.4  0.08
5180  16749.5  0.08
5200  16769  0.08
5220  16789.2  0.08
5240  16919.6  0.08
5260  11646.6  0.06
5280  6419.37  0.04
5300  6438.88  0.04
5320  6459.03  0.04
5340  6479.17  0.04
5360  6499.32  0.04
5380  6518.83  0.04
5400  6538.97  0.04
5420  6559.12  0.04
5440  6579.26  0.04
5460  6598.78  0.04
5480  6618.92  0.04
5500  6639.07  0.04
5520  11041.5  0.04
5540  11081.7  0.04
5560  8458.02  0.04
5580  8478.17  0.04
5600  8498.31  0.04
5620  6067.06  0.04
5640  6086.57  0.04
5660  6106.71  0.04
5680  6126.86  0.04
5700  6147  0.04
5720  6790.76  0.04
5740  6810.91  0.04
5760  6831.05  0.04
5780  6851.2  0.04
5800  6871.34  0.04
5820  6501.15  0.04
5840  8806.16  0.04
5860  8826.31  0.04
5880  8846.45  0.04
5900  8865.97  0.04
5920  8886.11  0.04
5940  8906.25  0.04
5960  8926.4  0.04
5980  8946.54  0.04
6000  8966.06  0.04
6020  8986.2  0.04
6040  9006.35  0.04
6060  9026.49  0.04
6080  9046  0.04
6100  9066.15  0.04
6120  9086.29  0.04
6140  6140.2  0.02
6160  6159.71  0.02
6180  6179.86  0.02
6200  6200  0.02
6220  6220.15  0.02
6240  6240.29  0.02
6260  6245.96  0.02
6280  6245.96  0.02
6300  6245.96  0.02
6320  6245.96  0.02
6340  6245.96  0.02
6360  6245.96  0.02
6380  6245.96  0.02
6400  6245.96  0.02
6420  6245.96  0.02
6440  6245.96  0.02
6460  6245.96  0.02
6480  6245.96  0.02
6500  6245.96  0.02
6520  6245.96  0.02
6540  6245.96  0.02
6560  6245.96  0.02
6580  6245.96  0.02
6600  6245.96  0.02
6620  6245.96  0.02
6640  6245.96  0.02
6660  6245.96  0.02
6680  6245.96  0.02
6700  6245.96  0.02
6720  6245.96  0.02
6740  6245.96  0.02
6760  6245.96  0.02
6780  6245.96  0.02
6800  6245.96  0.02
6820  6245.96  0.02
6840  6245.96  0.02
6860  6245.96  0.02
6880  6245.96  0.02
6900  6245.96  0.02
6920  6245.96  0.02
6940  6245.96  0.02
6960  6245.96  0.02
6980  6245.96  0.02
7000  6245.96  0.02
7020  6245.96  0.02
7040  6245.96  0.02
7060  6245.96  0.02
7080  6245.96  0.02
7100  6245.96  0.02
7120  6245.96  0.02
7140  6245.96  0.02
7160  6245.96  0.02
7180  6245.96  0.02
7200  6245.96  0.02
7220  6245.96  0.02
7240  6245.96  0.02
7260  6245.96  0.02
7280  6245.96  0.02
7300  6245.96  0.02
7320  6245.96  0.02
7340  6245.96  0.02
7360  6245.96  0.02
7380  6245.96  0.02
7400  6245.96  0.02
7420  6245.96  0.02
7440  6245.96  0.02
7460  6245.96  0.02
7480  6245.96  0.02
7500  6245.96  0.02
7520  6245.96  0.02
7540  6245.96  0.02
7560  6245.96  0.02
7580  6245.96  0.02
7600  6245.96  0.02
7620  6245.96  0.02
7640  6245.96  0.02
7660  6245.96  0.02
7680  6245.96  0.02
7700  6245.96  0.02
7720  6245.96  0.02
7740  6245.96  0.02
7760  6245.96  0.02
7780  6245.96  0.02
7800  6245.96  0.02
7820  6245.96  0.02
7840  6245.96  0.02
7860  6245.96  0.02
7880  6245.96  0.02
7900  6245.96  0.02
7920  6245.96  0.02
7940  6245.96  0.02
7960  6245.96  0.02
7980  6245.96  0.02
8000  6245.96  0.02
8020  6245.96  0.02
8040  6245.96  0.02
8060  6245.96  0.02
8080  6245.96  0.02
8100  6245.96  0.02
8120  6245.96  0.02
8140  6245.96  0.02
8160  6245.96  0.02
8180  6245.96  0.02
8200  6245.96  0.02
8220  6245.96  0.02
8240  6245.96  0.02
8260  6245.96  0.02
8280  6245.96  0.02
8300  6245.96  0.02
8320  6245.96  0.02
8340  6245.96  0.02
8360  6245.96  0.02
8380  6245.96  0.02
8400  6245.96  0.02
8420  6245.96  0.02
8440  6245.96  0.02
8460  6245.96  0.02
8480  6245.96  0.02
8500  6245.96  0.02
8520  6245.96  0.02
8540  6245.96  0.02
8560  6245.96  0.02
8580  6245.96  0.02
8600  6245.96  0.02
8620  6245.96  0.02
8640  6245.96  0.02
8660  6245.96  0.02
8680  6245.96  0.02
8700  6245.96  0.02
8720  6245.96  0.02
8740  6245.96  0.02
8760  6245.96  0.02
8780  6245.96  0.02
8800  6245.96  0.02
8820  6245.96  0.02
8840  6245.96  0.02
8860  6245.96  0.02
8880  6245.96  0.02
8900  6245.96  0.02
8920  6245.96  0.02
8940  6245.96  0.02
8960  6245.96  0.02
8980  6245.96  0.02
9000  6245.96  0.02
9020  6245.96  0.02
9040  6245.96  0.02
9060  6245.96  0.02
9080  6245.96  0.02
9100  6245.96  0.02
9120  6245.96  0.02
9140  6245.96  0.02
9160  6245.96  0.02
9180  6245.96  0.02
9200  6245.96  0.02
9220  6245.96  0.02
9240  6245.96  0.02
9260  6245.96  0.02
9280  6245.96  0.02
9300  6245.96  0.02
9320  6245.96  0.02
9340  6245.96  0.02
9360  6245.96  0.02
9380  6245.96  0.02
9400  6245.96  0.02
9420  6245.96  0.02
9440  6245.96  0.02
9460  6245.96  0.02
9480  6245.96  0.02
9500  6245.96  0.02
9520  6245.96  0.02
9540  6245.96  0.02
9560  6245.96  0.02
9580  6245.96  0.02
9600  6245.96  0.02
9620  6245.96  0.02
9640  6245.96  0.02
9660  6245.96  0.02
9680  6245.96  0.02
9700  6245.96  0.02
9720  6245.96  0.02
9740  6245.96  0.02
9760  6245.96  0.02
9780  6245.96  0.02
9800  6245.96  0.02
9820  6245.96  0.02
9840  6245.96  0.02
9860  6245.96  0.02
9880  6245.96  0.02
9900  6245.96  0.02
9920  6245.96  0.02
9940  6245.96  0.02
9960  6245.96  0.02
9980  6245.96  0.02
10000  6245.96  0.02
10020  6245.96  0.02
10040  6245.96  0.02
10060  6245.96  0.02
10080  6245.96  0.02
10100  6245.96  0.02
10120  6245.96  0.02
10140  6245.96  0.02
10160  6245.96  0.02
10180  6245.96  0.02
10200  6245.96  0.02
10220  6245.96  0.02
10240  6245.96  0.02
10260  6245.96  0.02
10280  6245.96  0.02
10300  6245.96  0.02
10320  6245.96  0.02
10340  6245.96  0.02
10360  6245.96  0.02
10380  6245.96  0.02
10400  6245.96  0.02
10420  6245.96  0.02
10440  6245.96  0.02
10460  6245.96  0.02
10480  6245.96  0.02
10500  6245.96  0.02
10520  6245.96  0.02
10540  6245.96  0.02
10560  6245.96  0.02
10580  6245.96  0.02
10600  6245.96  0.02
10620  6245.96  0.02
10640  6245.96  0.02
10660  6245.96  0.02
10680  6245.96  0.02
10700  6245.96  0.02
10720  6245.96  0.02
10740  6245.96  0.02
10760  6245.96  0.02
10780  6245.96  0.02
10800  6245.96  0.02
10820  6245.96  0.02
10840  6245.96  0.02
10860  6245.96  0.02
10880  6245.96  0.02
10900  6245.96  0.02
10920  6245.96  0.02
10940  6245.96  0.02
10960  6245.96  0.02
10980  6245.96  0.02
11000  6245.96  0.02
11020  6245.96  0.02
11040  6245.96  0.02
11060  6245.96  0.02
11080  6245.96  0.02
11100  6245.96  0.02
11120  6245.96  0.02
11140  6245.96  0.02
11160  6245.96  0.02
11180  6245.96  0.02
11200  6245.96  0.02
11220  6245.96  0.02
11240  6245.96  0.02
11260  6245.96  0.02
11280  6245.96  0.02
11300  6245.96  0.02
11320  6245.96  0.02
11340  6245.96  0.02
11360  6245.96  0.02
11380  6245.96  0.02
11400  6245.96  0.02
11420  6245.96  0.02
11440  6245.96  0.02
11460  6245.96  0.02
11480  6245.96  0.02
11500  6245.96  0.02
11520  6245.96  0.02
11540  6245.96  0.02
11560  6245.96  0.02
11580  6245.96  0.02
11600  6245.96  0.02
11620  6245.96  0.02
11640  6245.96  0.02
11660  6245.96  0.02
11680  6245.96  0.02
11700  6245.96  0.02
11720  6245.96  0.02
11740  6245.96  0.02
11760  6245.96  0.02
11780  6245.96  0.02
11800  6245.96  0.02
11820  6245.96  0.02
11840  6245.96  0.02
11860  6245.96  0.02
11880  6245.96  0.02
11900  6245.96  0.02
11920  6245.96  0.02
11940  6245.96  0.02
11960  6245.96  0.02
11980  6245.96  0.02
12000  6245.96  0.02
12020  6245.96  0.02
12040  6245.96  0.02
12060  6245.96  0.02
12080  6245.96  0.02
12100  6245.96  0.02
12120  6245.96  0.02
12140  6245.96  0.02
12160  6245.96  0.02
12180  6245.96  0.02
12200  6245.96  0.02
12220  6245.96  0.02
12240  6245.96  0.02
12260  6245.96  0.02
12280  6245.96  0.02
12300  6245.96  0.02
12320  6245.96  0.02
12340  6245.96  0.02
12360  6245.96  0.02
12380  6245.96  0.02
12400  6245.96  0.02
12420  6245.96  0.02
12440  6245.96  0.02
12460  6245.96  0.02
12480  6245.96  0.02
12500  6245.96  0.02
12520  6245.96  0.02
12540  6245.96  0.02
12560  6245.96  0.02
12580  6245.96  0.02
12600  6245.96  0.02
12620  6245.96  0.02
12640  6245.96  0.02
12660  6245.96  0.02
12680  6245.96  0.02
12700  6245.96  0.02
12720  6245.96  0.02
12740  6245.96  0.02
12760  6245.96  0.02
12780  6245.96  0.02
12800  6245.96  0.02
12820  6245.96  0.02
12840  6245.96  0.02
12860  6245.96  0.02
12880  6245.96  0.02
12900  6245.96  0.02
12920  6245.96  0.02
12940  6245.96  0.02
12960  6245.96  0.02
12980  6245.96  0.02
13000  6245.96  0.02
13020  6245.96  0.02
13040  6245.96  0.02
13060  6245.96  0.02
13080  6245.96  0.02
13100  6245.96  0.02
13120  6245.96  0.02
13140  6245.96  0.02
13160  6245.96  0.02
13180  6245.96  0.02
13200  6245.96  0.02
13220  6245.96  0.02
13240  6245.96  0.02
13260  6245.96  0.02
13280  6245.96  0.02
13300  6245.96  0.02
13320  6245.96  0.02
13340  6245.96  0.02
13360  6245.96  0.02
13380  6245.96  0.02
13400  6245.96  0.02
13420  6245.96  0.02
13440  6245.96  0.02
13460  6245.96  0.02
13480  6245.96  0.02
13500  6245.96  0.02
13520  6245.96  0.02
13540  6245.96  0.02
13560  6245.96  0.02
13580  6245.96  0.02
13600  6245.96  0.02
13620  6245.96  0.02
13640  6245.96  0.02
13660  6245.96  0.02
13680  6245.96  0.02
13700  6245.96  0.02
13720  6245.96  0.02
13740  6245.96  0.02
13760  6245.96  0.02
13780  6245.96  0.02
13800  6245.96  0.02
13820  6245.96  0.02
13840  6245.96  0.02
13860  6245.96  0.02
13880  6245.96  0.02
13900  6245.96  0.02
13920  6245.96  0.02
13940  6245.96  0.02
13960  6245.96  0.02
13980  6245.96  0.02
14000  6245.96  0.02
14020  6245.96  0.02
14040  6245.96  0.02
14060  6245.96  0.02
14080  6245.96  0.02
14100  6245.96  0.02
14120  6245.96  0.02
14140  6245.96  0.02
14160  6245.96  0.02
14180  6245.96  0.02
14200  6245.96  0.02
14220  6245.96  0.02
14240  6245.96  0.02
14260  6245.96  0.02
14280  6245.96  0.02
14300  6245.96  0.02
14320  6245.96  0.02
14340  6245.96  0.02
14360  6245.96  0.02
14380  6245.96  0.02
14400  6245.96  0.02
14420  6245.96  0.02
14440  6245.96  0.02
14460  6245.96  0.02
14480  6245.96  0.02
14500  6245.96  0.02
14520  6245.96  0.02
14540  6245.96  0.02
14560  6245.96  0.02
14580  6245.96  0.02
14600  6245.96  0.02
14620  6245.96  0.02
14640  6245.96  0.02
14660  6245.96  0.02
14680  6245.96  0.02
14700  6245.96  0.02
14720  6245.96  0.02
14740  6245.96  0.02
14760  6245.96  0.02
14780  6245.96  0.02
14800  6245.96  0.02
14820  6245.96  0.02
14840  6245.96  0.02
14860  6245.96  0.02
14880  6245.96  0.02
14900  6245.96  0.02
14920  6245.96  0.02
14940  6245.96  0.02
14960  6245.96  0.02
14980  6245.96  0.02
