100  4669.94  1
120  5759.81  0.96
140  6310.91  0.92
160  7000.77  0.92
180  7725.15  0.92
200  8940.79  0.92
220  9685.19  0.92
240  10719.9  0.84
260  10625.1  0.78
280  11450  0.78
300  11751.6  0.76
320  12526.9  0.76
340  13295.2  0.76
360  13571.6  0.74
380  14169.5  0.74
400  14517.8  0.72
420  15146.1  0.72
440  15953.2  0.72
460  16544  0.72
480  17130.8  0.72
500  17649.8  0.72
520  18090.1  0.7
540  18529.4  0.7
560  19288.7  0.7
580  19814.4  0.7
600  20266  0.68
620  21012.1  0.68
640  21420  0.68
660  21303.4  0.66
680  21179.7  0.64
700  21079  0.6
720  21948  0.6
740  21114.8  0.56
760  20112.8  0.52
780  19777.6  0.5
800  19534.4  0.48
820  19939.9  0.48
840  20810.9  0.5
860  21213.4  0.5
880  21581.9  0.5
900  22842.6  0.52
920  22371.7  0.5
940  24294.4  0.52
960  22792.4  0.48
980  24745.6  0.5
1000  22909.5  0.46
1020  23419.5  0.46
1040  23743.2  0.46
1060  24172  0.46
1080  23420.1  0.44
1100  21545.1  0.4
1120  21855.2  0.4
1140  22347.2  0.4
1160  22817.3  0.4
1180  23308.6  0.4
1200  24059.5  0.4
1220  24340.7  0.4
1240  23373.2  0.38
1260  23698.1  0.38
1280  24956.3  0.4
1300  25198.4  0.4
1320  25662.8  0.4
1340  26338.7  0.4
1360  28390.8  0.42
1380  28620.8  0.42
1400  28877.2  0.42
1420  29319.6  0.42
1440  28152  0.4
1460  28437.9  0.4
1480  28838.9  0.4
1500  29234.2  0.4
1520  29638.2  0.4
1540  29874.2  0.4
1560  30367.3  0.4
1580  30606.5  0.4
1600  29725.7  0.38
1620  28551.4  0.36
1640  32085.4  0.4
1660  32413.2  0.4
1680  28132.6  0.34
1700  28384.7  0.34
1720  28678.1  0.34
1740  28913.6  0.34
1760  27649.9  0.32
1780  27875.8  0.32
1800  28090  0.32
1820  28351.6  0.32
1840  28571.4  0.32
1860  26982.3  0.3
1880  27185.4  0.3
1900  27391.8  0.3
1920  27637.9  0.3
1940  27836.1  0.3
1960  28287  0.3
1980  28483.6  0.3
2000  28689.6  0.3
2020  28941.7  0.3
2040  29139.5  0.3
2060  33959.4  0.34
2080  34233.1  0.34
2100  32426.2  0.32
2120  32678.1  0.32
2140  33382.4  0.32
2160  33700.4  0.32
2180  33918.6  0.32
2200  34189.9  0.32
2220  33526.9  0.3
2240  33796.8  0.3
2260  34020.6  0.3
2280  34293  0.3
2300  34547.9  0.3
2320  34778.9  0.3
2340  35103.1  0.3
2360  35312.7  0.3
2380  33072.9  0.28
2400  33326.1  0.28
2420  33582.2  0.28
2440  31359  0.26
2460  31603  0.26
2480  31936  0.26
2500  29677  0.24
2520  27315.7  0.22
2540  27517.3  0.22
2560  27724.5  0.22
2580  27926.2  0.22
2600  28607.9  0.22
2620  28788.4  0.22
2640  28967.4  0.22
2660  31998  0.24
2680  32176  0.24
2700  32364.6  0.24
2720  32543.9  0.24
2740  32716  0.24
2760  32900.7  0.24
2780  33083.8  0.24
2800  33277.2  0.24
2820  30709.7  0.22
2840  30920.6  0.22
2860  31080.9  0.22
2880  33781.7  0.24
2900  34005.2  0.24
2920  34189.9  0.24
2940  34396.5  0.24
2960  34591.6  0.24
2980  34825.7  0.24
3000  32533.3  0.22
3020  32692.8  0.22
3040  41404  0.28
3060  41604.1  0.28
3080  42001.3  0.28
3100  42702.2  0.28
3120  42942.3  0.28
3140  36865  0.24
3160  37044.1  0.24
3180  37225.4  0.24
3200  37458.2  0.24
3220  34296  0.22
3240  34527.5  0.22
3260  36787.4  0.24
3280  36995  0.24
3300  37246.2  0.24
3320  34128.1  0.22
3340  34356  0.22
3360  34542.8  0.22
3380  29315.7  0.18
3400  29505.1  0.18
3420  29654.3  0.18
3440  28338  0.18
3460  28478.2  0.18
3480  28610.6  0.18
3500  28804.9  0.18
3520  28960  0.18
3540  29138.9  0.18
3560  32966.8  0.2
3580  33131.6  0.2
3600  27750.5  0.16
3620  27849.9  0.16
3640  27950.6  0.16
3660  28123.7  0.16
3680  28220.6  0.16
3700  28321.3  0.16
3720  28419.4  0.16
3740  28595.6  0.16
3760  24928.8  0.14
3780  25028.2  0.14
3800  25128.9  0.14
3820  25228.7  0.14
3840  25320  0.14
3860  25427.1  0.14
3880  25983.8  0.14
3900  26084.5  0.14
3920  26182.5  0.14
3940  26284.5  0.14
3960  26387  0.14
3980  26485  0.14
4000  26576.4  0.14
4020  26676.2  0.14
4040  26784.6  0.14
4060  26885.3  0.14
4080  30611.1  0.16
4100  30770.7  0.16
4120  31090.2  0.16
4140  31188.3  0.16
4160  31335.1  0.16
4180  27216.9  0.14
4200  23134.2  0.12
4220  23236.7  0.12
4240  27560.2  0.14
4260  53356.2  0.26
4280  49547.7  0.24
4300  49868.8  0.24
4320  50060.3  0.24
4340  50262.2  0.24
4360  50400.6  0.24
4380  50676  0.24
4400  58147.8  0.28
4420  58329  0.28
4440  58567  0.28
4460  54429.3  0.26
4480  54802  0.26
4500  54990.6  0.26
4520  55179  0.26
4540  55423.3  0.26
4560  55693.2  0.26
4580  55908.5  0.26
4600  51505.4  0.24
4620  51669.8  0.24
4640  51910.3  0.24
4660  52255.7  0.24
4680  52491.7  0.24
4700  52680.9  0.24
4720  52860.8  0.24
4740  53076  0.24
4760  53237.4  0.24
4780  53475.8  0.24
4800  53656.6  0.24
4820  53849  0.24
4840  54254.6  0.24
4860  54409.2  0.24
4880  54644.9  0.24
4900  54851.6  0.24
4920  55080.9  0.24
4940  55256.5  0.24
4960  55418.2  0.24
4980  55648.3  0.24
5000  56014.8  0.24
5020  56256.5  0.24
5040  56446  0.24
5060  56609.2  0.24
5080  56836.4  0.24
5100  57006.4  0.24
5120  57251.3  0.24
5140  25465.9  0.1
5160  25547.3  0.1
5180  25624.7  0.1
5200  25703.9  0.1
5220  25781.4  0.1
5240  25858.8  0.1
5260  25942.8  0.1
5280  26022  0.1
5300  26103.3  0.1
5320  26180.8  0.1
5340  26260  0.1
5360  26337.5  0.1
5380  26432.1  0.1
5400  26509.5  0.1
5420  26578.1  0.1
5440  26659.4  0.1
5460  26736.8  0.1
5480  26816.1  0.1
5500  26910.7  0.1
5520  40750  0.16
5540  40858.9  0.16
5560  40961.9  0.16
5580  41123.3  0.16
5600  41248.9  0.16
5620  41445.6  0.16
5640  35908.9  0.14
5660  36013.3  0.14
5680  36155.7  0.14
5700  36251.5  0.14
5720  36394.7  0.14
5740  36504  0.14
5760  36599.9  0.14
5780  36753.8  0.14
5800  36846.7  0.14
5820  36992  0.14
5840  22422.8  0.08
5860  22487.6  0.08
5880  22537.8  0.08
5900  22597.1  0.08
5920  22658  0.08
5940  22718.9  0.08
5960  22779.8  0.08
5980  22840.7  0.08
6000  22905.4  0.08
6020  22966.3  0.08
6040  23016.6  0.08
6060  23077.5  0.08
6080  23138.4  0.08
6100  23199.3  0.08
6120  23264  0.08
6140  23324.9  0.08
6160  23385.8  0.08
6180  23446.7  0.08
6200  26938.6  0.1
6220  27017.6  0.1
6240  27095  0.1
6260  27174  0.1
6280  27250  0.1
6300  46263.9  0.16
6320  46397.6  0.16
6340  46519.8  0.16
6360  46698.5  0.16
6380  46823.7  0.16
6400  46884.2  0.16
6420  47073.6  0.16
6440  47198.8  0.16
6460  40855.5  0.14
6480  41035.1  0.14
6500  41107  0.14
6520  41232.1  0.14
6540  41370.9  0.14
6560  41496.1  0.14
6580  73223.9  0.24
6600  73441.7  0.24
6620  73773.6  0.24
6640  73997.9  0.24
6660  74148.6  0.24
6680  74323.9  0.24
6700  74751.6  0.24
6720  74918.4  0.24
6740  68318.2  0.22
6760  68651.7  0.22
6780  68812.8  0.22
6800  68942.6  0.22
6820  69147  0.22
6840  69271.1  0.22
6860  69434.3  0.22
6880  69615.9  0.22
6900  69982.9  0.22
6920  70267.5  0.22
6940  34144.5  0.1
6960  34187.1  0.1
6980  34293.1  0.1
7000  34354.7  0.1
7020  34460.8  0.1
7040  27482.9  0.08
7060  27544.5  0.08
7080  27606.1  0.08
7100  27669.5  0.08
7120  33360.2  0.1
7140  33458.7  0.1
7160  33522.1  0.1
7180  26437.9  0.08
7200  26499.5  0.08
7220  26561.1  0.08
7240  26624.4  0.08
7260  26686  0.08
7280  26747.6  0.08
7300  26800.3  0.08
7320  26861.9  0.08
7340  26923.5  0.08
7360  26985.1  0.08
7380  27048.5  0.08
7400  27110.1  0.08
7420  27171.7  0.08
7440  27224.4  0.08
7460  27286  0.08
7480  27347.6  0.08
7500  27411  0.08
7520  27451.9  0.08
7540  27513.5  0.08
7560  27575.1  0.08
7580  27638.4  0.08
7600  27689.4  0.08
7620  27751  0.08
7640  27814.3  0.08
7660  27875.9  0.08
7680  27937.5  0.08
7700  27999.1  0.08
7720  28062.5  0.08
7740  28124.1  0.08
7760  28175  0.08
7780  28238.4  0.08
7800  28300  0.08
7820  28361.6  0.08
7840  28423.2  0.08
7860  28486.6  0.08
7880  28548.2  0.08
7900  28609.8  0.08
7920  28662.5  0.08
7940  28724.1  0.08
7960  28785.7  0.08
7980  28847.3  0.08
8000  28910.7  0.08
8020  28972.3  0.08
8040  29033.9  0.08
8060  29076.5  0.08
8080  29127.4  0.08
8100  29189  0.08
8120  29250.7  0.08
8140  29314  0.08
8160  29375.6  0.08
8180  29437.2  0.08
8200  29500.6  0.08
8220  29551.5  0.08
8240  29613.1  0.08
8260  29674.7  0.08
8280  29738.1  0.08
8300  29799.7  0.08
8320  29861.3  0.08
8340  29924.7  0.08
8360  29986.3  0.08
8380  30037.2  0.08
8400  30098.8  0.08
8420  30162.2  0.08
8440  67436.6  0.16
8460  59122.6  0.14
8480  59362.2  0.14
8500  59446.5  0.14
8520  59525  0.14
8540  59598.6  0.14
8560  59882.9  0.14
8580  59967.2  0.14
8600  60049.6  0.14
8620  60113.1  0.14
8640  60347.1  0.14
8660  60431.3  0.14
8680  60509.9  0.14
8700  60583.4  0.14
8720  60662  0.14
8740  60750.1  0.14
8760  61034.5  0.14
8780  61274.1  0.14
8800  61352.7  0.14
8820  61436.9  0.14
8840  61515.5  0.14
8860  22616.5  0.06
8880  22657.4  0.06
8900  22700  0.06
8920  22740.8  0.06
8940  35241.3  0.08
8960  35354.6  0.08
8980  35397.2  0.08
9000  35438.1  0.08
9020  35468.3  0.08
9040  35583.3  0.08
9060  35624.2  0.08
9080  35665  0.08
9100  35778.4  0.08
9120  35821  0.08
9140  35861.8  0.08
9160  35892  0.08
9180  36007.1  0.08
9200  36047.9  0.08
9220  36088.8  0.08
9240  36202.1  0.08
9260  36244.7  0.08
9280  36285.6  0.08
9300  36326.5  0.08
9320  36430.9  0.08
9340  36471.7  0.08
9360  36512.6  0.08
9380  27207.2  0.06
9400  27249.8  0.06
9420  27290.7  0.06
9440  27331.6  0.06
9460  27374.2  0.06
9480  27404.4  0.06
9500  27445.2  0.06
9520  27486.1  0.06
9540  27528.7  0.06
9560  27569.6  0.06
9580  27610.4  0.06
9600  27653  0.06
9620  27693.9  0.06
9640  27724.1  0.06
9660  27764.9  0.06
9680  27807.6  0.06
9700  27848.4  0.06
9720  27889.3  0.06
9740  27931.9  0.06
9760  27972.8  0.06
9780  28013.6  0.06
9800  28043.8  0.06
9820  59799.1  0.14
9840  59936  0.14
9860  60030.3  0.14
9880  60109.3  0.14
9900  60246.1  0.14
9920  60546  0.14
9940  60627.9  0.14
9960  50736.2  0.12
9980  48248.6  0.1
10000  48317.4  0.1
10020  48388.1  0.1
10040  48467.8  0.1
10060  48536.7  0.1
10080  48605.5  0.1
10100  48693.5  0.1
10120  48762.4  0.1
10140  48831.3  0.1
10160  48901.9  0.1
10180  48981.6  0.1
10200  49050.5  0.1
10220  22580.4  0.06
10240  22623  0.06
10260  22653.2  0.06
10280  22694.1  0.06
10300  22736.7  0.06
10320  22777.5  0.06
10340  22818.4  0.06
10360  22859.3  0.06
10380  22901.9  0.06
10400  22942.7  0.06
10420  22972.9  0.06
10440  23015.5  0.06
10460  23056.4  0.06
10480  23097.3  0.06
10500  23139.9  0.06
10520  23180.7  0.06
10540  23221.6  0.06
10560  23262.5  0.06
10580  23294.4  0.06
10600  23335.3  0.06
10620  23376.1  0.06
10640  30039.9  0.06
10660  30080.8  0.06
10680  30121.6  0.06
10700  30162.5  0.06
10720  30205.1  0.06
10740  30235.3  0.06
10760  30276.1  0.06
10780  30318.8  0.06
10800  30359.6  0.06
10820  30400.5  0.06
10840  30441.3  0.06
10860  30484  0.06
10880  30524.8  0.06
10900  30555  0.06
10920  30597.6  0.06
10940  30638.5  0.06
10960  30679.3  0.06
10980  30720.2  0.06
11000  30762.8  0.06
11020  30803.7  0.06
11040  30833.9  0.06
11060  30876.5  0.06
11080  30917.3  0.06
11100  30958.2  0.06
11120  30999.1  0.06
11140  46828.1  0.1
11160  47344.6  0.1
11180  41504.6  0.08
11200  41547.4  0.08
11220  41599.1  0.08
11240  41650.8  0.08
11260  41713.4  0.08
11280  41766.8  0.08
11300  33601.8  0.06
11320  33642.7  0.06
11340  33685.3  0.06
11360  33715.5  0.06
11380  33756.4  0.06
11400  33797.2  0.06
11420  33839.9  0.06
11440  36751.9  0.08
11460  36792.8  0.08
11480  36835.4  0.08
11500  36876.2  0.08
11520  36906.4  0.08
11540  36947.3  0.08
11560  36989.9  0.08
11580  37030.8  0.08
11600  37071.6  0.08
11620  37569.7  0.08
11640  37610.6  0.08
11660  37651.4  0.08
11680  37681.6  0.08
11700  37724.2  0.08
11720  37765.1  0.08
11740  37806  0.08
11760  37848.6  0.08
11780  37889.4  0.08
11800  37930.3  0.08
11820  37971.2  0.08
11840  38003.1  0.08
11860  38044  0.08
11880  38084.8  0.08
11900  38127.4  0.08
11920  38168.3  0.08
11940  38209.2  0.08
11960  38250  0.08
11980  38282  0.08
12000  38322.8  0.08
12020  38363.7  0.08
12040  38406.3  0.08
12060  38447.2  0.08
12080  38943.5  0.08
12100  38984.4  0.08
12120  39027  0.08
12140  39057.2  0.08
12160  39098  0.08
12180  39140.7  0.08
12200  39181.5  0.08
12220  39222.4  0.08
12240  39263.2  0.08
12260  39305.9  0.08
12280  39346.7  0.08
12300  39376.9  0.08
12320  39419.5  0.08
12340  39460.4  0.08
12360  39501.2  0.08
12380  39542.1  0.08
12400  39584.7  0.08
12420  39625.6  0.08
12440  39666.4  0.08
12460  39698.4  0.08
12480  39739.2  0.08
12500  39780.1  0.08
12520  39820.9  0.08
12540  40319.1  0.08
12560  75884.5  0.14
12580  76027.8  0.14
12600  76087.1  0.14
12620  76141.3  0.14
12640  76197.6  0.14
12660  76546.8  0.14
12680  76761.4  0.14
12700  76823.4  0.14
12720  89980.6  0.16
12740  90118.2  0.16
12760  90318.7  0.16
12780  90378  0.16
12800  90442.9  0.16
12820  90736  0.16
12840  90798  0.16
12860  78025.3  0.14
12880  78296.1  0.14
12900  78430.8  0.14
12920  78485  0.14
12940  78544.3  0.14
12960  78606.3  0.14
12980  78899.3  0.14
13000  78964.3  0.14
13020  82997.5  0.14
13040  83062.3  0.14
13060  83179  0.14
13080  83439  0.14
13100  83498.1  0.14
13120  83562.9  0.14
13140  83861.4  0.14
13160  83920.6  0.14
13180  83985.4  0.14
13200  84044.5  0.14
13220  70943.4  0.12
13240  70991.9  0.12
13260  71056.7  0.12
13280  71321.6  0.12
13300  71541.8  0.12
13320  71601  0.12
13340  71665.8  0.12
13360  71724.9  0.12
13380  71789.7  0.12
13400  71838.1  0.12
13420  71902.9  0.12
13440  71962.1  0.12
13460  72182.2  0.12
13480  72241.4  0.12
13500  72512  0.12
13520  60506.7  0.1
13540  60545.1  0.1
13560  60578.5  0.1
13580  60616.9  0.1
13600  60816.3  0.1
13620  60854.7  0.1
13640  60898.8  0.1
13660  60937.1  0.1
13680  60981.2  0.1
13700  61214.7  0.1
13720  61258.8  0.1
13740  61297.1  0.1
13760  61496.6  0.1
13780  61535  0.1
13800  61579  0.1
13820  61617.4  0.1
13840  61661.5  0.1
13860  61689.2  0.1
13880  61745.6  0.1
13900  61995.5  0.1
13920  62189.2  0.1
13940  62233.3  0.1
13960  62271.7  0.1
13980  62315.7  0.1
14000  62354.1  0.1
14020  62387.5  0.1
14040  62425.9  0.1
14060  62469.9  0.1
14080  62663.7  0.1
14100  62913.6  0.1
14120  62951.9  0.1
14140  62996  0.1
14160  63034.4  0.1
14180  63067.7  0.1
14200  63106.1  0.1
14220  63305.6  0.1
14240  63343.9  0.1
14260  63388  0.1
14280  63432.1  0.1
14300  76293  0.12
14320  76590.5  0.12
14340  76618.2  0.12
14360  76662.3  0.12
14380  76903.7  0.12
14400  76947.7  0.12
14420  77033.8  0.12
14440  77077.8  0.12
14460  62681.5  0.1
14480  62725.6  0.1
14500  62753.3  0.1
14520  63003.2  0.1
14540  63196.9  0.1
14560  63241  0.1
14580  63279.4  0.1
14600  63323.4  0.1
14620  63361.8  0.1
14640  63395.2  0.1
14660  63439.2  0.1
14680  63477.6  0.1
14700  63677.1  0.1
14720  63921.3  0.1
14740  63965.3  0.1
14760  64003.7  0.1
14780  64047.7  0.1
14800  64075.4  0.1
14820  64119.5  0.1
14840  64313.3  0.1
14860  64357.3  0.1
14880  64395.7  0.1
14900  64439.8  0.1
14920  64478.1  0.1
14940  64728  0.1
14960  64755.7  0.1
14980  64799.8  0.1
