100  4407.56  0.92
120  4798.38  0.86
140  5487.43  0.86
160  6964.87  0.86
180  7754.92  0.84
200  8430.87  0.84
220  8910.29  0.82
240  9552.41  0.78
260  9609.93  0.7
280  9594.38  0.66
300  9561.78  0.62
320  9756.48  0.6
340  10260.4  0.6
360  11230.4  0.62
380  12793.7  0.68
400  12890.2  0.66
420  13437.7  0.66
440  14396.1  0.66
460  14287.6  0.62
480  15098.9  0.62
500  14435  0.58
520  14395.9  0.56
540  15298.2  0.56
560  14448.2  0.52
580  13864.6  0.48
600  14487.4  0.48
620  16268.9  0.52
640  17389.8  0.54
660  17139.7  0.52
680  18183.4  0.54
700  18054.1  0.52
720  19172.3  0.54
740  20320.8  0.56
760  20357.3  0.54
780  20560.4  0.52
800  19409.5  0.48
820  18978.8  0.46
840  19431.5  0.46
860  18986.9  0.44
880  19366.5  0.44
900  19735.4  0.44
920  21041.5  0.46
940  22494.7  0.48
960  22146.7  0.46
980  21634.8  0.44
1000  23009.6  0.46
1020  23362.4  0.46
1040  23808.2  0.46
1060  22060.4  0.42
1080  22422  0.42
1100  21946.7  0.4
1120  22692.7  0.4
1140  21952.2  0.38
1160  21087.3  0.36
1180  21360.7  0.36
1200  21650.4  0.36
1220  20713.1  0.34
1240  19765.5  0.32
1260  20057.1  0.32
1280  19187.2  0.3
1300  19784.1  0.3
1320  20012.5  0.3
1340  20235.5  0.3
1360  20716.9  0.3
1380  20880.8  0.3
1400  21043.9  0.3
1420  19888.8  0.28
1440  20027.7  0.28
1460  20520  0.28
1480  19225.4  0.26
1500  17998.6  0.24
1520  16637.8  0.22
1540  19997  0.26
1560  20268.4  0.26
1580  20439.5  0.26
1600  20788.8  0.26
1620  21161.2  0.26
1640  21371.6  0.26
1660  21553.1  0.26
1680  20151.4  0.24
1700  20341.5  0.24
1720  20600.3  0.24
1740  20846  0.24
1760  22801.5  0.26
1780  23010.6  0.26
1800  23249.1  0.26
1820  23554.7  0.26
1840  21922.1  0.24
1860  20263  0.22
1880  18563  0.2
1900  18787.2  0.2
1920  18966.3  0.2
1940  19133.4  0.2
1960  19321.4  0.2
1980  19516.4  0.2
2000  19670.9  0.2
2020  19849.3  0.2
2040  18003.9  0.18
2060  16117.1  0.16
2080  16234.2  0.16
2100  16383.4  0.16
2120  16533.4  0.16
2140  16650.5  0.16
2160  14637.1  0.14
2180  14766.2  0.14
2200  14894.2  0.14
2220  15550.8  0.14
2240  15658.6  0.14
2260  17914.4  0.16
2280  18016.4  0.16
2300  18116.4  0.16
2320  18558.7  0.16
2340  18968.2  0.16
2360  13473.9  0.12
2380  13582  0.12
2400  13687.8  0.12
2420  13767.8  0.12
2440  13877.3  0.12
2460  13985  0.12
2480  12318.2  0.1
2500  12566.8  0.1
2520  12648.5  0.1
2540  12728.2  0.1
2560  19467.7  0.16
2580  19553  0.16
2600  12079.8  0.1
2620  12164.1  0.1
2640  12242  0.1
2660  12324  0.1
2680  15134.2  0.12
2700  17880.6  0.14
2720  18006.2  0.14
2740  18120  0.14
2760  18245.4  0.14
2780  18362.6  0.14
2800  18478.6  0.14
2820  18601.6  0.14
2840  15876.7  0.12
2860  15985.9  0.12
2880  16086.3  0.12
2900  16183  0.12
2920  16281.1  0.12
2940  16383.9  0.12
2960  16483.1  0.12
2980  16580.9  0.12
3000  19672.1  0.14
3020  19802.7  0.14
3040  19932  0.14
3060  20034.3  0.14
3080  20161.4  0.14
3100  17182.7  0.12
3120  17282.9  0.12
3140  17384.2  0.12
3160  17481.2  0.12
3180  17581.5  0.12
3200  17678.5  0.12
3220  17778.7  0.12
3240  17886.5  0.12
3260  17981.2  0.12
3280  16191.4  0.1
3300  16271.1  0.1
3320  16350.7  0.1
3340  16427  0.1
3360  16509.1  0.1
3380  16588.8  0.1
3400  34013  0.2
3420  34201.8  0.2
3440  34389.9  0.2
3460  34562.1  0.2
3480  34751.5  0.2
3500  34913.1  0.2
3520  35279.3  0.2
3540  35464.6  0.2
3560  35641.5  0.2
3580  35817.9  0.2
3600  35987.8  0.2
3620  36174  0.2
3640  34608  0.2
3660  31172.2  0.18
3680  27508.2  0.16
3700  27580.3  0.16
3720  27691  0.16
3740  27802.9  0.16
3760  37048.4  0.2
3780  37182  0.2
3800  37299.2  0.2
3820  37414.5  0.2
3840  37526.9  0.2
3860  37757.6  0.2
3880  38036.6  0.2
3900  38139.4  0.2
3920  38264.3  0.2
3940  38379  0.2
3960  52930.1  0.28
3980  53063.7  0.28
4000  53269.2  0.28
4020  53410.3  0.28
4040  53925.9  0.28
4060  54150.2  0.28
4080  51153.4  0.26
4100  51293.7  0.26
4120  51486.3  0.26
4140  51726.2  0.26
4160  47776.7  0.24
4180  47907.9  0.24
4200  43797.4  0.22
4220  43940.7  0.22
4240  44180.6  0.22
4260  44368.4  0.22
4280  44518  0.22
4300  44660.6  0.22
4320  44850.7  0.22
4340  45645.7  0.22
4360  45800.5  0.22
4380  45968.7  0.22
4400  46122.5  0.22
4420  46279.6  0.22
4440  46531  0.22
4460  46699.9  0.22
4480  46860.6  0.22
4500  47017  0.22
4520  47190  0.22
4540  43108.9  0.2
4560  43275.2  0.2
4580  43444.1  0.2
4600  43604.5  0.2
4620  43759  0.2
4640  44012.6  0.2
4660  39522.2  0.18
4680  39657  0.18
4700  39796.5  0.18
4720  40042.7  0.18
4740  40167.3  0.18
4760  40316.2  0.18
4780  35667.3  0.16
4800  35789.8  0.16
4820  31150.1  0.14
4840  31265.6  0.14
4860  31388.8  0.14
4880  31492.4  0.14
4900  31633.2  0.14
4920  31761.2  0.14
4940  31860  0.14
4960  31988  0.14
4980  32103.5  0.14
5000  32217.1  0.14
5020  32349.1  0.14
5040  32464.6  0.14
5060  32580.8  0.14
5080  32700.2  0.14
5100  32825.9  0.14
5120  32960.2  0.14
5140  33063.9  0.14
5160  33189.3  0.14
5180  33304.8  0.14
5200  23020.4  0.1
5220  23108.2  0.1
5240  23197.2  0.1
5260  23274.4  0.1
5280  23335.6  0.1
5300  23424.5  0.1
5320  23501.7  0.1
5340  23589.6  0.1
5360  23676.3  0.1
5380  23740.9  0.1
5400  23816.9  0.1
5420  23034.1  0.1
5440  23119.6  0.1
5460  27198  0.1
5480  27286.9  0.1
5500  27350.4  0.1
5520  27427.6  0.1
5540  27514.3  0.1
5560  27602.1  0.1
5580  27691.1  0.1
5600  27742.7  0.1
5620  27829.4  0.1
5640  27918.4  0.1
5660  27994.5  0.1
5680  28083.4  0.1
5700  28170.1  0.1
5720  28221.8  0.1
5740  28310.8  0.1
5760  28399.7  0.1
5780  28473.5  0.1
5800  28562.5  0.1
5820  28625.9  0.1
5840  28714.9  0.1
5860  28789.8  0.1
5880  28877.7  0.1
5900  35330.6  0.12
5920  35602.2  0.12
5940  27033.1  0.1
5960  27119.8  0.1
5980  27195.8  0.1
6000  27284.8  0.1
6020  27373.8  0.1
6040  30179.1  0.1
6060  30291.3  0.1
6080  30395.8  0.1
6100  32731.2  0.12
6120  32816.2  0.12
6140  36054.4  0.12
6160  36156.5  0.12
6180  36256.7  0.12
6200  36358  0.12
6220  36451.7  0.12
6240  36557.9  0.12
6260  33535.6  0.12
6280  33619.5  0.12
6300  33726.7  0.12
6320  33817  0.12
6340  33924.2  0.12
6360  34037.8  0.12
6380  34125.8  0.12
6400  34228.9  0.12
6420  34323.5  0.12
6440  34426.4  0.12
6460  34531.2  0.12
6480  34621.6  0.12
6500  34728.7  0.12
6520  34823.4  0.12
6540  34919.8  0.12
6560  35033.4  0.12
6580  35128.1  0.12
6600  35230.9  0.12
6620  35323.3  0.12
6640  35426.2  0.12
6660  35529.2  0.12
6680  35623.9  0.12
6700  35726.7  0.12
6720  35819.1  0.12
6740  35932.7  0.12
6760  36035.5  0.12
6780  36130.2  0.12
6800  36226.6  0.12
6820  30559.2  0.1
6840  30642.4  0.1
6860  30719.8  0.1
6880  30798.1  0.1
6900  30885.1  0.1
6920  30962.5  0.1
6940  34428.7  0.1
6960  34501.3  0.1
6980  34584.4  0.1
7000  34665.7  0.1
7020  34748.8  0.1
7040  34821.4  0.1
7060  34904.5  0.1
7080  30542.7  0.1
7100  30630.6  0.1
7120  21366.8  0.06
7140  21429.9  0.06
7160  21470.8  0.06
7180  21535.1  0.06
7200  21599.3  0.06
7220  21642  0.06
7240  21686.9  0.06
7260  21707.4  0.06
7280  21752.4  0.06
7300  21795.1  0.06
7320  14518.6  0.04
7340  14539.2  0.04
7360  14559.7  0.04
7380  14578  0.04
7400  14598.5  0.04
7420  14619.1  0.04
7440  14639.6  0.04
7460  14657.9  0.04
7480  14678.4  0.04
7500  14698.9  0.04
7520  14719.5  0.04
7540  14740  0.04
7560  14758.3  0.04
7580  14778.8  0.04
7600  14799.4  0.04
7620  14819.9  0.04
7640  14838.2  0.04
7660  14858.7  0.04
7680  14879.2  0.04
7700  14899.8  0.04
7720  14918  0.04
7740  14938.6  0.04
7760  14959.1  0.04
7780  14979.7  0.04
7800  14997.9  0.04
7820  15018.5  0.04
7840  15039  0.04
7860  15059.6  0.04
7880  15080.1  0.04
7900  15098.4  0.04
7920  15118.9  0.04
7940  15139.4  0.04
7960  15160  0.04
7980  15178.2  0.04
8000  15198.8  0.04
8020  15219.3  0.04
8040  15239.9  0.04
8060  15258.1  0.04
8080  15278.7  0.04
8100  15299.2  0.04
8120  15319.7  0.04
8140  15338  0.04
8160  31451.4  0.08
8180  31497  0.08
8200  31530.1  0.08
8220  31573.4  0.08
8240  31619  0.08
8260  31652.1  0.08
8280  31697.7  0.08
8300  31730.7  0.08
8320  31774.1  0.08
8340  31819.7  0.08
8360  31852.7  0.08
8380  31898.3  0.08
8400  32408.7  0.08
8420  32454.3  0.08
8440  32499.9  0.08
8460  32532.9  0.08
8480  32576.3  0.08
8500  32609.3  0.08
8520  32654.9  0.08
8540  32700.5  0.08
8560  32731.3  0.08
8580  32776.9  0.08
8600  24178  0.06
8620  24223.6  0.06
8640  24266.9  0.06
8660  24300  0.06
8680  24345.6  0.06
8700  24378.6  0.06
8720  24424.2  0.06
8740  24467.6  0.06
8760  24500.6  0.06
8780  24546.2  0.06
8800  24579.3  0.06
8820  24622.6  0.06
8840  24668.2  0.06
8860  24701.3  0.06
8880  24746.9  0.06
8900  24777.7  0.06
8920  24823.3  0.06
8940  24868.9  0.06
8960  24902  0.06
8980  24945.3  0.06
9000  24978.4  0.06
9020  25024  0.06
9040  25057  0.06
9060  25102.6  0.06
9080  25145.9  0.06
9100  25179  0.06
9120  25224.6  0.06
9140  25257.7  0.06
9160  25301  0.06
9180  25346.6  0.06
9200  25379.7  0.06
9220  25425.3  0.06
9240  25456.1  0.06
9260  25501.7  0.06
9280  25547.3  0.06
9300  25580.3  0.06
9320  27956.2  0.06
9340  28022.5  0.06
9360  28080  0.06
9380  28140  0.06
9400  28197.8  0.06
9420  28257.8  0.06
9440  28321.5  0.06
9460  28381.6  0.06
9480  28441.6  0.06
9500  28499.4  0.06
9520  28556.8  0.06
9540  28623.1  0.06
9560  28683.2  0.06
9580  28738.3  0.06
9600  28777.7  0.06
9620  28817  0.06
9640  28862.7  0.06
9660  28899.7  0.06
9680  28939.1  0.06
9700  28978.4  0.06
9720  29017.8  0.06
9740  29054.9  0.06
9760  29100.5  0.06
9780  29139.8  0.06
9800  29180.2  0.06
9820  29218.8  0.06
9840  29259.7  0.06
9860  29300.6  0.06
9880  29341.5  0.06
9900  29382.3  0.06
9920  29420.9  0.06
9940  29461.8  0.06
9960  29495.9  0.06
9980  29536.8  0.06
10000  29575.4  0.06
10020  29616.2  0.06
10040  29657.1  0.06
10060  29698  0.06
10080  29736.6  0.06
10100  29777.5  0.06
10120  29818.3  0.06
10140  29859.2  0.06
10160  29897.8  0.06
10180  29938.7  0.06
10200  29979.6  0.06
10220  30020.4  0.06
10240  30061.3  0.06
10260  30099.9  0.06
10280  30140.8  0.06
10300  27439.4  0.06
10320  27481  0.06
10340  27520.3  0.06
10360  27561.9  0.06
10380  27600.1  0.06
10400  27641.7  0.06
10420  27681  0.06
10440  22561  0.06
10460  22602.1  0.06
10480  22643.3  0.06
10500  22682.2  0.06
10520  22723.4  0.06
10540  22760.5  0.06
10560  22801.6  0.06
10580  22840.5  0.06
10600  22881.7  0.06
10620  22922.9  0.06
10640  22964.1  0.06
10660  23005.3  0.06
10680  23040  0.06
10700  23081.2  0.06
10720  23122.4  0.06
10740  17723.6  0.04
10760  17741.8  0.04
10780  17762.4  0.04
10800  17782.9  0.04
10820  17803.5  0.04
10840  17821.7  0.04
10860  17842.3  0.04
10880  17862.8  0.04
10900  17883.3  0.04
10920  17901.6  0.04
10940  17922.1  0.04
10960  17942.7  0.04
10980  17963.2  0.04
11000  17981.5  0.04
11020  18002  0.04
11040  18022.6  0.04
11060  18043.1  0.04
11080  18063.6  0.04
11100  53425.2  0.1
11120  53531.3  0.1
11140  42464.4  0.08
11160  42535.5  0.08
11180  42598.8  0.08
11200  42642  0.08
11220  42707.5  0.08
11240  42778.7  0.08
11260  42813.9  0.08
11280  42885.1  0.08
11300  42956.2  0.08
11320  43021.8  0.08
11340  45365.5  0.08
11360  45405.9  0.08
11380  45446.2  0.08
11400  45660.3  0.08
11420  45700.7  0.08
11440  45738.8  0.08
11460  34307.5  0.06
11480  34499.7  0.06
11500  34540.1  0.06
11520  34578.2  0.06
11540  23079.9  0.04
11560  23120.3  0.04
11580  23160.6  0.04
11600  23198.7  0.04
11620  23239.1  0.04
11640  23279.5  0.04
11660  23319.9  0.04
11680  38166.5  0.08
11700  38220.9  0.08
11720  38282.3  0.08
11740  38343.7  0.08
11760  38402.9  0.08
11780  38464.3  0.08
11800  38525.7  0.08
11820  38587.1  0.08
11840  42362.9  0.08
11860  56516.7  0.1
11880  56586.1  0.1
11900  56627.5  0.1
11920  21499.7  0.04
11940  21518  0.04
11960  21538.5  0.04
11980  21559.1  0.04
12000  21579.6  0.04
12020  21597.9  0.04
12040  21618.4  0.04
12060  21639  0.04
12080  21659.5  0.04
12100  21677.8  0.04
12120  21698.3  0.04
12140  21718.8  0.04
12160  21739.4  0.04
12180  21757.6  0.04
12200  21778.2  0.04
12220  21798.7  0.04
12240  21819.3  0.04
12260  21839.8  0.04
12280  21858.1  0.04
12300  21878.6  0.04
12320  21899.2  0.04
12340  21919.7  0.04
12360  21938  0.04
12380  21958.5  0.04
12400  21979  0.04
12420  21999.6  0.04
12440  22017.8  0.04
12460  22038.4  0.04
12480  22058.9  0.04
12500  22079.5  0.04
12520  22097.7  0.04
12540  22118.3  0.04
12560  22138.8  0.04
12580  22159.4  0.04
12600  22179.9  0.04
12620  22198.2  0.04
12640  22218.7  0.04
12660  22239.2  0.04
12680  22259.8  0.04
12700  22278  0.04
12720  22298.6  0.04
12740  22319.1  0.04
12760  22339.7  0.04
12780  22357.9  0.04
12800  22378.5  0.04
12820  22399  0.04
12840  22419.5  0.04
12860  22437.8  0.04
12880  22458.3  0.04
12900  22478.9  0.04
12920  22499.4  0.04
12940  22517.7  0.04
12960  22538.2  0.04
12980  22558.8  0.04
13000  22579.3  0.04
13020  22599.9  0.04
13040  22618.1  0.04
13060  22638.7  0.04
13080  22659.2  0.04
13100  22679.7  0.04
13120  22698  0.04
13140  22718.5  0.04
13160  22739.1  0.04
13180  22759.6  0.04
13200  22777.9  0.04
13220  22798.4  0.04
13240  22819  0.04
13260  22839.5  0.04
13280  22857.8  0.04
13300  22878.3  0.04
13320  22898.8  0.04
13340  22919.4  0.04
13360  22939.9  0.04
13380  22958.2  0.04
13400  22978.7  0.04
13420  22999.3  0.04
13440  23019.8  0.04
13460  23038.1  0.04
13480  23058.6  0.04
13500  23079.2  0.04
13520  23099.7  0.04
13540  23118  0.04
13560  23138.5  0.04
13580  23159  0.04
13600  23179.6  0.04
13620  23197.8  0.04
13640  23218.4  0.04
13660  23238.9  0.04
13680  23259.5  0.04
13700  23277.7  0.04
13720  23298.3  0.04
13740  23318.8  0.04
13760  23339.3  0.04
13780  23359.9  0.04
13800  23378.1  0.04
13820  23398.7  0.04
13840  23419.2  0.04
13860  23439.8  0.04
13880  23458  0.04
13900  23478.6  0.04
13920  23499.1  0.04
13940  23519.7  0.04
13960  23537.9  0.04
13980  23558.5  0.04
14000  23579  0.04
14020  23599.5  0.04
14040  23617.8  0.04
14060  23638.3  0.04
14080  23658.9  0.04
14100  23679.4  0.04
14120  23697.7  0.04
14140  23718.2  0.04
14160  23738.8  0.04
14180  23759.3  0.04
14200  42610.1  0.06
14220  28438.8  0.04
14240  28481  0.04
14260  28518.8  0.04
14280  28561  0.04
14300  28600.9  0.04
14320  28638.8  0.04
14340  28680.9  0.04
14360  28718.8  0.04
14380  28758.7  0.04
14400  28800.9  0.04
14420  28838.7  0.04
14440  28880.9  0.04
14460  28920.8  0.04
14480  28958.6  0.04
14500  29000.8  0.04
14520  29038.7  0.04
14540  29080.8  0.04
14560  29120.7  0.04
14580  29158.6  0.04
14600  29200.8  0.04
14620  29242.9  0.04
14640  29278.5  0.04
14660  29320.7  0.04
14680  29358.5  0.04
14700  29400.7  0.04
14720  29440.6  0.04
14740  29478.5  0.04
14760  17830.2  0.04
14780  17850.7  0.04
14800  17869  0.04
14820  17889.5  0.04
14840  17910.1  0.04
14860  17930.6  0.04
14880  17948.9  0.04
14900  17969.4  0.04
14920  17989.9  0.04
14940  18010.5  0.04
14960  18031  0.04
14980  18049.3  0.04
