100  4247.82  0.96
120  5540.63  0.92
140  6147.83  0.88
160  7424.13  0.88
180  8097.63  0.88
200  8994.77  0.86
220  9436.58  0.84
240  9705.31  0.8
260  10282.8  0.8
280  9701.16  0.7
300  9662.85  0.66
320  9930.4  0.64
340  9497.51  0.58
360  9409.57  0.54
380  10076.2  0.54
400  9818.43  0.5
420  10146.6  0.5
440  10090.8  0.48
460  11551.2  0.5
480  12749.6  0.54
500  13158.8  0.54
520  13567.3  0.54
540  13465.5  0.52
560  14070.1  0.52
580  14652.2  0.52
600  14619.7  0.5
620  15176.5  0.5
640  15510.7  0.5
660  15412.4  0.48
680  16485.4  0.5
700  16251.8  0.48
720  16034.2  0.46
740  15679.5  0.44
760  15946.3  0.44
780  16132.9  0.42
800  15961.4  0.4
820  15527.2  0.4
840  16120.2  0.4
860  16864.1  0.4
880  17053  0.4
900  14688.1  0.34
920  14863.5  0.34
940  14206.5  0.32
960  14389.4  0.32
980  13740.1  0.3
1000  14175.8  0.3
1020  14480.1  0.3
1040  14752  0.3
1060  14939.2  0.3
1080  15165.8  0.3
1100  14467.9  0.28
1120  14715.5  0.28
1140  15000.2  0.28
1160  15273.9  0.28
1180  15343  0.26
1200  15717.7  0.26
1220  15839.2  0.26
1240  16181  0.26
1260  16300.5  0.26
1280  16585.2  0.26
1300  16855.7  0.26
1320  15723.2  0.24
1340  14845.3  0.22
1360  14944.4  0.22
1380  16695  0.24
1400  16796.9  0.24
1420  17009.9  0.24
1440  17112  0.24
1460  17364.3  0.24
1480  17577.3  0.24
1500  17810.3  0.24
1520  17958.5  0.24
1540  18125.6  0.24
1560  18271.7  0.24
1580  18557.1  0.24
1600  19053.5  0.24
1620  19270  0.24
1640  19499.3  0.24
1660  19646  0.24
1680  19816.2  0.24
1700  19917.6  0.24
1720  23528.3  0.28
1740  23658.4  0.28
1760  24355.7  0.28
1780  24532.6  0.28
1800  24695.6  0.28
1820  29179.3  0.34
1840  29634.5  0.34
1860  29845.7  0.34
1880  24522.3  0.28
1900  24829  0.28
1920  25118.9  0.28
1940  27373.2  0.3
1960  29570.7  0.32
1980  29756.2  0.32
2000  30008.3  0.32
2020  30380  0.32
2040  28614.7  0.3
2060  26881.2  0.28
2080  27330.8  0.28
2100  23370.5  0.24
2120  23514.1  0.24
2140  23739.8  0.24
2160  21744.3  0.22
2180  14905  0.14
2200  14982.4  0.14
2220  15212.5  0.14
2240  15294.4  0.14
2260  15376.4  0.14
2280  15455.7  0.14
2300  15537.6  0.14
2320  15857.5  0.14
2340  15936.9  0.14
2360  15541.9  0.14
2380  15643.5  0.14
2400  15742.5  0.14
2420  15838.9  0.14
2440  13504.4  0.12
2460  13562.8  0.12
2480  13622.8  0.12
2500  8741.61  0.08
2520  8781.47  0.08
2540  8821.32  0.08
2560  9104.35  0.08
2580  9144.2  0.08
2600  9184.06  0.08
2620  9223.92  0.08
2640  9263.78  0.08
2660  9304.34  0.08
2680  9344.2  0.08
2700  9384.75  0.08
2720  14890.1  0.12
2740  14950.6  0.12
2760  15011.1  0.12
2780  15070.7  0.12
2800  15375.1  0.12
2820  15435.6  0.12
2840  15496.1  0.12
2860  23110.6  0.18
2880  23169.4  0.18
2900  23263.5  0.18
2920  20539.5  0.16
2940  20729.9  0.16
2960  20838.5  0.16
2980  20965.7  0.16
3000  21073.6  0.16
3020  27095.1  0.2
3040  27666.5  0.2
3060  24868.4  0.18
3080  24929.7  0.18
3100  25038.5  0.18
3120  25168.1  0.18
3140  25228.3  0.18
3160  19001  0.14
3180  19072.3  0.14
3200  19153.9  0.14
3220  19541.7  0.14
3240  19624.2  0.14
3260  23011.1  0.16
3280  19715.9  0.14
3300  20055.7  0.14
3320  20117.3  0.14
3340  26960.1  0.18
3360  27018.9  0.18
3380  27078.9  0.18
3400  27255.2  0.18
3420  27499.1  0.18
3440  27620.3  0.18
3460  11633.7  0.08
3480  11673.8  0.08
3500  27898.9  0.16
3520  24501.4  0.14
3540  24831.7  0.14
3560  24872.8  0.14
3580  25089.8  0.14
3600  25382.4  0.14
3620  25422.8  0.14
3640  25509.9  0.14
3660  25618.5  0.14
3680  25697.2  0.14
3700  25717.1  0.14
3720  25914.4  0.14
3740  26002.6  0.14
3760  26022.6  0.14
3780  26516.4  0.14
3800  26604.6  0.14
3820  26671.2  0.14
3840  26821.1  0.14
3860  26910  0.14
3880  26976.7  0.14
3900  26996.6  0.14
3920  27063.2  0.14
3940  27151.4  0.14
3960  27402.1  0.14
3980  27551.9  0.14
4000  27640.1  0.14
4020  27950.7  0.14
4040  27970.6  0.14
4060  28037.2  0.14
4080  28125.5  0.14
4100  28275.3  0.14
4120  28342  0.14
4140  28614.1  0.14
4160  28681.5  0.14
4180  28701.4  0.14
4200  28768.1  0.14
4220  28856.3  0.14
4240  24774.7  0.12
4260  25084.5  0.12
4280  25172.7  0.12
4300  25239.4  0.12
4320  25260  0.12
4340  25348.2  0.12
4360  25544.8  0.12
4380  25564.7  0.12
4400  25631.4  0.12
4420  21279.3  0.1
4440  21346  0.1
4460  21366.6  0.1
4480  21386.5  0.1
4500  21826.2  0.1
4520  21846.1  0.1
4540  21912.8  0.1
4560  21932.7  0.1
4580  17405.3  0.08
4600  17472  0.08
4620  17492.6  0.08
4640  13004.6  0.06
4660  11145.4  0.06
4680  11165.3  0.06
4700  11185.2  0.06
4720  11205.1  0.06
4740  28561.8  0.14
4760  28901.1  0.14
4780  28963.8  0.14
4800  29060  0.14
4820  29110.8  0.14
4840  29206.9  0.14
4860  29268.9  0.14
4880  29365.1  0.14
4900  29464.5  0.14
4920  29516.6  0.14
4940  29609.4  0.14
4960  29892.2  0.14
4980  29989  0.14
5000  30317.8  0.14
5020  30380.5  0.14
5040  30477.3  0.14
5060  30540  0.14
5080  30637.5  0.14
5100  30689  0.14
5120  11771.6  0.06
5140  30952.4  0.14
5160  31032.6  0.14
5180  25981.1  0.12
5200  26030.6  0.12
5220  26126.3  0.12
5240  11899.4  0.06
5260  11919.3  0.06
5280  11939.2  0.06
5300  11959.1  0.06
5320  11979  0.06
5340  11998.9  0.06
5360  12018.8  0.06
5380  12039.4  0.06
5400  12059.3  0.06
5420  12079.2  0.06
5440  12099.1  0.06
5460  12119.1  0.06
5480  12382.1  0.06
5500  12402  0.06
5520  12422.6  0.06
5540  12442.6  0.06
5560  12462.5  0.06
5580  12482.4  0.06
5600  12502.3  0.06
5620  12522.2  0.06
5640  12542.1  0.06
5660  12562  0.06
5680  12582.6  0.06
5700  12602.5  0.06
5720  12865.6  0.06
5740  23262.6  0.1
5760  23305  0.1
5780  17536.5  0.08
5800  17578.8  0.08
5820  17621.9  0.08
5840  17653  0.08
5860  17695.4  0.08
5880  17737.7  0.08
5900  17780.1  0.08
5920  17811.2  0.08
5940  17853.5  0.08
5960  18139.1  0.08
5980  18182.1  0.08
6000  18224.5  0.08
6020  18255.6  0.08
6040  18298  0.08
6060  19091.4  0.08
6080  13048.5  0.06
6100  13068.4  0.06
6120  13088.3  0.06
6140  17962.2  0.06
6160  17982.1  0.06
6180  18002  0.06
6200  18021.9  0.06
6220  18285  0.06
6240  18304.9  0.06
6260  25128.3  0.1
6280  25403.1  0.1
6300  25457.1  0.1
6320  25477  0.1
6340  25531  0.1
6360  25550.9  0.1
6380  19223.4  0.08
6400  12862.6  0.06
6420  12882.5  0.06
6440  12903.2  0.06
6460  13166.2  0.06
6480  13186.1  0.06
6500  13206  0.06
6520  13225.9  0.06
6540  13245.9  0.06
6560  13265.8  0.06
6580  13286.4  0.06
6600  13306.3  0.06
6620  13326.2  0.06
6640  13346.1  0.06
6660  13366  0.06
6680  13385.9  0.06
6700  13649  0.06
6720  13668.9  0.06
6740  13548.9  0.04
6760  13568.8  0.04
6780  13588.7  0.04
6800  13608.6  0.04
6820  13628.5  0.04
6840  13648.4  0.04
6860  13668.3  0.04
6880  13671.2  0.04
6900  13671.2  0.04
6920  13671.2  0.04
6940  13914.3  0.04
6960  13914.3  0.04
6980  13914.3  0.04
7000  13914.3  0.04
7020  13914.3  0.04
7040  13914.3  0.04
7060  13914.3  0.04
7080  13914.3  0.04
7100  13914.3  0.04
7120  13914.3  0.04
7140  13914.3  0.04
7160  13914.3  0.04
7180  14157.5  0.04
7200  14157.5  0.04
7220  14157.5  0.04
7240  14157.5  0.04
7260  14157.5  0.04
7280  14157.5  0.04
7300  14157.5  0.04
7320  14157.5  0.04
7340  14157.5  0.04
7360  14157.5  0.04
7380  14157.5  0.04
7400  14157.5  0.04
7420  14400.7  0.04
7440  14400.7  0.04
7460  14400.7  0.04
7480  14400.7  0.04
7500  14400.7  0.04
7520  14400.7  0.04
7540  14400.7  0.04
7560  14400.7  0.04
7580  14400.7  0.04
7600  14400.7  0.04
7620  14400.7  0.04
7640  14400.7  0.04
7660  14643.8  0.04
7680  14643.8  0.04
7700  14643.8  0.04
7720  14643.8  0.04
7740  14643.8  0.04
7760  14643.8  0.04
7780  14643.8  0.04
7800  14643.8  0.04
7820  14643.8  0.04
7840  14643.8  0.04
7860  14643.8  0.04
7880  14643.8  0.04
7900  14643.8  0.04
7920  14887  0.04
7940  14887  0.04
7960  14887  0.04
7980  14887  0.04
8000  14887  0.04
8020  14887  0.04
8040  14887  0.04
8060  14887  0.04
8080  14887  0.04
8100  14887  0.04
8120  14887  0.04
8140  14887  0.04
8160  15130.2  0.04
8180  15130.2  0.04
8200  15130.2  0.04
8220  15130.2  0.04
8240  15130.2  0.04
8260  15130.2  0.04
8280  15130.2  0.04
8300  15130.2  0.04
8320  15130.2  0.04
8340  15130.2  0.04
8360  15130.2  0.04
8380  15130.2  0.04
8400  15373.3  0.04
8420  15373.3  0.04
8440  15373.3  0.04
8460  15373.3  0.04
8480  15373.3  0.04
8500  15373.3  0.04
8520  15373.3  0.04
8540  15373.3  0.04
8560  15373.3  0.04
8580  15373.3  0.04
8600  15373.3  0.04
8620  15373.3  0.04
8640  15616.5  0.04
8660  15616.5  0.04
8680  15616.5  0.04
8700  15616.5  0.04
8720  15616.5  0.04
8740  15616.5  0.04
8760  15616.5  0.04
8780  15616.5  0.04
8800  15616.5  0.04
8820  15616.5  0.04
8840  15616.5  0.04
8860  15616.5  0.04
8880  15859.7  0.04
8900  15859.7  0.04
8920  15859.7  0.04
8940  15859.7  0.04
8960  15859.7  0.04
8980  15859.7  0.04
9000  15859.7  0.04
9020  15859.7  0.04
9040  15859.7  0.04
9060  15859.7  0.04
9080  15859.7  0.04
9100  15859.7  0.04
9120  16102.8  0.04
9140  16102.8  0.04
9160  16102.8  0.04
9180  16102.8  0.04
9200  16102.8  0.04
9220  16102.8  0.04
9240  16102.8  0.04
9260  16102.8  0.04
9280  16102.8  0.04
9300  16102.8  0.04
9320  16102.8  0.04
9340  16102.8  0.04
9360  16102.8  0.04
9380  16346  0.04
9400  16346  0.04
9420  16346  0.04
9440  16346  0.04
9460  16346  0.04
9480  16346  0.04
9500  16346  0.04
9520  16346  0.04
9540  16346  0.04
9560  16346  0.04
9580  16346  0.04
9600  16346  0.04
9620  16589.1  0.04
9640  16589.1  0.04
9660  16589.1  0.04
9680  16589.1  0.04
9700  16589.1  0.04
9720  16589.1  0.04
9740  16589.1  0.04
9760  16589.1  0.04
9780  16589.1  0.04
9800  16589.1  0.04
9820  16589.1  0.04
9840  16589.1  0.04
9860  16832.3  0.04
9880  16832.3  0.04
9900  16832.3  0.04
9920  16832.3  0.04
9940  16832.3  0.04
9960  16832.3  0.04
9980  16832.3  0.04
10000  16832.3  0.04
10020  16832.3  0.04
10040  16832.3  0.04
10060  16832.3  0.04
10080  16832.3  0.04
10100  17075.5  0.04
10120  17075.5  0.04
10140  17075.5  0.04
10160  17075.5  0.04
10180  17075.5  0.04
10200  17075.5  0.04
10220  17075.5  0.04
10240  17075.5  0.04
10260  17075.5  0.04
10280  17075.5  0.04
10300  17075.5  0.04
10320  17075.5  0.04
10340  17318.6  0.04
10360  17318.6  0.04
10380  17318.6  0.04
10400  17318.6  0.04
10420  17318.6  0.04
10440  17318.6  0.04
10460  17318.6  0.04
10480  17318.6  0.04
10500  17318.6  0.04
10520  17318.6  0.04
10540  17318.6  0.04
10560  17318.6  0.04
10580  17561.8  0.04
10600  17561.8  0.04
10620  17561.8  0.04
10640  17561.8  0.04
10660  17561.8  0.04
10680  17561.8  0.04
10700  17561.8  0.04
10720  17561.8  0.04
10740  17561.8  0.04
10760  17561.8  0.04
10780  17561.8  0.04
10800  17561.8  0.04
10820  17561.8  0.04
10840  17805  0.04
10860  17805  0.04
10880  17805  0.04
10900  17805  0.04
10920  17805  0.04
10940  17805  0.04
10960  17805  0.04
10980  17805  0.04
11000  17805  0.04
11020  17805  0.04
11040  17805  0.04
11060  17805  0.04
11080  18048.1  0.04
11100  18048.1  0.04
11120  18048.1  0.04
11140  18048.1  0.04
11160  18048.1  0.04
11180  18048.1  0.04
11200  18048.1  0.04
11220  18048.1  0.04
11240  18048.1  0.04
11260  18048.1  0.04
11280  18048.1  0.04
11300  18048.1  0.04
11320  18291.3  0.04
11340  18291.3  0.04
11360  18291.3  0.04
11380  18291.3  0.04
11400  18291.3  0.04
11420  18291.3  0.04
11440  18291.3  0.04
11460  18291.3  0.04
11480  18291.3  0.04
11500  18291.3  0.04
11520  18291.3  0.04
11540  18291.3  0.04
11560  18534.5  0.04
11580  18534.5  0.04
11600  18534.5  0.04
11620  18534.5  0.04
11640  18534.5  0.04
11660  18534.5  0.04
11680  18534.5  0.04
11700  18534.5  0.04
11720  18534.5  0.04
11740  18534.5  0.04
11760  18534.5  0.04
11780  18534.5  0.04
11800  18777.6  0.04
11820  18777.6  0.04
11840  18777.6  0.04
11860  18777.6  0.04
11880  18777.6  0.04
11900  18777.6  0.04
11920  18777.6  0.04
11940  18777.6  0.04
11960  18777.6  0.04
11980  18777.6  0.04
12000  18777.6  0.04
12020  18777.6  0.04
12040  19020.8  0.04
12060  19020.8  0.04
12080  19020.8  0.04
12100  19020.8  0.04
12120  19020.8  0.04
12140  19020.8  0.04
12160  19020.8  0.04
12180  19020.8  0.04
12200  19020.8  0.04
12220  19020.8  0.04
12240  19020.8  0.04
12260  19020.8  0.04
12280  19264  0.04
12300  19264  0.04
12320  19264  0.04
12340  19264  0.04
12360  19264  0.04
12380  19264  0.04
12400  19264  0.04
12420  19264  0.04
12440  19264  0.04
12460  19264  0.04
12480  19264  0.04
12500  19264  0.04
12520  19264  0.04
12540  19507.1  0.04
12560  19507.1  0.04
12580  19507.1  0.04
12600  19507.1  0.04
12620  19507.1  0.04
12640  19507.1  0.04
12660  19507.1  0.04
12680  19507.1  0.04
12700  19507.1  0.04
12720  19507.1  0.04
12740  19507.1  0.04
12760  19507.1  0.04
12780  19750.3  0.04
12800  19750.3  0.04
12820  19750.3  0.04
12840  19750.3  0.04
12860  19750.3  0.04
12880  19750.3  0.04
12900  19750.3  0.04
12920  19750.3  0.04
12940  19750.3  0.04
12960  19750.3  0.04
12980  19750.3  0.04
13000  19750.3  0.04
13020  19993.5  0.04
13040  19993.5  0.04
13060  19993.5  0.04
13080  19993.5  0.04
13100  19993.5  0.04
13120  19993.5  0.04
13140  19993.5  0.04
13160  19993.5  0.04
13180  19993.5  0.04
13200  19993.5  0.04
13220  19993.5  0.04
13240  19993.5  0.04
13260  20236.6  0.04
13280  20236.6  0.04
13300  20236.6  0.04
13320  20236.6  0.04
13340  20236.6  0.04
13360  20236.6  0.04
13380  20236.6  0.04
13400  20236.6  0.04
13420  20236.6  0.04
13440  20236.6  0.04
13460  20236.6  0.04
13480  20236.6  0.04
13500  20479.8  0.04
13520  20479.8  0.04
13540  20479.8  0.04
13560  20479.8  0.04
13580  20479.8  0.04
13600  20479.8  0.04
13620  20479.8  0.04
13640  20479.8  0.04
13660  20479.8  0.04
13680  20479.8  0.04
13700  20479.8  0.04
13720  20479.8  0.04
13740  20722.9  0.04
13760  20722.9  0.04
13780  20722.9  0.04
13800  20722.9  0.04
13820  20722.9  0.04
13840  20722.9  0.04
13860  20722.9  0.04
13880  20722.9  0.04
13900  20722.9  0.04
13920  20722.9  0.04
13940  20722.9  0.04
13960  20722.9  0.04
13980  20722.9  0.04
14000  20966.1  0.04
14020  20966.1  0.04
14040  20966.1  0.04
14060  20966.1  0.04
14080  20966.1  0.04
14100  20966.1  0.04
14120  20966.1  0.04
14140  20966.1  0.04
14160  20966.1  0.04
14180  20966.1  0.04
14200  20966.1  0.04
14220  20966.1  0.04
14240  21209.3  0.04
14260  21209.3  0.04
14280  21209.3  0.04
14300  21209.3  0.04
14320  21209.3  0.04
14340  21209.3  0.04
14360  21209.3  0.04
14380  21209.3  0.04
14400  21209.3  0.04
14420  21209.3  0.04
14440  21209.3  0.04
14460  21209.3  0.04
14480  21452.4  0.04
14500  21452.4  0.04
14520  21452.4  0.04
14540  21452.4  0.04
14560  21452.4  0.04
14580  21452.4  0.04
14600  21452.4  0.04
14620  21452.4  0.04
14640  21452.4  0.04
14660  21452.4  0.04
14680  21452.4  0.04
14700  21452.4  0.04
14720  21695.6  0.04
14740  21695.6  0.04
14760  21695.6  0.04
14780  21695.6  0.04
14800  21695.6  0.04
14820  21695.6  0.04
14840  21695.6  0.04
14860  21695.6  0.04
14880  21695.6  0.04
14900  21695.6  0.04
14920  21695.6  0.04
14940  21695.6  0.04
14960  21938.8  0.04
14980  21938.8  0.04
