100  4215.83  1
120  5435.97  1
140  5956.02  0.88
160  7111.23  0.88
180  7336.68  0.84
200  8415.6  0.84
220  9659.22  0.84
240  10472.3  0.84
260  11090.8  0.84
280  11825  0.84
300  12174.7  0.82
320  12960.3  0.82
340  13785  0.82
360  14657.9  0.82
380  14536.3  0.78
400  16494.4  0.84
420  17416.2  0.84
440  17706.2  0.82
460  16686  0.74
480  16735.8  0.72
500  16829.3  0.7
520  16337.9  0.66
540  17214  0.66
560  17147  0.64
580  17863.9  0.64
600  18758.8  0.64
620  17871  0.6
640  18420.8  0.6
660  19372.6  0.6
680  20042.3  0.6
700  19223.6  0.56
720  19681.8  0.56
740  20196.4  0.56
760  20795.3  0.56
780  20470.2  0.54
800  21096.1  0.54
820  21569.5  0.54
840  21178.5  0.52
860  21483.7  0.52
880  21863.1  0.52
900  22272.1  0.52
920  22722.2  0.52
940  23052.1  0.52
960  23963.5  0.52
980  24698  0.52
1000  25117.2  0.52
1020  25538.6  0.52
1040  26140.3  0.52
1060  25471.2  0.5
1080  24750.3  0.48
1100  24463.9  0.46
1120  23696.9  0.42
1140  23935.5  0.42
1160  25431.3  0.44
1180  25946.2  0.44
1200  23932.9  0.4
1220  24454.8  0.4
1240  24735.5  0.4
1260  25294.9  0.4
1280  25575.4  0.4
1300  25921.7  0.4
1320  24865  0.38
1340  25140.8  0.38
1360  25433.9  0.38
1380  27266.5  0.4
1400  26255.9  0.38
1420  25085.1  0.36
1440  23851.2  0.34
1460  24126.6  0.34
1480  23063.7  0.32
1500  23599.5  0.32
1520  24270  0.32
1540  24441.7  0.32
1560  23691.9  0.32
1580  23870.5  0.32
1600  24301.6  0.32
1620  24485.5  0.32
1640  23041.4  0.3
1660  23245.1  0.3
1680  23411.4  0.3
1700  23888.5  0.3
1720  24182  0.3
1740  24387.5  0.3
1760  24581  0.3
1780  25060.7  0.3
1800  29067.8  0.34
1820  29272.5  0.34
1840  29574.5  0.34
1860  27914.5  0.32
1880  28158.4  0.32
1900  28362.9  0.32
1920  26659.9  0.3
1940  27091.1  0.3
1960  27730.1  0.3
1980  25940.6  0.28
2000  26110.4  0.28
2020  28523.3  0.3
2040  29028.3  0.3
2060  29196.3  0.3
2080  29306.5  0.28
2100  29479.3  0.28
2120  25569.3  0.26
2140  25732.6  0.26
2160  23729.9  0.24
2180  24091.8  0.24
2200  24225.3  0.24
2220  29808.4  0.28
2240  30153.6  0.28
2260  30385.4  0.28
2280  30571.7  0.28
2300  28405.6  0.26
2320  28857.4  0.26
2340  28979.7  0.26
2360  29190.6  0.26
2380  29789.4  0.26
2400  30153.5  0.26
2420  30320.2  0.26
2440  30636.1  0.26
2460  30854.2  0.26
2480  31018.5  0.26
2500  28714.4  0.24
2520  28883.5  0.24
2540  29096.8  0.24
2560  29211.9  0.24
2580  29372.8  0.24
2600  29504.4  0.24
2620  29898.8  0.24
2640  30114.5  0.24
2660  30443.5  0.24
2680  30624.3  0.24
2700  30746.7  0.24
2720  30851.1  0.24
2740  31112.1  0.24
2760  31233.5  0.24
2780  28628.4  0.22
2800  28728.6  0.22
2820  29265  0.22
2840  29510  0.22
2860  30048.7  0.22
2880  30192.1  0.22
2900  27331.2  0.2
2920  27527.1  0.2
2940  27680.6  0.2
2960  27780.8  0.2
2980  14803.9  0.1
3000  14865.8  0.1
3020  14924.8  0.1
3040  14984.3  0.1
3060  14698.2  0.1
3080  14757.7  0.1
3100  14816.7  0.1
3120  14878.6  0.1
3140  14937.5  0.1
3160  14997  0.1
3180  15058.3  0.1
3200  21128.2  0.14
3220  21212.9  0.14
3240  21596.4  0.14
3260  22099.8  0.14
3280  22187  0.14
3300  22260.7  0.14
3320  22334.5  0.14
3340  18963.1  0.12
3360  19039.3  0.12
3380  15730.3  0.1
3400  15816  0.1
3420  15891.3  0.1
3440  15963.6  0.1
3460  16049.8  0.1
3480  16124.5  0.1
3500  19685.8  0.12
3520  19799.3  0.12
3540  19900.9  0.12
3560  20001  0.12
3580  20086.3  0.12
3600  20188.9  0.12
3620  20288.1  0.12
3640  20401.6  0.12
3660  20475.9  0.12
3680  20576  0.12
3700  20690.8  0.12
3720  20766.1  0.12
3740  20865.3  0.12
3760  20978.8  0.12
3780  21080.4  0.12
3800  17365.2  0.1
3820  17450.5  0.1
3840  17525.8  0.1
3860  17597.7  0.1
3880  17684  0.1
3900  17758.3  0.1
3920  17831.2  0.1
3940  17916.5  0.1
3960  17991.8  0.1
3980  18063.7  0.1
4000  38089.3  0.2
4020  38219.6  0.2
4040  38348.7  0.2
4060  38519.8  0.2
4080  38697.3  0.2
4100  38826.9  0.2
4120  39388.5  0.2
4140  39562.8  0.2
4160  39691.6  0.2
4180  39876.8  0.2
4200  35830.6  0.18
4220  35974.2  0.18
4240  36116.4  0.18
4260  31902.2  0.16
4280  32087.9  0.16
4300  32188  0.16
4320  32380.1  0.16
4340  32466.8  0.16
4360  32665.9  0.16
4380  28378  0.14
4400  28507.6  0.14
4420  28621.8  0.14
4440  28753.7  0.14
4460  28854.6  0.14
4480  28997.5  0.14
4500  29086.6  0.14
4520  29186.6  0.14
4540  13735.4  0.08
4560  13797.5  0.08
4580  13856.3  0.08
4600  13916.1  0.08
4620  24147.4  0.12
4640  24196.9  0.12
4660  24350.7  0.12
4680  24410.9  0.12
4700  19801.8  0.1
4720  19911.2  0.1
4740  19973.8  0.1
4760  25860.7  0.12
4780  25950.6  0.12
4800  26065.9  0.12
4820  26143.3  0.12
4840  25208.3  0.12
4860  16634.5  0.08
4880  16686.6  0.08
4900  16753  0.08
4920  16807.5  0.08
4940  16860.5  0.08
4960  16925.9  0.08
4980  16981.4  0.08
5000  17033.4  0.08
5020  17099.8  0.08
5040  17154.3  0.08
5060  17207.3  0.08
5080  17272.8  0.08
5100  12713.6  0.06
5120  12752.3  0.06
5140  12792  0.06
5160  12833.1  0.06
5180  12872.7  0.06
5200  16710.2  0.08
5220  16763  0.08
5240  16823.2  0.08
5260  16884.3  0.08
5280  16946.9  0.08
5300  17008  0.08
5320  17069.1  0.08
5340  17131.7  0.08
5360  16191.4  0.08
5380  16251.6  0.08
5400  16315.1  0.08
5420  16375.3  0.08
5440  16436.4  0.08
5460  16499  0.08
5480  16560.1  0.08
5500  16620.3  0.08
5520  16673.1  0.08
5540  16733.3  0.08
5560  16794.4  0.08
5580  16857  0.08
5600  16918.1  0.08
5620  16978.3  0.08
5640  17041.9  0.08
5660  17091.3  0.08
5680  17152.4  0.08
5700  17215  0.08
5720  17276.2  0.08
5740  17336.3  0.08
5760  17399.9  0.08
5780  17460.1  0.08
5800  23328.8  0.1
5820  23408.5  0.1
5840  23467  0.1
5860  23546.8  0.1
5880  23624.9  0.1
5900  23704.7  0.1
5920  23803  0.1
5940  23882.7  0.1
5960  23963.4  0.1
5980  24040.6  0.1
6000  24121.3  0.1
6020  19995.6  0.08
6040  20048.5  0.08
6060  20100.5  0.08
6080  20166.8  0.08
6100  20223.5  0.08
6120  20276.5  0.08
6140  20341.8  0.08
6160  20394.7  0.08
6180  20446.7  0.08
6200  20517.8  0.08
6220  20569.7  0.08
6240  20624.5  0.08
6260  20691.4  0.08
6280  20740.6  0.08
6300  20794.1  0.08
6320  19074.2  0.08
6340  12795.4  0.06
6360  12836.4  0.06
6380  12877.3  0.06
6400  12914.7  0.06
6420  12955.7  0.06
6440  12995.7  0.06
6460  25844.8  0.08
6480  25916.4  0.08
6500  26003.9  0.08
6520  26081.6  0.08
6540  26163.4  0.08
6560  26249.9  0.08
6580  26322.4  0.08
6600  26400.2  0.08
6620  26487.6  0.08
6640  26559.2  0.08
6660  26631.7  0.08
6680  12597.1  0.04
6700  12617.5  0.04
6720  12637.1  0.04
6740  12657.5  0.04
6760  12677  0.04
6780  12697.5  0.04
6800  12717  0.04
6820  12737.5  0.04
6840  12757  0.04
6860  12777.5  0.04
6880  12797  0.04
6900  12817.5  0.04
6920  12837  0.04
6940  9781.36  0.04
6960  9800.89  0.04
6980  9473.98  0.04
7000  9493.5  0.04
7020  27960.6  0.08
7040  26413.9  0.08
7060  26449.3  0.08
7080  26483.8  0.08
7100  19466.3  0.06
7120  19500.8  0.06
7140  19536.2  0.06
7160  19585.7  0.06
7180  19621.2  0.06
7200  19655.7  0.06
7220  19706.2  0.06
7240  19740.7  0.06
7260  19776.1  0.06
7280  19825.6  0.06
7300  19861.1  0.06
7320  19895.6  0.06
7340  19946.1  0.06
7360  19980.6  0.06
7380  20016  0.06
7400  20066.5  0.06
7420  20101  0.06
7440  20136.4  0.06
7460  20186  0.06
7480  20221.4  0.06
7500  20255.9  0.06
7520  20306.4  0.06
7540  20340.9  0.06
7560  20376.3  0.06
7580  20425.9  0.06
7600  20461.3  0.06
7620  20495.8  0.06
7640  20546.3  0.06
7660  20580.8  0.06
7680  20616.2  0.06
7700  20665.7  0.06
7720  20701.2  0.06
7740  20735.7  0.06
7760  10272.7  0.04
7780  10292.3  0.04
7800  15717.5  0.06
7820  15758.5  0.06
7840  15800.5  0.06
7860  15830.7  0.06
7880  15872.6  0.06
7900  15913.6  0.06
7920  15955.5  0.06
7940  15996.5  0.06
7960  16038.4  0.06
7980  16079.4  0.06
8000  16121.3  0.06
8020  16151.6  0.06
8040  16193.5  0.06
8060  16234.5  0.06
8080  16276.4  0.06
8100  16317.4  0.06
8120  16359.3  0.06
8140  16400.3  0.06
8160  15015.5  0.04
8180  15035  0.04
8200  13459.2  0.04
8220  13478.7  0.04
8240  13499.2  0.04
8260  13518.7  0.04
8280  25798.1  0.08
8300  25817.6  0.08
8320  25887.2  0.08
8340  25906.7  0.08
8360  25927.2  0.08
8380  26091.6  0.08
8400  26112  0.08
8420  26180.7  0.08
8440  17779.3  0.06
8460  17799.7  0.06
8480  17868.4  0.06
8500  17888.9  0.06
8520  17957.6  0.06
8540  17978  0.06
8560  17997.5  0.06
8580  9687.13  0.04
8600  9706.66  0.04
8620  8736.39  0.04
8640  8755.92  0.04
8660  8776.37  0.04
8680  8795.9  0.04
8700  8816.35  0.04
8720  8835.88  0.04
8740  8856.34  0.04
8760  8875.86  0.04
8780  8896.32  0.04
8800  8915.85  0.04
8820  8936.3  0.04
8840  8955.83  0.04
8860  8976.28  0.04
8880  8995.81  0.04
8900  9016.27  0.04
8920  9035.79  0.04
8940  9056.25  0.04
8960  9075.77  0.04
8980  9096.23  0.04
9000  9115.76  0.04
9020  9136.21  0.04
9040  9155.74  0.04
9060  9176.2  0.04
9080  9079.73  0.02
9100  9100.18  0.02
9120  9119.71  0.02
9140  9140.16  0.02
9160  9159.69  0.02
9180  9180.15  0.02
9200  9199.67  0.02
9220  9220.13  0.02
9240  9225.71  0.02
9260  9225.71  0.02
9280  9225.71  0.02
9300  9225.71  0.02
9320  9225.71  0.02
9340  9225.71  0.02
9360  9225.71  0.02
9380  9225.71  0.02
9400  9225.71  0.02
9420  9225.71  0.02
9440  9225.71  0.02
9460  9225.71  0.02
9480  9225.71  0.02
9500  9225.71  0.02
9520  9225.71  0.02
9540  9225.71  0.02
9560  9225.71  0.02
9580  9225.71  0.02
9600  9225.71  0.02
9620  9225.71  0.02
9640  9225.71  0.02
9660  9225.71  0.02
9680  9225.71  0.02
9700  9225.71  0.02
9720  9225.71  0.02
9740  9225.71  0.02
9760  9225.71  0.02
9780  9225.71  0.02
9800  9225.71  0.02
9820  9225.71  0.02
9840  9225.71  0.02
9860  9225.71  0.02
9880  9225.71  0.02
9900  9225.71  0.02
9920  9225.71  0.02
9940  9225.71  0.02
9960  9225.71  0.02
9980  9225.71  0.02
10000  9225.71  0.02
10020  9225.71  0.02
10040  9225.71  0.02
10060  9225.71  0.02
10080  9225.71  0.02
10100  9225.71  0.02
10120  9225.71  0.02
10140  9225.71  0.02
10160  9225.71  0.02
10180  9225.71  0.02
10200  9225.71  0.02
10220  9225.71  0.02
10240  9225.71  0.02
10260  9225.71  0.02
10280  9225.71  0.02
10300  9225.71  0.02
10320  9225.71  0.02
10340  9225.71  0.02
10360  9225.71  0.02
10380  9225.71  0.02
10400  9225.71  0.02
10420  9225.71  0.02
10440  9225.71  0.02
10460  9225.71  0.02
10480  9225.71  0.02
10500  9225.71  0.02
10520  9225.71  0.02
10540  9225.71  0.02
10560  9225.71  0.02
10580  9225.71  0.02
10600  9225.71  0.02
10620  9225.71  0.02
10640  9225.71  0.02
10660  9225.71  0.02
10680  9225.71  0.02
10700  9225.71  0.02
10720  9225.71  0.02
10740  9225.71  0.02
10760  9225.71  0.02
10780  9225.71  0.02
10800  9225.71  0.02
10820  9225.71  0.02
10840  9225.71  0.02
10860  9225.71  0.02
10880  9225.71  0.02
10900  9225.71  0.02
10920  9225.71  0.02
10940  9225.71  0.02
10960  9225.71  0.02
10980  9225.71  0.02
11000  9225.71  0.02
11020  9225.71  0.02
11040  9225.71  0.02
11060  9225.71  0.02
11080  9225.71  0.02
11100  9225.71  0.02
11120  9225.71  0.02
11140  9225.71  0.02
11160  9225.71  0.02
11180  9225.71  0.02
11200  9225.71  0.02
11220  9225.71  0.02
11240  9225.71  0.02
11260  9225.71  0.02
11280  9225.71  0.02
11300  9225.71  0.02
11320  9225.71  0.02
11340  9225.71  0.02
11360  9225.71  0.02
11380  9225.71  0.02
11400  9225.71  0.02
11420  9225.71  0.02
11440  9225.71  0.02
11460  9225.71  0.02
11480  9225.71  0.02
11500  9225.71  0.02
11520  9225.71  0.02
11540  9225.71  0.02
11560  9225.71  0.02
11580  9225.71  0.02
11600  9225.71  0.02
11620  9225.71  0.02
11640  9225.71  0.02
11660  9225.71  0.02
11680  9225.71  0.02
11700  9225.71  0.02
11720  9225.71  0.02
11740  9225.71  0.02
11760  9225.71  0.02
11780  9225.71  0.02
11800  9225.71  0.02
11820  9225.71  0.02
11840  9225.71  0.02
11860  9225.71  0.02
11880  9225.71  0.02
11900  9225.71  0.02
11920  9225.71  0.02
11940  9225.71  0.02
11960  9225.71  0.02
11980  9225.71  0.02
12000  9225.71  0.02
12020  9225.71  0.02
12040  9225.71  0.02
12060  9225.71  0.02
12080  9225.71  0.02
12100  9225.71  0.02
12120  9225.71  0.02
12140  9225.71  0.02
12160  9225.71  0.02
12180  9225.71  0.02
12200  9225.71  0.02
12220  9225.71  0.02
12240  9225.71  0.02
12260  9225.71  0.02
12280  9225.71  0.02
12300  9225.71  0.02
12320  9225.71  0.02
12340  9225.71  0.02
12360  9225.71  0.02
12380  9225.71  0.02
12400  9225.71  0.02
12420  9225.71  0.02
12440  9225.71  0.02
12460  9225.71  0.02
12480  9225.71  0.02
12500  9225.71  0.02
12520  9225.71  0.02
12540  9225.71  0.02
12560  9225.71  0.02
12580  9225.71  0.02
12600  9225.71  0.02
12620  9225.71  0.02
12640  9225.71  0.02
12660  9225.71  0.02
12680  9225.71  0.02
12700  9225.71  0.02
12720  9225.71  0.02
12740  9225.71  0.02
12760  9225.71  0.02
12780  9225.71  0.02
12800  9225.71  0.02
12820  9225.71  0.02
12840  9225.71  0.02
12860  9225.71  0.02
12880  9225.71  0.02
12900  9225.71  0.02
12920  9225.71  0.02
12940  9225.71  0.02
12960  9225.71  0.02
12980  9225.71  0.02
13000  9225.71  0.02
13020  9225.71  0.02
13040  9225.71  0.02
13060  9225.71  0.02
13080  9225.71  0.02
13100  9225.71  0.02
13120  9225.71  0.02
13140  9225.71  0.02
13160  9225.71  0.02
13180  9225.71  0.02
13200  9225.71  0.02
13220  9225.71  0.02
13240  9225.71  0.02
13260  9225.71  0.02
13280  9225.71  0.02
13300  9225.71  0.02
13320  9225.71  0.02
13340  9225.71  0.02
13360  9225.71  0.02
13380  9225.71  0.02
13400  9225.71  0.02
13420  9225.71  0.02
13440  9225.71  0.02
13460  9225.71  0.02
13480  9225.71  0.02
13500  9225.71  0.02
13520  9225.71  0.02
13540  9225.71  0.02
13560  9225.71  0.02
13580  9225.71  0.02
13600  9225.71  0.02
13620  9225.71  0.02
13640  9225.71  0.02
13660  9225.71  0.02
13680  9225.71  0.02
13700  9225.71  0.02
13720  9225.71  0.02
13740  9225.71  0.02
13760  9225.71  0.02
13780  9225.71  0.02
13800  9225.71  0.02
13820  9225.71  0.02
13840  9225.71  0.02
13860  9225.71  0.02
13880  9225.71  0.02
13900  9225.71  0.02
13920  9225.71  0.02
13940  9225.71  0.02
13960  9225.71  0.02
13980  9225.71  0.02
14000  9225.71  0.02
14020  9225.71  0.02
14040  9225.71  0.02
14060  9225.71  0.02
14080  9225.71  0.02
14100  9225.71  0.02
14120  9225.71  0.02
14140  9225.71  0.02
14160  9225.71  0.02
14180  9225.71  0.02
14200  9225.71  0.02
14220  9225.71  0.02
14240  9225.71  0.02
14260  9225.71  0.02
14280  9225.71  0.02
14300  9225.71  0.02
14320  9225.71  0.02
14340  9225.71  0.02
14360  9225.71  0.02
14380  9225.71  0.02
14400  9225.71  0.02
14420  9225.71  0.02
14440  9225.71  0.02
14460  9225.71  0.02
14480  9225.71  0.02
14500  9225.71  0.02
14520  9225.71  0.02
14540  9225.71  0.02
14560  9225.71  0.02
14580  9225.71  0.02
14600  9225.71  0.02
14620  9225.71  0.02
14640  9225.71  0.02
14660  9225.71  0.02
14680  9225.71  0.02
14700  9225.71  0.02
14720  9225.71  0.02
14740  9225.71  0.02
14760  9225.71  0.02
14780  9225.71  0.02
14800  9225.71  0.02
14820  9225.71  0.02
14840  9225.71  0.02
14860  9225.71  0.02
14880  9225.71  0.02
14900  9225.71  0.02
14920  9225.71  0.02
14940  9225.71  0.02
14960  9225.71  0.02
14980  9225.71  0.02
