100  4335.31  0.96
120  5225.31  0.96
140  6369.38  0.96
160  6704.92  0.86
180  8001.91  0.86
200  8863.26  0.86
220  9602.95  0.86
240  10479.2  0.84
260  10796.4  0.8
280  11126.1  0.78
300  11310.3  0.74
320  11061.2  0.68
340  13026.8  0.76
360  13011.5  0.72
380  13158.6  0.7
400  13990.7  0.7
420  14539.9  0.7
440  14883  0.68
460  14544.5  0.64
480  15439.8  0.64
500  15988.7  0.64
520  16009.4  0.62
540  16770.1  0.62
560  16268.4  0.58
580  16294  0.56
600  16736.9  0.56
620  16500.4  0.54
640  16452.9  0.52
660  16820.9  0.52
680  17453.1  0.52
700  18351.6  0.52
720  18307.7  0.5
740  19557.9  0.52
760  20031.2  0.52
780  18812.1  0.48
800  19212.3  0.48
820  19647.5  0.48
840  20128.8  0.48
860  20629.4  0.48
880  21022  0.48
900  21812.8  0.48
920  22161.5  0.48
940  25413.9  0.54
960  25863.4  0.54
980  24473.8  0.5
1000  25113.8  0.5
1020  24480.4  0.48
1040  24812.1  0.48
1060  24290.3  0.46
1080  24879  0.46
1100  25180.8  0.46
1120  25582.9  0.46
1140  25871.6  0.46
1160  26800.3  0.46
1180  27117.4  0.46
1200  27428.3  0.46
1220  27920.6  0.46
1240  28874.4  0.46
1260  29212.7  0.46
1280  29574.3  0.46
1300  30184.6  0.46
1320  29299.1  0.44
1340  29690.4  0.44
1360  27350.1  0.4
1380  26245.6  0.38
1400  26593.8  0.38
1420  25441.9  0.36
1440  25855.3  0.36
1460  26175.5  0.36
1480  26433.4  0.36
1500  26751  0.36
1520  25486.8  0.34
1540  24240.5  0.32
1560  24468.1  0.32
1580  24936.2  0.32
1600  25562.2  0.32
1620  26448.6  0.32
1640  26726.6  0.32
1660  26938.2  0.32
1680  18549  0.22
1700  18718.9  0.22
1720  17163  0.2
1740  17333.4  0.2
1760  15771  0.18
1780  15968  0.18
1800  14311.2  0.16
1820  14604.2  0.16
1840  14774.4  0.16
1860  24241.9  0.26
1880  24486  0.26
1900  24645.4  0.26
1920  30560.4  0.32
1940  30799.4  0.32
1960  31379.3  0.32
1980  31600  0.32
2000  30041.9  0.3
2020  14219.5  0.14
2040  38639.9  0.38
2060  38912.2  0.38
2080  33199.5  0.32
2100  33451.1  0.32
2120  38031.3  0.36
2140  38590.4  0.36
2160  38944.8  0.36
2180  39443.7  0.36
2200  39750.8  0.36
2220  40056.2  0.36
2240  40368.1  0.36
2260  38462.7  0.34
2280  36478.6  0.32
2300  36759.9  0.32
2320  36985.6  0.32
2340  35006.7  0.3
2360  35242  0.3
2380  35707.1  0.3
2400  35899.8  0.3
2420  36527.6  0.3
2440  36758.1  0.3
2460  41801.1  0.34
2480  46754.9  0.38
2500  47031.3  0.38
2520  22507.3  0.18
2540  22875.2  0.18
2560  38690.4  0.3
2580  38939.5  0.3
2600  39137.7  0.3
2620  39340.2  0.3
2640  39584.4  0.3
2660  42473  0.32
2680  42674.3  0.32
2700  40234.9  0.3
2720  35228.1  0.26
2740  32664.9  0.24
2760  33001.5  0.24
2780  33158.7  0.24
2800  30855.7  0.22
2820  31005.1  0.22
2840  31147.6  0.22
2860  31704.7  0.22
2880  31825.7  0.22
2900  29053.5  0.2
2920  35039  0.24
2940  32499.3  0.22
2960  32642.3  0.22
2980  32809  0.22
3000  33040.2  0.22
3020  30227.9  0.2
3040  30335.6  0.2
3060  14549.8  0.1
3080  14624.1  0.1
3100  14699.3  0.1
3120  14776.3  0.1
3140  14867.2  0.1
3160  14941.6  0.1
3180  15019.4  0.1
3200  15093.8  0.1
3220  22504.9  0.14
3240  22616.5  0.14
3260  22715.1  0.14
3280  22825.9  0.14
3300  19713.3  0.12
3320  20013.7  0.12
3340  16769.1  0.1
3360  16860.2  0.1
3380  16939.9  0.1
3400  13613.7  0.08
3420  13667.7  0.08
3440  13733.1  0.08
3460  13785.5  0.08
3480  27822  0.16
3500  27940.3  0.16
3520  28261.1  0.16
3540  28392.5  0.16
3560  24971.4  0.14
3580  25077.1  0.14
3600  21596.7  0.12
3620  21708.4  0.12
3640  21807.9  0.12
3660  40337.9  0.22
3680  40469  0.22
3700  40780.4  0.22
3720  40890  0.22
3740  41084.2  0.22
3760  41193.8  0.22
3780  48920.6  0.26
3800  49124.6  0.26
3820  49260.2  0.26
3840  45566.6  0.24
3860  42606.2  0.22
3880  42910.6  0.22
3900  39217.4  0.2
3920  39327.3  0.2
3940  35516.9  0.18
3960  35694.3  0.18
3980  35821.2  0.18
4000  35960.3  0.18
4020  32073.5  0.16
4040  32217.4  0.16
4060  28264.1  0.14
4080  28558.7  0.14
4100  28649.9  0.14
4120  28754.9  0.14
4140  29132.4  0.14
4160  20798.7  0.1
4180  20871.5  0.1
4200  21011.3  0.1
4220  21067.1  0.1
4240  12649.5  0.06
4260  12690.1  0.06
4280  12919.3  0.06
4300  12959  0.06
4320  30209.1  0.14
4340  30321.3  0.14
4360  21707.5  0.1
4380  21766.3  0.1
4400  21830.8  0.1
4420  22174.2  0.1
4440  17735  0.08
4460  13416.3  0.06
4480  13456.4  0.06
4500  13495.6  0.06
4520  13535.7  0.06
4540  13650.6  0.06
4560  13671.1  0.06
4580  13690.6  0.06
4600  13711.1  0.06
4620  13730.7  0.06
4640  13836  0.06
4660  13855.6  0.06
4680  13876  0.06
4700  13895.6  0.06
4720  14000.9  0.06
4740  14020.5  0.06
4760  14040.1  0.06
4780  14060.5  0.06
4800  14164.9  0.06
4820  14185.4  0.06
4840  14205  0.06
4860  14225.4  0.06
4880  14329.8  0.06
4900  14350.3  0.06
4920  14369.9  0.06
4940  14390.3  0.06
4960  14409.9  0.06
4980  14515.2  0.06
5000  14534.8  0.06
5020  14555.2  0.06
5040  14574.8  0.06
5060  14680.1  0.06
5080  14699.7  0.06
5100  14720.1  0.06
5120  14739.7  0.06
5140  14845  0.06
5160  14864.6  0.06
5180  14884.2  0.06
5200  14904.6  0.06
5220  15009.1  0.06
5240  15029.5  0.06
5260  15049.1  0.06
5280  15069.5  0.06
5300  9829.76  0.04
5320  9850.2  0.04
5340  9869.79  0.04
5360  9890.24  0.04
5380  9909.83  0.04
5400  9930.28  0.04
5420  9949.87  0.04
5440  9970.32  0.04
5460  9989.91  0.04
5480  10010.4  0.04
5500  10030  0.04
5520  22055.8  0.08
5540  22116.9  0.08
5560  22174.4  0.08
5580  22235.5  0.08
5600  22486.5  0.08
5620  22548.5  0.08
5640  22605.2  0.08
5660  22667.1  0.08
5680  22723.8  0.08
5700  22785.8  0.08
5720  9094.44  0.04
5740  9114.88  0.04
5760  9134.48  0.04
5780  9154.92  0.04
5800  23272.6  0.08
5820  23339.5  0.08
5840  23392.4  0.08
5860  23459.3  0.08
5880  23512.2  0.08
5900  23576.2  0.08
5920  8220.57  0.04
5940  8241.01  0.04
5960  8260.61  0.04
5980  8281.05  0.04
6000  8300.65  0.04
6020  8320.24  0.04
6040  8340.69  0.04
6060  8360.28  0.04
6080  8380.73  0.04
6100  8400.32  0.04
6120  24420.4  0.08
6140  24492.7  0.08
6160  24738.6  0.08
6180  24794.1  0.08
6200  24850.5  0.08
6220  24910.9  0.08
6240  24967.3  0.08
6260  25039.6  0.08
6280  25096  0.08
6300  25151.5  0.08
6320  25207.9  0.08
6340  25268.3  0.08
6360  25522.4  0.08
6380  31946.5  0.1
6400  31986.1  0.1
6420  32185.9  0.1
6440  25748.3  0.08
6460  25825.9  0.08
6480  25898.7  0.08
6500  19444.1  0.06
6520  19482.9  0.06
6540  19712.1  0.06
6560  19750.9  0.06
6580  19795.3  0.06
6600  19834.1  0.06
6620  19873.7  0.06
6640  19912.5  0.06
6660  19952.2  0.06
6680  19991  0.06
6700  20035.4  0.06
6720  20074.2  0.06
6740  20303.4  0.06
6760  20342.2  0.06
6780  13558.8  0.04
6800  13597.6  0.04
6820  13642.1  0.04
6840  13680.9  0.04
6860  13720.5  0.04
6880  13759.3  0.04
6900  13798.1  0.04
6920  13837.7  0.04
6940  13881.3  0.04
6960  13921  0.04
6980  13959.8  0.04
7000  13999.4  0.04
7020  14038.2  0.04
7040  14077.9  0.04
7060  14121.5  0.04
7080  14161.1  0.04
7100  14199.9  0.04
7120  35222.3  0.1
7140  35261.5  0.1
7160  28384.4  0.08
7180  28423.7  0.08
7200  28463.8  0.08
7220  28503.1  0.08
7240  28543.2  0.08
7260  28936.5  0.08
7280  28976.6  0.08
7300  29015.9  0.08
7320  29055.1  0.08
7340  29095.2  0.08
7360  29134.5  0.08
7380  29174.6  0.08
7400  29213.9  0.08
7420  29254  0.08
7440  29293.3  0.08
7460  29333.4  0.08
7480  21938.2  0.06
7500  21978.3  0.06
7520  22572.4  0.06
7540  22605.9  0.06
7560  22677.4  0.06
7580  22736.6  0.06
7600  22783.8  0.06
7620  22817.4  0.06
7640  22863.1  0.06
7660  22896.7  0.06
7680  23132  0.06
7700  23165.5  0.06
7720  14704  0.04
7740  14723.6  0.04
7760  14744  0.04
7780  14763.6  0.04
7800  14784.1  0.04
7820  14803.6  0.04
7840  14824.1  0.04
7860  23601  0.06
7880  23810.9  0.06
7900  15860  0.04
7920  15880.4  0.04
7940  15900  0.04
7960  15920.4  0.04
7980  15940  0.04
8000  15960.5  0.04
8020  15980.1  0.04
8040  16000.5  0.04
8060  16209.6  0.04
8080  16230.1  0.04
8100  16249.7  0.04
8120  16270.1  0.04
8140  16289.7  0.04
8160  16309.3  0.04
8180  16329.8  0.04
8200  16349.4  0.04
8220  16369.8  0.04
8240  16389.4  0.04
8260  16599.4  0.04
8280  16619  0.04
8300  16639.4  0.04
8320  8319.73  0.02
8340  8340.18  0.02
8360  8359.77  0.02
8380  8380.22  0.02
8400  8399.81  0.02
8420  8420.26  0.02
8440  8439.85  0.02
8460  8452.63  0.02
8480  8452.63  0.02
8500  8452.63  0.02
8520  8452.63  0.02
8540  8452.63  0.02
8560  8452.63  0.02
8580  8452.63  0.02
8600  8452.63  0.02
8620  8452.63  0.02
8640  8452.63  0.02
8660  8452.63  0.02
8680  8452.63  0.02
8700  8452.63  0.02
8720  8452.63  0.02
8740  8452.63  0.02
8760  8452.63  0.02
8780  8452.63  0.02
8800  8452.63  0.02
8820  8452.63  0.02
8840  8452.63  0.02
8860  8452.63  0.02
8880  8452.63  0.02
8900  8452.63  0.02
8920  8452.63  0.02
8940  8452.63  0.02
8960  8452.63  0.02
8980  8452.63  0.02
9000  8452.63  0.02
9020  8452.63  0.02
9040  8452.63  0.02
9060  8452.63  0.02
9080  8452.63  0.02
9100  8452.63  0.02
9120  8452.63  0.02
9140  8452.63  0.02
9160  8452.63  0.02
9180  8452.63  0.02
9200  8452.63  0.02
9220  8452.63  0.02
9240  8452.63  0.02
9260  8452.63  0.02
9280  8452.63  0.02
9300  8452.63  0.02
9320  8452.63  0.02
9340  8452.63  0.02
9360  8452.63  0.02
9380  8452.63  0.02
9400  8452.63  0.02
9420  8452.63  0.02
9440  8452.63  0.02
9460  8452.63  0.02
9480  8452.63  0.02
9500  8452.63  0.02
9520  8452.63  0.02
9540  8452.63  0.02
9560  8452.63  0.02
9580  8452.63  0.02
9600  8452.63  0.02
9620  8452.63  0.02
9640  8452.63  0.02
9660  8452.63  0.02
9680  8452.63  0.02
9700  8452.63  0.02
9720  8452.63  0.02
9740  8452.63  0.02
9760  8452.63  0.02
9780  8452.63  0.02
9800  8452.63  0.02
9820  8452.63  0.02
9840  8452.63  0.02
9860  8452.63  0.02
9880  8452.63  0.02
9900  8452.63  0.02
9920  8452.63  0.02
9940  8452.63  0.02
9960  8452.63  0.02
9980  8452.63  0.02
10000  8452.63  0.02
10020  8452.63  0.02
10040  8452.63  0.02
10060  8452.63  0.02
10080  8452.63  0.02
10100  8452.63  0.02
10120  8452.63  0.02
10140  8452.63  0.02
10160  8452.63  0.02
10180  8452.63  0.02
10200  8452.63  0.02
10220  8452.63  0.02
10240  8452.63  0.02
10260  8452.63  0.02
10280  8452.63  0.02
10300  8452.63  0.02
10320  8452.63  0.02
10340  8452.63  0.02
10360  8452.63  0.02
10380  8452.63  0.02
10400  8452.63  0.02
10420  8452.63  0.02
10440  8452.63  0.02
10460  8452.63  0.02
10480  8452.63  0.02
10500  8452.63  0.02
10520  8452.63  0.02
10540  8452.63  0.02
10560  8452.63  0.02
10580  8452.63  0.02
10600  8452.63  0.02
10620  8452.63  0.02
10640  8452.63  0.02
10660  8452.63  0.02
10680  8452.63  0.02
10700  8452.63  0.02
10720  8452.63  0.02
10740  8452.63  0.02
10760  8452.63  0.02
10780  8452.63  0.02
10800  8452.63  0.02
10820  8452.63  0.02
10840  8452.63  0.02
10860  8452.63  0.02
10880  8452.63  0.02
10900  8452.63  0.02
10920  8452.63  0.02
10940  8452.63  0.02
10960  8452.63  0.02
10980  8452.63  0.02
11000  8452.63  0.02
11020  8452.63  0.02
11040  8452.63  0.02
11060  8452.63  0.02
11080  8452.63  0.02
11100  8452.63  0.02
11120  8452.63  0.02
11140  8452.63  0.02
11160  8452.63  0.02
11180  8452.63  0.02
11200  8452.63  0.02
11220  8452.63  0.02
11240  8452.63  0.02
11260  8452.63  0.02
11280  8452.63  0.02
11300  8452.63  0.02
11320  8452.63  0.02
11340  8452.63  0.02
11360  8452.63  0.02
11380  8452.63  0.02
11400  8452.63  0.02
11420  8452.63  0.02
11440  8452.63  0.02
11460  8452.63  0.02
11480  8452.63  0.02
11500  8452.63  0.02
11520  8452.63  0.02
11540  8452.63  0.02
11560  8452.63  0.02
11580  8452.63  0.02
11600  8452.63  0.02
11620  8452.63  0.02
11640  8452.63  0.02
11660  8452.63  0.02
11680  8452.63  0.02
11700  8452.63  0.02
11720  8452.63  0.02
11740  8452.63  0.02
11760  8452.63  0.02
11780  8452.63  0.02
11800  8452.63  0.02
11820  8452.63  0.02
11840  8452.63  0.02
11860  8452.63  0.02
11880  8452.63  0.02
11900  8452.63  0.02
11920  8452.63  0.02
11940  8452.63  0.02
11960  8452.63  0.02
11980  8452.63  0.02
12000  8452.63  0.02
12020  8452.63  0.02
12040  8452.63  0.02
12060  8452.63  0.02
12080  8452.63  0.02
12100  8452.63  0.02
12120  8452.63  0.02
12140  8452.63  0.02
12160  8452.63  0.02
12180  8452.63  0.02
12200  8452.63  0.02
12220  8452.63  0.02
12240  8452.63  0.02
12260  8452.63  0.02
12280  8452.63  0.02
12300  8452.63  0.02
12320  8452.63  0.02
12340  8452.63  0.02
12360  8452.63  0.02
12380  8452.63  0.02
12400  8452.63  0.02
12420  8452.63  0.02
12440  8452.63  0.02
12460  8452.63  0.02
12480  8452.63  0.02
12500  8452.63  0.02
12520  8452.63  0.02
12540  8452.63  0.02
12560  8452.63  0.02
12580  8452.63  0.02
12600  8452.63  0.02
12620  8452.63  0.02
12640  8452.63  0.02
12660  8452.63  0.02
12680  8452.63  0.02
12700  8452.63  0.02
12720  8452.63  0.02
12740  8452.63  0.02
12760  8452.63  0.02
12780  8452.63  0.02
12800  8452.63  0.02
12820  8452.63  0.02
12840  8452.63  0.02
12860  8452.63  0.02
12880  8452.63  0.02
12900  8452.63  0.02
12920  8452.63  0.02
12940  8452.63  0.02
12960  8452.63  0.02
12980  8452.63  0.02
13000  8452.63  0.02
13020  8452.63  0.02
13040  8452.63  0.02
13060  8452.63  0.02
13080  8452.63  0.02
13100  8452.63  0.02
13120  8452.63  0.02
13140  8452.63  0.02
13160  8452.63  0.02
13180  8452.63  0.02
13200  8452.63  0.02
13220  8452.63  0.02
13240  8452.63  0.02
13260  8452.63  0.02
13280  8452.63  0.02
13300  8452.63  0.02
13320  8452.63  0.02
13340  8452.63  0.02
13360  8452.63  0.02
13380  8452.63  0.02
13400  8452.63  0.02
13420  8452.63  0.02
13440  8452.63  0.02
13460  8452.63  0.02
13480  8452.63  0.02
13500  8452.63  0.02
13520  8452.63  0.02
13540  8452.63  0.02
13560  8452.63  0.02
13580  8452.63  0.02
13600  8452.63  0.02
13620  8452.63  0.02
13640  8452.63  0.02
13660  8452.63  0.02
13680  8452.63  0.02
13700  8452.63  0.02
13720  8452.63  0.02
13740  8452.63  0.02
13760  8452.63  0.02
13780  8452.63  0.02
13800  8452.63  0.02
13820  8452.63  0.02
13840  8452.63  0.02
13860  8452.63  0.02
13880  8452.63  0.02
13900  8452.63  0.02
13920  8452.63  0.02
13940  8452.63  0.02
13960  8452.63  0.02
13980  8452.63  0.02
14000  8452.63  0.02
14020  8452.63  0.02
14040  8452.63  0.02
14060  8452.63  0.02
14080  8452.63  0.02
14100  8452.63  0.02
14120  8452.63  0.02
14140  8452.63  0.02
14160  8452.63  0.02
14180  8452.63  0.02
14200  8452.63  0.02
14220  8452.63  0.02
14240  8452.63  0.02
14260  8452.63  0.02
14280  8452.63  0.02
14300  8452.63  0.02
14320  8452.63  0.02
14340  8452.63  0.02
14360  8452.63  0.02
14380  8452.63  0.02
14400  8452.63  0.02
14420  8452.63  0.02
14440  8452.63  0.02
14460  8452.63  0.02
14480  8452.63  0.02
14500  8452.63  0.02
14520  8452.63  0.02
14540  8452.63  0.02
14560  8452.63  0.02
14580  8452.63  0.02
14600  8452.63  0.02
14620  8452.63  0.02
14640  8452.63  0.02
14660  8452.63  0.02
14680  8452.63  0.02
14700  8452.63  0.02
14720  8452.63  0.02
14740  8452.63  0.02
14760  8452.63  0.02
14780  8452.63  0.02
14800  8452.63  0.02
14820  8452.63  0.02
14840  8452.63  0.02
14860  8452.63  0.02
14880  8452.63  0.02
14900  8452.63  0.02
14920  8452.63  0.02
14940  8452.63  0.02
14960  8452.63  0.02
14980  8452.63  0.02
