100  4082.53  0.88
120  5200.15  0.88
140  5614.17  0.84
160  6211.32  0.82
180  7155.98  0.82
200  7908.65  0.78
220  7892.77  0.72
240  9504.2  0.74
260  9768.52  0.72
280  9604.64  0.68
300  10027.2  0.66
320  10651.9  0.66
340  11447.2  0.66
360  11224  0.62
380  11924.5  0.62
400  12375.1  0.62
420  12554.1  0.6
440  13399.7  0.62
460  13015.3  0.58
480  13064.2  0.56
500  13667.9  0.56
520  14077  0.54
540  14711.4  0.54
560  14572.1  0.52
580  15240.4  0.52
600  15657.4  0.52
620  16132.4  0.52
640  16547.1  0.52
660  15708.7  0.48
680  14982.3  0.44
700  15557.1  0.44
720  15157.8  0.42
740  15533.1  0.42
760  16708.4  0.44
780  17010.1  0.44
800  16571.5  0.42
820  13614.2  0.34
840  13204.7  0.32
860  13735.9  0.32
880  13459.5  0.3
900  13628.2  0.3
920  13822.8  0.3
940  14091.6  0.3
960  14288.9  0.3
980  14542.8  0.3
1000  14862.6  0.3
1020  15103.9  0.3
1040  15328.7  0.3
1060  15763.6  0.3
1080  14855.4  0.28
1100  16385.3  0.3
1120  15582.7  0.28
1140  17071.2  0.3
1160  17351.8  0.3
1180  17596.9  0.3
1200  17768.5  0.3
1220  16839.5  0.28
1240  17039.4  0.28
1260  17456.1  0.28
1280  17712  0.28
1300  18008.9  0.28
1320  18332.5  0.28
1340  17151.6  0.26
1360  17343.7  0.26
1380  17588.5  0.26
1400  17732.8  0.26
1420  16488.8  0.24
1440  16732.5  0.24
1460  17239  0.24
1480  17351.8  0.24
1500  17623.7  0.24
1520  17741.4  0.24
1540  18028.3  0.24
1560  18142.4  0.24
1580  18260  0.24
1600  18682.7  0.24
1620  18816.6  0.24
1640  19167.5  0.24
1660  19393.7  0.24
1680  17880  0.22
1700  18035.2  0.22
1720  18232.2  0.22
1740  16602.3  0.2
1760  16953.9  0.2
1780  17109.9  0.2
1800  15384.4  0.18
1820  15638.8  0.18
1840  15740.1  0.18
1860  15939.8  0.18
1880  16092.6  0.18
1900  16238.3  0.18
1920  16392.8  0.18
1940  16594  0.18
1960  16692.6  0.18
1980  14888.6  0.16
2000  15044  0.16
2020  13176.8  0.14
2040  13255.3  0.14
2060  13390.7  0.14
2080  13525.2  0.14
2100  11535.3  0.12
2120  15865.7  0.16
2140  16001.2  0.16
2160  11828.3  0.12
2180  11908.4  0.12
2200  12041.3  0.12
2220  12121.4  0.12
2240  12257  0.12
2260  12337.1  0.12
2280  16903.8  0.16
2300  17002.8  0.16
2320  17253.6  0.16
2340  17377  0.16
2360  17509.7  0.16
2380  15221.6  0.14
2400  15346.9  0.14
2420  22824.2  0.2
2440  22774.1  0.2
2460  22878.1  0.2
2480  23026.5  0.2
2500  23108.6  0.2
2520  23244.4  0.2
2540  20811.5  0.18
2560  21279.8  0.18
2580  21359.6  0.18
2600  22031.6  0.18
2620  22158.8  0.18
2640  19599.3  0.16
2660  19704.1  0.16
2680  19763.5  0.16
2700  19868.9  0.16
2720  17136.7  0.14
2740  17238.6  0.14
2760  14569.5  0.12
2780  14630.3  0.12
2800  14928.1  0.12
2820  14988.3  0.12
2840  15092.3  0.12
2860  15153.1  0.12
2880  15258.5  0.12
2900  12435  0.1
2920  12509.2  0.1
2940  23193.1  0.16
2960  23289.2  0.16
2980  23384.6  0.16
3000  31473.2  0.22
3020  31585.6  0.22
3040  11622.4  0.08
3060  19742.2  0.14
3080  13339.3  0.1
3100  13444.2  0.1
3120  13507.1  0.1
3140  10427.5  0.08
3160  8615.42  0.06
3180  8655.3  0.06
3200  13803.2  0.1
3220  13912.8  0.1
3240  17218.5  0.12
3260  17348.9  0.12
3280  17511.1  0.12
3300  17569.6  0.12
3320  17629.3  0.12
3340  24295.5  0.16
3360  24576  0.16
3380  24871.1  0.16
3400  7544.36  0.06
3420  7584.57  0.06
3440  25647.3  0.16
3460  25731.7  0.16
3480  25792.6  0.16
3500  22405.7  0.14
3520  18855.2  0.12
3540  18939.5  0.12
3560  19171  0.12
3580  19211.5  0.12
3600  19296.6  0.12
3620  19336.4  0.12
3640  19420  0.12
3660  15869.5  0.1
3680  15954.6  0.1
3700  15994.4  0.1
3720  15577.9  0.1
3740  15618.4  0.1
3760  15851.3  0.1
3780  15935.7  0.1
3800  15974.8  0.1
3820  16059.8  0.1
3840  16100.3  0.1
3860  16184.7  0.1
3880  16223.8  0.1
3900  16308.8  0.1
3920  16349.4  0.1
3940  16433.7  0.1
3960  16665.2  0.1
3980  16705.7  0.1
4000  16790.8  0.1
4020  16830.6  0.1
4040  16914.2  0.1
4060  16954.8  0.1
4080  17039.8  0.1
4100  17079.7  0.1
4120  17163.3  0.1
4140  17396.2  0.1
4160  17436.7  0.1
4180  13289  0.08
4200  13328.1  0.08
4220  13413.2  0.08
4240  13453.7  0.08
4260  13538.1  0.08
4280  13577.2  0.08
4300  13662.2  0.08
4320  13702.7  0.08
4340  13787.1  0.08
4360  9463.95  0.06
4380  9504.49  0.06
4400  9545.02  0.06
4420  8840.36  0.04
4440  8879.44  0.04
4460  8919.97  0.04
4480  8960.5  0.04
4500  9000.37  0.04
4520  23359.7  0.12
4540  23419.2  0.12
4560  23478.6  0.12
4580  14493.8  0.08
4600  14553.3  0.08
4620  14612.8  0.08
4640  14672.2  0.08
4660  14729.2  0.08
4680  10103.9  0.06
4700  10144.2  0.06
4720  9440.06  0.04
4740  9479.73  0.04
4760  9520.08  0.04
4780  9560.42  0.04
4800  9600.77  0.04
4820  9640.45  0.04
4840  7135.26  0.04
4860  7155.43  0.04
4880  7175.6  0.04
4900  7195.1  0.04
4920  7215.27  0.04
4940  7235.44  0.04
4960  7255.61  0.04
4980  7275.1  0.04
5000  7295.27  0.04
5020  10876.4  0.06
5040  21193.5  0.1
5060  21239.1  0.1
5080  16219.6  0.08
5100  16315.5  0.08
5120  16358.1  0.08
5140  11255.4  0.06
5160  11328.7  0.06
5180  11348.9  0.06
5200  11422.2  0.06
5220  11441.7  0.06
5240  11461.9  0.06
5260  11535.3  0.06
5280  11555.4  0.06
5300  11574.9  0.06
5320  11648.3  0.06
5340  11668.4  0.06
5360  11741.1  0.06
5380  11761.3  0.06
5400  11781.4  0.06
5420  11854.8  0.06
5440  11874.3  0.06
5460  11894.4  0.06
5480  11967.8  0.06
5500  11988  0.06
5520  12060.6  0.06
5540  12080.8  0.06
5560  12101  0.06
5580  12174.3  0.06
5600  12193.8  0.06
5620  6654.54  0.04
5640  6478.26  0.04
5660  6498.43  0.04
5680  6517.93  0.04
5700  6538.1  0.04
5720  6558.27  0.04
5740  6578.44  0.04
5760  6597.93  0.04
5780  6618.1  0.04
5800  6638.27  0.04
5820  6658.44  0.04
5840  6677.94  0.04
5860  6698.11  0.04
5880  6718.28  0.04
5900  8402.13  0.04
5920  8421.63  0.04
5940  25170.6  0.1
5960  25190.8  0.1
5980  25210.9  0.1
6000  19264.6  0.08
6020  19284.8  0.08
6040  19305  0.08
6060  19325.1  0.08
6080  19344.6  0.08
6100  13329.6  0.06
6120  13349.8  0.06
6140  13370  0.06
6160  13389.5  0.06
6180  13409.6  0.06
6200  13828.8  0.06
6220  7464.91  0.04
6240  6984.25  0.04
6260  7004.42  0.04
6280  7024.59  0.04
6300  7044.76  0.04
6320  7064.25  0.04
6340  7084.42  0.04
6360  7104.59  0.04
6380  7124.76  0.04
6400  7144.26  0.04
6420  7164.43  0.04
6440  7184.6  0.04
6460  7204.77  0.04
6480  7224.26  0.04
6500  7244.43  0.04
6520  7264.6  0.04
6540  7284.77  0.04
6560  6559.74  0.02
6580  6579.91  0.02
6600  6600.08  0.02
6620  6620.25  0.02
6640  6639.75  0.02
6660  6659.92  0.02
6680  6670.68  0.02
6700  6670.68  0.02
6720  6670.68  0.02
6740  6670.68  0.02
6760  6670.68  0.02
6780  6670.68  0.02
6800  6670.68  0.02
6820  6670.68  0.02
6840  6670.68  0.02
6860  6670.68  0.02
6880  6670.68  0.02
6900  6670.68  0.02
6920  6670.68  0.02
6940  6670.68  0.02
6960  6670.68  0.02
6980  6670.68  0.02
7000  6670.68  0.02
7020  6670.68  0.02
7040  6670.68  0.02
7060  6670.68  0.02
7080  6670.68  0.02
7100  6670.68  0.02
7120  6670.68  0.02
7140  6670.68  0.02
7160  6670.68  0.02
7180  6670.68  0.02
7200  6670.68  0.02
7220  6670.68  0.02
7240  6670.68  0.02
7260  6670.68  0.02
7280  6670.68  0.02
7300  6670.68  0.02
7320  6670.68  0.02
7340  6670.68  0.02
7360  6670.68  0.02
7380  6670.68  0.02
7400  6670.68  0.02
7420  6670.68  0.02
7440  6670.68  0.02
7460  6670.68  0.02
7480  6670.68  0.02
7500  6670.68  0.02
7520  6670.68  0.02
7540  6670.68  0.02
7560  6670.68  0.02
7580  6670.68  0.02
7600  6670.68  0.02
7620  6670.68  0.02
7640  6670.68  0.02
7660  6670.68  0.02
7680  6670.68  0.02
7700  6670.68  0.02
7720  6670.68  0.02
7740  6670.68  0.02
7760  6670.68  0.02
7780  6670.68  0.02
7800  6670.68  0.02
7820  6670.68  0.02
7840  6670.68  0.02
7860  6670.68  0.02
7880  6670.68  0.02
7900  6670.68  0.02
7920  6670.68  0.02
7940  6670.68  0.02
7960  6670.68  0.02
7980  6670.68  0.02
8000  6670.68  0.02
8020  6670.68  0.02
8040  6670.68  0.02
8060  6670.68  0.02
8080  6670.68  0.02
8100  6670.68  0.02
8120  6670.68  0.02
8140  6670.68  0.02
8160  6670.68  0.02
8180  6670.68  0.02
8200  6670.68  0.02
8220  6670.68  0.02
8240  6670.68  0.02
8260  6670.68  0.02
8280  6670.68  0.02
8300  6670.68  0.02
8320  6670.68  0.02
8340  6670.68  0.02
8360  6670.68  0.02
8380  6670.68  0.02
8400  6670.68  0.02
8420  6670.68  0.02
8440  6670.68  0.02
8460  6670.68  0.02
8480  6670.68  0.02
8500  6670.68  0.02
8520  6670.68  0.02
8540  6670.68  0.02
8560  6670.68  0.02
8580  6670.68  0.02
8600  6670.68  0.02
8620  6670.68  0.02
8640  6670.68  0.02
8660  6670.68  0.02
8680  6670.68  0.02
8700  6670.68  0.02
8720  6670.68  0.02
8740  6670.68  0.02
8760  6670.68  0.02
8780  6670.68  0.02
8800  6670.68  0.02
8820  6670.68  0.02
8840  6670.68  0.02
8860  6670.68  0.02
8880  6670.68  0.02
8900  6670.68  0.02
8920  6670.68  0.02
8940  6670.68  0.02
8960  6670.68  0.02
8980  6670.68  0.02
9000  6670.68  0.02
9020  6670.68  0.02
9040  6670.68  0.02
9060  6670.68  0.02
9080  6670.68  0.02
9100  6670.68  0.02
9120  6670.68  0.02
9140  6670.68  0.02
9160  6670.68  0.02
9180  6670.68  0.02
9200  6670.68  0.02
9220  6670.68  0.02
9240  6670.68  0.02
9260  6670.68  0.02
9280  6670.68  0.02
9300  6670.68  0.02
9320  6670.68  0.02
9340  6670.68  0.02
9360  6670.68  0.02
9380  6670.68  0.02
9400  6670.68  0.02
9420  6670.68  0.02
9440  6670.68  0.02
9460  6670.68  0.02
9480  6670.68  0.02
9500  6670.68  0.02
9520  6670.68  0.02
9540  6670.68  0.02
9560  6670.68  0.02
9580  6670.68  0.02
9600  6670.68  0.02
9620  6670.68  0.02
9640  6670.68  0.02
9660  6670.68  0.02
9680  6670.68  0.02
9700  6670.68  0.02
9720  6670.68  0.02
9740  6670.68  0.02
9760  6670.68  0.02
9780  6670.68  0.02
9800  6670.68  0.02
9820  6670.68  0.02
9840  6670.68  0.02
9860  6670.68  0.02
9880  6670.68  0.02
9900  6670.68  0.02
9920  6670.68  0.02
9940  6670.68  0.02
9960  6670.68  0.02
9980  6670.68  0.02
10000  6670.68  0.02
10020  6670.68  0.02
10040  6670.68  0.02
10060  6670.68  0.02
10080  6670.68  0.02
10100  6670.68  0.02
10120  6670.68  0.02
10140  6670.68  0.02
10160  6670.68  0.02
10180  6670.68  0.02
10200  6670.68  0.02
10220  6670.68  0.02
10240  6670.68  0.02
10260  6670.68  0.02
10280  6670.68  0.02
10300  6670.68  0.02
10320  6670.68  0.02
10340  6670.68  0.02
10360  6670.68  0.02
10380  6670.68  0.02
10400  6670.68  0.02
10420  6670.68  0.02
10440  6670.68  0.02
10460  6670.68  0.02
10480  6670.68  0.02
10500  6670.68  0.02
10520  6670.68  0.02
10540  6670.68  0.02
10560  6670.68  0.02
10580  6670.68  0.02
10600  6670.68  0.02
10620  6670.68  0.02
10640  6670.68  0.02
10660  6670.68  0.02
10680  6670.68  0.02
10700  6670.68  0.02
10720  6670.68  0.02
10740  6670.68  0.02
10760  6670.68  0.02
10780  6670.68  0.02
10800  6670.68  0.02
10820  6670.68  0.02
10840  6670.68  0.02
10860  6670.68  0.02
10880  6670.68  0.02
10900  6670.68  0.02
10920  6670.68  0.02
10940  6670.68  0.02
10960  6670.68  0.02
10980  6670.68  0.02
11000  6670.68  0.02
11020  6670.68  0.02
11040  6670.68  0.02
11060  6670.68  0.02
11080  6670.68  0.02
11100  6670.68  0.02
11120  6670.68  0.02
11140  6670.68  0.02
11160  6670.68  0.02
11180  6670.68  0.02
11200  6670.68  0.02
11220  6670.68  0.02
11240  6670.68  0.02
11260  6670.68  0.02
11280  6670.68  0.02
11300  6670.68  0.02
11320  6670.68  0.02
11340  6670.68  0.02
11360  6670.68  0.02
11380  6670.68  0.02
11400  6670.68  0.02
11420  6670.68  0.02
11440  6670.68  0.02
11460  6670.68  0.02
11480  6670.68  0.02
11500  6670.68  0.02
11520  6670.68  0.02
11540  6670.68  0.02
11560  6670.68  0.02
11580  6670.68  0.02
11600  6670.68  0.02
11620  6670.68  0.02
11640  6670.68  0.02
11660  6670.68  0.02
11680  6670.68  0.02
11700  6670.68  0.02
11720  6670.68  0.02
11740  6670.68  0.02
11760  6670.68  0.02
11780  6670.68  0.02
11800  6670.68  0.02
11820  6670.68  0.02
11840  6670.68  0.02
11860  6670.68  0.02
11880  6670.68  0.02
11900  6670.68  0.02
11920  6670.68  0.02
11940  6670.68  0.02
11960  6670.68  0.02
11980  6670.68  0.02
12000  6670.68  0.02
12020  6670.68  0.02
12040  6670.68  0.02
12060  6670.68  0.02
12080  6670.68  0.02
12100  6670.68  0.02
12120  6670.68  0.02
12140  6670.68  0.02
12160  6670.68  0.02
12180  6670.68  0.02
12200  6670.68  0.02
12220  6670.68  0.02
12240  6670.68  0.02
12260  6670.68  0.02
12280  6670.68  0.02
12300  6670.68  0.02
12320  6670.68  0.02
12340  6670.68  0.02
12360  6670.68  0.02
12380  6670.68  0.02
12400  6670.68  0.02
12420  6670.68  0.02
12440  6670.68  0.02
12460  6670.68  0.02
12480  6670.68  0.02
12500  6670.68  0.02
12520  6670.68  0.02
12540  6670.68  0.02
12560  6670.68  0.02
12580  6670.68  0.02
12600  6670.68  0.02
12620  6670.68  0.02
12640  6670.68  0.02
12660  6670.68  0.02
12680  6670.68  0.02
12700  6670.68  0.02
12720  6670.68  0.02
12740  6670.68  0.02
12760  6670.68  0.02
12780  6670.68  0.02
12800  6670.68  0.02
12820  6670.68  0.02
12840  6670.68  0.02
12860  6670.68  0.02
12880  6670.68  0.02
12900  6670.68  0.02
12920  6670.68  0.02
12940  6670.68  0.02
12960  6670.68  0.02
12980  6670.68  0.02
13000  6670.68  0.02
13020  6670.68  0.02
13040  6670.68  0.02
13060  6670.68  0.02
13080  6670.68  0.02
13100  6670.68  0.02
13120  6670.68  0.02
13140  6670.68  0.02
13160  6670.68  0.02
13180  6670.68  0.02
13200  6670.68  0.02
13220  6670.68  0.02
13240  6670.68  0.02
13260  6670.68  0.02
13280  6670.68  0.02
13300  6670.68  0.02
13320  6670.68  0.02
13340  6670.68  0.02
13360  6670.68  0.02
13380  6670.68  0.02
13400  6670.68  0.02
13420  6670.68  0.02
13440  6670.68  0.02
13460  6670.68  0.02
13480  6670.68  0.02
13500  6670.68  0.02
13520  6670.68  0.02
13540  6670.68  0.02
13560  6670.68  0.02
13580  6670.68  0.02
13600  6670.68  0.02
13620  6670.68  0.02
13640  6670.68  0.02
13660  6670.68  0.02
13680  6670.68  0.02
13700  6670.68  0.02
13720  6670.68  0.02
13740  6670.68  0.02
13760  6670.68  0.02
13780  6670.68  0.02
13800  6670.68  0.02
13820  6670.68  0.02
13840  6670.68  0.02
13860  6670.68  0.02
13880  6670.68  0.02
13900  6670.68  0.02
13920  6670.68  0.02
13940  6670.68  0.02
13960  6670.68  0.02
13980  6670.68  0.02
14000  6670.68  0.02
14020  6670.68  0.02
14040  6670.68  0.02
14060  6670.68  0.02
14080  6670.68  0.02
14100  6670.68  0.02
14120  6670.68  0.02
14140  6670.68  0.02
14160  6670.68  0.02
14180  6670.68  0.02
14200  6670.68  0.02
14220  6670.68  0.02
14240  6670.68  0.02
14260  6670.68  0.02
14280  6670.68  0.02
14300  6670.68  0.02
14320  6670.68  0.02
14340  6670.68  0.02
14360  6670.68  0.02
14380  6670.68  0.02
14400  6670.68  0.02
14420  6670.68  0.02
14440  6670.68  0.02
14460  6670.68  0.02
14480  6670.68  0.02
14500  6670.68  0.02
14520  6670.68  0.02
14540  6670.68  0.02
14560  6670.68  0.02
14580  6670.68  0.02
14600  6670.68  0.02
14620  6670.68  0.02
14640  6670.68  0.02
14660  6670.68  0.02
14680  6670.68  0.02
14700  6670.68  0.02
14720  6670.68  0.02
14740  6670.68  0.02
14760  6670.68  0.02
14780  6670.68  0.02
14800  6670.68  0.02
14820  6670.68  0.02
14840  6670.68  0.02
14860  6670.68  0.02
14880  6670.68  0.02
14900  6670.68  0.02
14920  6670.68  0.02
14940  6670.68  0.02
14960  6670.68  0.02
14980  6670.68  0.02
